1000 5000 0
687 682 671383848
79 250 743999253
523 696 527454124
135 570 18706804
345 625 247108357
85 837 447155365
270 491 376304665
120 787 971947260
232 327 168757757
820 246 433018118
422 230 160974462
342 533 123737742
504 184 704330833
208 224 168757757
858 192 791155658
305 27 452142718
444 31 425773888
514 2 503165137
517 403 376844354
88 807 83301531
528 585 703617427
792 916 485513173
30 806 135849193
440 322 766789328
55 687 625916633
613 840 100007616
261 952 135849193
971 483 528311402
973 598 83301531
525 781 953779217
738 201 25796563
861 580 54261140
937 371 644774238
770 944 142517072
392 451 248611453
41 469 900769640
982 825 674315841
477 855 295916817
347 286 674315841
871 521 205998898
334 365 857198592
213 150 995221792
494 51 572819131
712 438 93260252
976 32 104611543
315 461 327898171
339 177 708228232
480 29 778532804
165 282 481881124
773 371 230298617
163 46 896705849
396 428 215824119
935 325 371886728
899 293 176136952
509 285 63485930
294 578 388130361
602 833 433369204
407 677 873412158
163 774 770863869
335 819 382613253
528 32 196551964
836 747 787624790
254 231 309580914
350 166 161021412
648 522 148102965
593 133 255015838
872 548 648568174
471 506 694647822
457 408 497562368
648 114 302989937
194 103 726104869
472 493 716491111
574 849 856410366
820 454 361133928
772 475 195585481
794 59 944815438
302 852 365772983
652 736 747651234
745 741 462801912
873 220 678834238
143 875 110457781
839 187 842576881
610 941 400404808
18 24 820325098
475 429 611788472
922 310 216032460
525 798 116530945
958 247 243781486
668 241 390395421
806 564 485513173
778 801 621061287
721 20 37853828
892 221 801523912
665 140 251887706
639 803 365248326
478 431 402870657
679 56 723445000
309 830 806990501
439 332 588717095
562 403 485426899
291 580 200864327
757 374 414383404
885 728 806990501
426 298 588717095
610 724 708228232
848 371 377347480
969 666 582906100
356 315 527454124
86 193 427326721
528 175 681800158
439 490 401847891
96 485 831448034
118 888 658996920
66 714 161413364
785 636 678834238
494 455 259363683
668 255 603886445
771 378 68080784
543 70 543091857
459 414 324716818
325 363 93445648
538 934 725646253
324 323 738502066
93 759 582906100
150 889 31082657
603 635 79524978
432 169 345758006
197 480 447825987
954 528 353754525
801 449 116832629
894 604 222169335
565 867 466583602
895 637 88463789
901 989 883546431
576 245 81002606
2 660 709110982
343 411 433369204
992 399 326218942
824 515 161021412
642 750 591827260
382 476 226775473
161 359 576723695
796 220 934694642
931 656 983212774
627 352 873762470
219 690 396954292
606 205 95263436
520 561 964695638
426 932 370852465
694 539 632873595
746 261 790278118
890 908 49999303
476 566 900769640
454 398 104611543
180 975 559852358
525 814 172289729
12 379 503165137
7 179 953779217
819 867 924109230
34 9 746743698
818 26 129847684
482 550 548346759
353 948 709110982
952 970 402963267
571 463 439501470
493 556 15480414
827 663 140404916
991 524 611684272
400 642 432490965
63 415 294141715
496 724 678834238
806 36 699957915
205 790 633864950
990 475 303370061
136 186 485426899
795 669 750524345
632 74 865897410
685 108 801523912
725 320 747651234
577 865 208049839
139 736 422429904
864 792 396954292
242 444 682548060
48 457 876666650
225 470 302989937
246 671 662734082
784 651 170725634
542 969 247108357
85 39 707090858
769 723 155439802
737 246 11282016
424 61 352055039
345 426 472545250
80 38 220553641
818 903 321127930
151 74 665381501
555 753 529620331
604 742 362326867
349 705 110457781
817 583 865897410
966 524 422429904
938 498 746743698
572 665 665798769
876 243 791958920
124 311 1398772
928 700 95263436
781 569 527454124
205 301 321127930
930 355 543527878
761 267 780494514
131 730 734512894
857 307 56057334
109 3 944815438
485 765 709110982
319 349 345758006
614 481 11699265
322 805 259592993
820 786 964695638
711 228 681800158
533 468 663236851
770 43 19894244
408 12 102765157
150 238 376304665
210 125 476221121
140 156 376304665
436 628 903214548
968 936 826857241
152 222 178017809
269 488 365772983
39 97 263076522
949 367 779496504
462 16 204541895
996 870 942844206
122 119 205998898
471 476 957960793
305 977 84061110
976 198 295637874
409 874 272229894
176 536 805014676
926 701 655679019
824 623 728494817
821 947 625916633
337 92 789032874
662 580 155439802
82 621 248611453
911 384 555923094
765 439 199795307
84 410 554047504
366 496 478943423
902 702 903214548
548 360 806990501
101 590 204466824
549 27 420280787
478 383 753333524
125 296 870355521
49 18 983212774
357 855 377347480
636 891 178008389
192 103 485603590
33 912 92863546
824 788 740855565
976 330 343955823
241 384 903214548
831 144 770863869
315 532 164268793
663 419 319419811
667 330 287571723
70 444 721807313
45 879 760451913
951 928 104611543
636 89 644774238
542 343 580291148
358 931 729756283
775 708 602946107
855 105 129847684
108 915 611788472
462 550 558201074
797 762 161021412
194 592 603886445
769 118 228393478
319 117 842576881
841 940 422515033
712 594 743999253
640 101 350916256
27 350 630393337
308 556 572819131
990 558 255015838
393 423 741398353
731 37 420280787
57 179 709110982
97 705 896219215
883 5 790278118
346 431 472293425
831 386 453863110
517 832 471958158
530 857 196551964
379 680 425773888
865 176 892367141
735 538 452142718
349 162 733193514
84 944 576723695
239 748 276889342
922 993 343955823
821 318 300676361
252 7 735262289
367 512 135849193
310 371 477268209
838 273 665381501
220 921 612886674
841 96 729756283
810 576 572819131
503 650 996008365
970 937 216032460
13 447 380653310
62 240 564460319
262 44 914261420
45 519 585094125
684 126 402870657
140 197 714451541
777 974 485513173
704 138 93445648
170 706 52685850
579 657 186023694
282 328 734512894
899 545 639739904
116 596 800127111
865 838 709110982
644 436 760451913
908 788 208049839
814 189 365248326
294 614 121892362
556 951 204466824
544 650 321127930
553 740 204466824
688 63 170725634
488 107 93445648
820 466 168757757
416 465 309580914
375 125 365104620
626 345 17183452
15 473 221559439
452 823 703761009
579 219 658996920
530 633 37853828
780 973 500283933
863 185 655679019
643 881 678834238
513 406 198977312
995 727 528311402
620 264 900769640
169 776 806990501
96 110 294141715
326 698 371710444
697 502 339283595
706 420 731051304
91 662 726104869
959 857 121467402
843 929 175577277
100 248 798439888
584 487 202188600
303 957 675485076
629 917 88463789
505 711 522621441
999 958 325525245
786 413 562009692
334 98 57153973
307 122 558201074
376 387 866152305
458 276 425773888
674 372 287571723
239 833 892489835
830 796 204541895
295 751 82249605
965 325 408381068
251 393 204466824
949 815 469576998
971 741 983212774
386 464 791155658
381 436 376844354
265 145 681935799
554 391 551468500
560 797 95263436
167 860 852289872
82 462 259304169
928 828 681800158
458 845 427326721
120 823 471958158
586 393 167287444
295 566 743645593
171 972 639739904
409 140 813549405
531 232 137783818
431 609 954423518
868 946 326218942
431 922 690599220
897 976 167287444
683 182 963508477
329 809 621061287
717 863 15480414
753 408 209023963
545 387 806990501
881 367 522406233
315 172 582906100
302 698 514654842
973 414 658996920
214 311 47349600
969 720 218168101
518 828 529620331
832 565 422429904
232 581 410293424
681 566 272229894
373 628 178017809
55 308 621061287
1 8 995362131
7 79 50329048
15 630 410293424
104 890 518043960
127 231 321424343
681 744 699957915
493 621 321127930
501 399 202325267
310 726 995362131
89 40 321127930
946 895 681935799
47 416 425773888
955 887 554047504
237 516 682548060
169 971 205998898
468 678 276889342
89 50 704330833
369 504 396954292
331 541 476221121
95 57 735262289
284 358 337106952
21 64 603886445
845 312 625916633
803 630 104611543
638 265 896705849
573 529 215824119
444 418 747651234
126 943 790278118
530 706 690945256
873 316 665798769
981 63 255015838
307 468 490021677
869 313 2935642
455 904 934694642
475 99 544803844
231 506 383462104
764 516 590860480
720 534 778532804
116 998 259363683
622 65 753355584
322 457 690945256
854 169 592330131
647 178 367104145
715 732 503165137
347 397 370852465
221 878 324716818
179 344 404377392
258 108 452142718
546 422 690599220
391 911 639739904
183 473 642868162
724 628 554047504
510 280 503165137
866 345 380653310
497 481 401580043
41 996 780559332
485 321 287571723
338 212 295637874
567 719 823291981
538 448 663236851
268 141 806990501
552 324 237568614
900 647 588717095
289 296 665381501
368 281 625916633
92 234 422429904
575 270 663236851
347 694 934694642
146 542 953779217
469 651 644774238
328 367 953779217
71 758 446766108
545 871 536800657
942 415 178017809
611 448 954423518
289 467 336996562
587 391 951128014
399 33 15100534
983 221 809733698
102 835 809733698
770 962 485426899
939 484 56078361
128 382 544803844
235 425 826857241
620 58 469576998
474 277 476221121
304 187 83301531
190 923 707090858
802 643 580291148
326 160 728494817
196 628 402870657
97 11 404377392
129 133 869955718
441 248 921388866
552 256 740850813
495 877 220179049
634 26 674315841
157 246 719584661
576 453 574062998
229 551 365772983
401 492 566566957
270 198 104611543
486 527 322648293
259 608 202325267
632 601 433018118
66 86 471958158
927 18 321127930
627 994 233746069
853 179 278450869
538 353 497562368
916 142 550215169
436 280 896705849
608 264 109910397
211 754 567371484
204 260 394425759
770 349 222169335
129 1 143895575
153 63 576723695
298 763 562009692
305 776 764560699
601 859 8648899
299 451 199795307
647 907 319419811
439 714 365772983
730 354 888577736
500 80 104611543
760 650 460900806
88 188 326218942
472 158 742410075
631 152 831448034
380 931 644774238
276 222 674315841
149 857 414383404
205 747 395746781
114 793 856410366
624 347 143895575
28 731 914261420
451 378 845666057
254 752 839413300
287 853 610971195
591 628 690945256
541 367 472545250
388 344 121467402
489 412 708228232
558 862 591827260
223 859 733193514
542 919 56078361
994 163 220553641
811 15 422429904
441 973 728494817
289 829 60171853
605 137 663236851
834 857 963508477
415 340 191019884
210 5 771569420
632 702 843740733
727 946 380653310
97 304 11699265
561 218 200864327
540 499 479141251
76 696 860271569
559 492 478943423
59 985 210114510
548 923 121467402
402 420 110457781
687 113 503165137
955 980 740850813
147 699 277146928
677 229 791155658
269 353 161413364
504 123 959754553
922 653 287571723
805 394 678834238
982 729 914261420
944 882 151265362
294 91 376304665
944 645 707090858
417 1000 92863546
63 877 842576881
226 270 325438896
150 649 485513173
54 39 702266573
436 334 272229894
861 646 170304175
764 385 323224514
610 75 135426450
578 24 522406233
327 616 251887706
500 668 603886445
359 831 789032874
660 424 591827260
628 749 115085325
939 389 687211372
905 76 116530945
227 302 115085325
796 747 951128014
51 584 175577277
445 315 116530945
442 269 259363683
822 484 944815438
435 212 572819131
351 632 702266573
431 26 873762470
140 190 649109573
2 332 813549405
185 767 939950292
243 436 694647822
181 122 191019884
124 434 49999303
373 445 205998898
847 693 883251302
670 173 610971195
816 431 602946107
73 355 259363683
767 799 963508477
851 529 259592993
921 36 703617427
708 843 550215169
141 856 68080784
982 588 297059049
358 450 888577736
14 881 116530945
624 568 903543803
69 730 540580348
846 177 452142718
855 134 88463789
90 591 390395421
283 90 154224459
319 920 310975100
207 869 172289729
415 589 186023694
824 893 505067873
712 676 432490965
232 106 894706507
803 350 566562209
115 380 294141715
412 618 985629642
25 848 168757757
117 683 462801912
463 112 319419811
84 126 176838876
405 583 681935799
257 20 883251302
655 561 31082657
457 163 104611543
910 338 371710444
913 142 429997065
953 717 639739904
673 759 503165137
870 695 752736108
571 901 731051304
985 468 740829652
693 136 321127930
561 793 233746069
677 662 566566957
916 600 633110886
894 842 452142718
422 72 343955823
288 538 472293425
987 955 866152305
838 238 255015838
355 422 322648293
966 21 472293425
87 320 420280787
44 514 186023694
179 266 259592993
464 427 394425759
398 271 937123367
945 975 92863546
927 292 921388866
969 192 731051304
463 274 675485076
263 990 175577277
306 827 555923094
153 582 734473647
317 961 892367141
532 979 721807313
664 92 17183452
313 386 324716818
717 632 780559332
313 224 116832629
67 384 142517072
91 884 83301531
22 308 83301531
70 209 562009692
718 684 528311402
945 806 565328323
316 456 218168101
481 206 365772983
140 437 129847684
996 716 928944823
216 979 402963267
377 148 93260252
344 120 321127930
346 668 19894244
699 674 370852465
731 65 220553641
897 671 648766396
71 700 856410366
181 421 11699265
491 406 248611453
768 800 809733698
162 206 709110982
702 552 658996920
26 212 907631563
653 130 95263436
941 138 806990501
524 317 81002606
258 390 624872809
672 763 894706507
661 667 528311402
146 527 228393478
258 199 15480414
820 925 985629642
236 426 829428157
399 560 678834238
728 743 376844354
519 632 566562209
238 641 580291148
918 962 639739904
928 195 446766108
526 276 422429904
844 278 337106952
167 91 151265362
114 694 971947260
17 235 750524345
846 831 394425759
372 276 326218942
484 110 143895575
9 241 485426899
204 631 325525245
94 445 632873595
886 78 892367141
537 456 471958158
591 314 1398772
899 783 322648293
549 886 704330833
145 13 986404196
404 37 199795307
255 251 644774238
254 650 429997065
854 507 170304175
453 297 842576881
535 600 82249605
3 163 922507493
277 995 226775473
125 739 404377392
102 766 714451541
337 692 873762470
661 27 440153582
862 547 567371484
583 707 452142718
279 689 811066226
8 549 573859607
985 370 128427484
165 867 17183452
894 788 590860480
796 282 741398353
995 442 251887706
659 259 954423518
272 376 980194827
873 135 476221121
712 791 161021412
111 365 93445648
650 164 56057334
887 479 503165137
424 782 230298617
663 792 536800657
826 784 297059049
804 986 642279210
203 805 733193514
622 864 204341565
635 632 218374834
174 982 611788472
659 285 980791496
507 357 540580348
349 217 960872265
751 757 168757757
358 287 259363683
42 807 649109573
94 887 186023694
430 746 867862040
889 88 954423518
778 677 671383848
927 972 574062998
240 985 205998898
90 428 791155658
143 803 655679019
691 413 343955823
40 458 365772983
684 389 664731757
805 50 433369204
741 87 36269529
400 825 15480414
942 993 100007616
57 155 648568174
702 599 295637874
880 813 310975100
150 690 362326867
924 186 438933385
164 258 671383848
31 322 36269529
417 294 576723695
385 722 380653310
57 211 826857241
820 844 829428157
583 686 997929849
567 951 725646253
466 249 500283933
334 375 731051304
191 741 753145801
241 720 95263436
315 553 81002606
502 479 716491111
356 622 338107034
511 398 11282016
275 623 518043960
679 909 836613772
468 257 295916817
337 759 873762470
791 850 54261140
898 259 129847684
851 119 566566957
215 602 447825987
734 336 963508477
813 613 148102965
397 23 325525245
762 984 93445648
453 476 808920544
244 132 17183452
11 4 49999303
908 84 665381501
607 173 602946107
77 150 573859607
675 924 15480414
325 632 928944823
412 957 811066226
909 981 964695638
455 409 216032460
852 294 220179049
795 12 49999303
855 997 721807313
670 371 986404196
448 717 175577277
658 256 876666650
723 687 682548060
392 439 572819131
724 434 410434147
605 411 168757757
418 998 209023963
115 967 582906100
88 60 771569420
345 53 339283595
109 460 841743080
755 403 259592993
300 683 161021412
474 470 54261140
129 594 629297334
925 892 980791496
433 178 841743080
377 506 735262289
19 976 287571723
729 954 84061110
118 348 522621441
978 456 178017809
932 833 983212774
375 395 420280787
841 168 82249605
526 399 52685850
550 200 630730512
710 333 707090858
967 629 370042248
134 732 104611543
406 361 735262289
728 615 937123367
956 172 453841550
701 997 370042248
628 319 15480414
830 360 903214548
617 675 370852465
337 940 872211435
10 237 398207877
447 979 723445000
333 563 865374979
472 183 806990501
405 806 172289729
130 499 674315841
430 281 414383404
563 212 56057334
341 10 17183452
858 906 729756283
201 571 551468500
634 687 591827260
83 481 478943423
412 209 143895575
831 808 558188427
749 136 924109230
922 429 18706804
994 508 195585481
986 507 664731757
251 159 876666650
557 774 499343531
393 728 233746069
964 806 128427484
387 91 707090858
657 999 178008389
371 52 806990501
443 442 703761009
237 82 161021412
279 593 934410484
959 865 371710444
571 194 726104869
478 6 540580348
81 265 944815438
149 730 986404196
507 446 771569420
84 748 690945256
349 264 93445648
66 779 644774238
123 313 522621441
302 416 585094125
988 882 937123367
892 141 272229894
427 960 352055039
809 99 1398772
64 628 367104145
48 756 558201074
940 154 548346759
733 476 432490965
713 424 968964984
406 612 662734082
364 173 566562209
947 565 277146928
51 35 980194827
675 734 522406233
50 290 302989937
551 933 644774238
880 654 432490965
655 969 548346759
308 807 414383404
505 454 485426899
48 814 770863869
285 619 939950292
454 812 836613772
637 768 621061287
950 714 707090858
68 426 734512894
132 654 723445000
599 492 671383848
178 141 592330131
818 304 590860480
640 322 518043960
402 761 664731757
635 708 826857241
36 708 934410484
121 995 726104869
896 481 892367141
943 766 642655474
100 955 558188427
703 190 716491111
846 253 155439802
358 362 62802226
595 242 752736108
815 789 466583602
781 425 753355584
579 756 805014676
982 597 633864950
422 709 753553546
287 683 83301531
36 375 79524978
696 108 896219215
844 936 937123367
654 649 791155658
651 389 900769640
531 186 11699265
963 855 42575156
322 736 630730512
615 233 866152305
224 169 210114510
199 500 954423518
974 813 585094125
849 295 401580043
912 202 865897410
914 270 432490965
422 919 808920544
498 976 135426450
730 565 998913273
707 718 999289508
788 795 88463789
945 989 998122226
101 131 154224459
271 196 998945745
652 454 998370444
100 548 998768385
983 736 287255781
736 592 998972621
679 345 997959134
712 929 999676752
959 885 674315841
839 557 998283887
896 542 997935225
311 940 319419811
47 262 377347480
737 600 998739936
998 922 998020760
522 499 997996974
392 584 998137220
904 654 997930015
573 432 999349875
885 849 998822222
739 878 49477281
287 927 998037683
951 943 998497463
531 238 162801958
546 327 998521285
302 731 998424875
803 686 998912732
910 968 998081851
838 844 998630767
891 969 999161597
807 774 999719492
958 965 462716331
1000 948 433018118
689 551 998807305
997 973 999206549
785 762 954423518
925 483 998946475
221 299 471958158
989 996 999042936
801 718 998072199
417 223 200864327
679 351 999179997
445 275 999230587
978 888 209023963
918 803 998751065
986 968 998159212
1000 979 998386079
828 524 998715453
598 967 998480715
584 359 440153582
991 994 999952181
4 980 998503495
355 112 997939817
698 801 998144628
931 794 999837477
668 988 999901384
674 505 999886089
220 882 998211765
184 13 998832131
636 885 998880070
774 624 395746781
613 438 998297797
797 733 543527878
927 964 963049061
421 626 209195045
315 325 999213973
970 792 998179566
309 124 999746477
479 609 999379580
757 725 998520862
361 131 998156282
372 941 999124990
272 254 572819131
914 960 998026656
816 925 999412556
281 150 999717558
641 773 196551964
659 738 999130071
572 434 999881642
296 23 998157465
754 775 999205757
313 786 998540098
958 929 998988039
649 961 999723078
834 814 998312936
814 855 121892362
441 563 999140284
397 231 999710745
140 244 999638176
334 780 999188897
497 267 999050612
58 296 998326438
967 963 997980517
88 911 999927900
614 609 995362131
289 920 243781486
483 543 18706804
302 371 998497373
890 149 999828065
566 726 998610662
841 667 999582011
714 267 998700299
964 639 843740733
933 462 998738347
527 543 998947966
932 244 591827260
266 249 999783299
792 606 999256032
135 958 998154197
438 279 865374979
516 249 999789534
802 975 998578108
24 199 999753125
901 247 999001171
585 981 998096780
918 880 999607670
898 934 998847086
811 633 999822891
536 474 998181465
634 862 999689780
993 789 998165983
857 545 998968080
867 369 422429904
822 620 152377449
87 196 998794334
994 831 998249955
584 475 233746069
462 588 998323437
674 791 997945654
392 975 999874497
548 750 708228232
497 523 999762302
935 491 998313153
656 594 998023520
742 339 999143768
96 249 873412158
892 355 998103463
463 130 998254905
978 813 998719003
991 462 998556834
473 225 999858545
570 935 998257955
580 918 999385640
155 657 998717605
65 353 999591197
112 904 999081540
806 924 998920166
755 104 998500481
793 570 230100649
910 899 951128014
777 812 998602896
592 545 998978122
669 697 998178457
499 411 81002606
734 577 999715786
684 929 999789923
261 701 811066226
84 475 998924847
411 619 998137675
905 811 998368367
835 364 998849990
954 818 321127930
745 813 999991404
950 314 998441579
272 292 998433320
975 893 999161419
824 889 999686140
680 29 896219215
169 686 999868476
813 609 243781486
896 320 999798959
230 994 998765530
785 740 998598382
143 706 693148048
698 800 998523861
345 324 998265072
149 895 999842665
303 447 998401100
929 255 998455305
463 29 998383381
829 925 176136952
906 969 999476610
714 899 998286790
897 909 998048418
473 572 998694708
355 775 999046271
886 952 998235032
824 370 998051867
343 895 998835777
570 930 999214894
937 40 998512866
686 79 998429535
250 574 999377327
307 810 999602271
928 912 998329815
573 844 999974849
818 545 998010523
981 106 999532666
357 823 998989925
651 987 998456949
726 838 998727324
365 123 302989937
966 681 998449429
697 455 709110982
729 302 209023963
327 735 505067873
752 584 143895575
834 500 999406254
896 273 999004198
160 584 999691083
292 748 999564531
954 857 998595863
702 590 591827260
519 112 728521639
772 59 999192872
413 60 999297183
329 709 999059056
783 940 998701834
310 632 999087765
834 583 999538903
821 216 559852358
556 899 999969570
885 904 998702253
40 707 998089020
693 793 999761838
460 142 997985101
778 8 999290414
893 931 998651873
935 958 999922485
162 274 999281031
486 96 998344216
359 475 998403513
45 715 999988798
982 872 518901358
873 148 998962135
954 926 999671813
807 629 466583602
686 884 998504853
706 841 998250113
851 855 446766108
32 324 427326721
808 1000 999746240
773 748 999511012
948 973 612886674
726 501 999959210
455 543 998678392
327 488 998820262
994 998 998203947
558 436 999598065
978 964 998908828
547 456 999519473
992 826 998167026
249 114 998795086
917 325 998633992
151 583 999763954
175 284 729756283
542 465 998909935
860 692 998655285
464 271 56078361
861 623 998784556
23 314 999841762
350 835 997960370
985 966 999591462
989 920 999758808
721 76 820325098
721 321 999850802
656 29 999616663
917 850 68080784
982 246 56078361
940 368 999078410
874 890 999927673
981 362 998370917
513 304 998827062
160 747 998037168
961 977 997945105
961 945 999811719
875 946 999473995
953 394 998947813
927 866 233746069
206 115 869955718
749 563 999502486
978 127 999018021
561 806 839413300
838 621 998653650
878 934 999869589
880 419 999840267
772 161 642868162
4 99 998650721
203 637 998427287
634 696 778532804
183 717 998447981
641 476 678834238
151 741 998932351
996 985 999117765
346 62 999671338
931 959 998843350
450 310 414383404
506 788 998259370
888 540 998964173
983 881 998754816
126 883 999118406
751 803 413383031
350 828 999544662
94 600 999980720
613 957 998862953
568 882 779496504
656 770 900769640
897 910 998747410
722 897 999718636
998 291 999960871
917 942 999087044
659 910 998906342
519 624 998619912
288 17 998053541
115 925 999401199
397 419 999183473
977 933 999650648
237 704 725245774
482 430 528311402
840 782 998999214
543 124 999010777
789 834 218168101
717 418 999724103
973 996 998859327
636 121 999395472
57 691 998910220
500 997 999523276
761 501 999392129
495 793 998272627
601 629 999941540
185 406 605708522
579 910 998761357
846 926 200864327
333 314 998849213
292 208 999597837
920 990 998043725
421 391 999195201
949 962 170304175
627 917 845666057
929 672 999499346
956 949 998403349
326 428 998739402
272 960 999476783
653 964 999849344
758 542 998558137
1000 965 558188427
335 782 665381501
46 433 999192422
894 870 999363175
923 593 998714358
667 343 999870812
987 587 998337657
788 872 999868967
948 791 999325250
901 359 998855222
407 424 610971195
721 664 997970052
911 951 998009665
792 902 370852465
981 934 998376192
242 534 998719989
458 516 999732637
280 325 999710412
573 669 998758391
405 150 998343661
936 678 999246757
708 601 559852358
186 330 998690889
951 819 998849550
162 264 999706006
401 453 998877366
502 798 999503116
857 644 999743609
670 475 999981291
944 987 999527279
911 931 999789657
944 129 998282776
857 818 551468500
587 890 998990620
64 183 998233431
259 286 998739632
916 953 999573034
857 269 295916817
661 173 997951425
674 156 999006596
906 888 410434147
810 876 49999303
886 888 999717420
307 362 999687825
695 855 866152305
883 104 997932230
968 982 556334308
839 419 999537695
960 941 869955718
563 836 997997016
814 913 999370917
165 716 999041237
726 963 259592993
845 507 998531625
681 179 629297334
953 976 998275310
775 123 998585208
57 307 998537258
688 409 998117992
133 369 999792819
820 794 999701873
298 308 997992036
994 982 999195888
676 979 998137557
778 898 998494200
54 779 998587557
251 284 999934041
70 235 998774237
909 824 999168373
796 946 999360129
978 899 998123672
436 182 753553546
515 700 462801912
511 719 993205300
350 472 998124837
305 870 999375329
365 813 999149219
954 974 998919037
962 454 999837556
607 777 997999970
848 811 998748420
959 964 998885894
839 399 370852465
184 766 999243301
784 748 998083058
975 108 953779217
930 711 497562368
679 936 999297788
991 826 999844786
636 955 921388866
78 373 998053038
979 933 998566313
405 924 998161958
805 900 998484289
181 939 998776073
708 592 999767898
967 965 998198615
964 874 404377392
54 120 997933753
530 1000 998530012
616 239 725245774
928 904 550215169
18 546 999598043
993 892 998398661
259 855 228393478
892 74 999172161
969 606 998932161
561 864 999394115
879 926 998455171
324 502 999862886
830 878 321424343
536 824 559852358
515 81 970951273
351 301 999316045
811 816 998233821
550 357 922488043
296 834 999584857
117 339 999250541
844 57 998878665
992 877 998184527
124 104 999157684
988 943 998632219
187 539 999808754
968 964 998897513
833 276 999528463
981 992 999530082
814 977 413383031
777 730 226775473
558 567 999313689
861 876 999557214
131 274 999169731
291 711 999645386
933 932 382613253
872 976 997939628
903 908 998325579
963 966 997969568
80 859 999579177
556 856 999259513
853 875 999009286
804 863 998450738
440 242 999837893
706 675 128427484
989 998 998852339
908 983 295916817
271 839 323224514
490 962 998489930
918 952 998942023
655 409 998736559
42 999 998725028
724 670 998366332
477 628 998683978
819 840 998760947
720 390 998948282
257 638 999383995
926 790 725245774
284 555 998281210
941 935 999337083
242 777 999827024
963 908 999519287
272 507 998779409
301 660 998797957
902 945 998567142
408 81 998549721
687 891 237568614
882 828 998184743
807 954 999469056
74 590 998934013
212 393 998833692
322 814 998780043
755 856 998774112
342 450 998958884
102 943 997986897
983 897 999958687
33 996 999270124
352 501 999566848
91 603 998975812
914 990 999654530
90 717 999045270
456 484 998450028
475 212 998178093
791 1000 829428157
881 991 477268209
601 121 998588653
421 744 626605041
905 163 999447197
935 658 999943332
2 801 999913948
841 745 365248326
603 742 998881409
856 181 999953477
923 976 413383031
708 467 999470389
850 819 999669108
421 867 999578728
544 97 998363199
8 798 998626879
898 940 779496504
672 795 998962327
735 300 997954369
821 865 998387072
995 964 998105084
593 441 998225845
824 510 998743960
956 304 204466824
701 398 998213677
22 454 998716134
203 227 998370657
981 967 16125928
931 643 999911237
345 497 826857241
898 386 703761009
519 594 999871333
533 818 998086438
699 645 998960938
605 786 998631301
588 181 998100156
922 893 999831937
551 821 25796563
375 793 998003071
906 715 999533634
624 591 872211435
640 50 998957108
13 830 998265870
63 174 999013487
976 986 491007666
814 960 998598730
157 819 16125928
73 277 998974776
742 285 857080426
276 819 998487650
975 880 998404535
924 651 466583602
859 759 999252062
418 840 998810785
222 538 999918794
766 899 121892362
844 850 999841938
999 991 999445938
265 817 998438019
533 969 999917215
67 920 999915911
152 528 998028703
967 293 176136952
720 782 361133928
412 182 999920862
398 132 999390120
462 859 999214853
46 311 998000652
556 529 999816473
475 24 998379211
193 199 998322170
269 697 998702570
737 766 550215169
70 410 998809454
493 942 998655033
420 560 999175080
869 867 998891850
224 154 999180365
991 471 999180431
577 944 999539099
602 267 999847908
924 208 999353087
680 425 998421705
376 584 998903499
649 196 998468110
750 586 999226407
510 846 453841550
402 652 999489660
680 329 999015141
861 153 998407844
868 847 998944999
946 994 998705737
874 919 999195905
727 842 999276079
335 323 998222229
401 281 998617233
521 664 999923812
178 958 999104311
726 114 999765847
786 201 998408287
796 737 725646253
992 925 999426566
889 888 999529860
905 957 999622535
333 282 999592328
720 691 997990267
198 330 999322997
395 224 998055317
117 856 999215730
690 106 999970926
315 342 998106263
489 375 999525896
508 684 999471427
804 869 999738038
988 923 15100534
21 483 140404916
807 799 998987293
671 940 998919699
426 668 998934437
221 831 999719101
881 974 997930969
101 741 998968560
740 97 202325267
558 713 550215169
436 536 999641779
610 363 999424545
982 953 999754665
593 760 999443877
827 802 999311503
793 540 999683966
767 629 18706804
833 863 277146928
236 507 998971039
159 692 999895973
614 768 997929849
488 951 998479747
296 555 998844204
876 922 999966565
787 977 999368732
689 4 998709297
760 911 867862040
293 964 518043960
539 605 998776789
844 437 998759871
886 919 998837976
56 662 998944955
281 879 998976874
277 590 738502066
164 518 999480614
979 947 998149596
985 959 54261140
33 868 999732508
633 691 997969191
883 961 999876399
631 633 999359146
290 794 247108357
449 915 999520984
985 618 998137835
517 909 110457781
472 461 276889342
821 369 831448034
816 928 56057334
940 987 999244106
872 898 998300445
996 612 998731650
528 813 999664574
918 876 168400480
187 717 999300948
79 538 999563172
667 289 243781486
795 805 999444144
206 645 999912394
844 963 999191726
802 726 998079072
934 913 998688543
281 58 883546431
975 406 998986974
440 182 998491295
603 112 999959097
958 892 998073477
809 933 999662541
616 159 997946811
636 941 998701764
837 941 999321918
290 45 998015613
674 657 998629782
999 661 999495199
456 587 999844953
503 385 998869601
203 249 999297809
816 7 999197413
615 3 998161637
687 912 999264275
818 218 998026829
964 489 641121780
946 661 998041788
436 971 999635615
894 304 998516759
528 423 999069879
584 807 628330795
934 896 998769804
258 286 60171853
591 981 998744262
977 979 998124519
992 700 998486223
879 934 999803064
454 353 998354513
248 458 999445667
987 1000 998788121
948 849 999812001
232 225 998491799
225 78 998095998
889 425 999986596
357 662 998215802
990 999 204541895
773 353 998551512
768 896 998725890
766 224 876666650
957 965 999172020
989 983 999265542
916 926 896219215
710 684 998084266
658 865 999845376
924 505 491007666
763 680 999701666
490 420 999335751
610 482 997991720
848 630 942844206
69 608 999003984
724 875 998553466
552 772 999099728
808 752 998779057
799 749 998817990
700 360 999949381
515 877 518901358
343 551 371710444
631 405 999854818
783 874 997969858
976 364 999102982
907 841 999320493
524 633 8648899
11 642 998868054
467 342 997989033
841 497 997995148
982 985 998145262
846 970 998968741
944 980 998879996
13 624 999525070
523 725 998351840
774 378 998647914
966 946 999567834
303 615 998140233
382 938 687211372
926 484 522621441
666 481 998074727
868 795 998773160
698 602 999670349
69 995 999662819
549 804 422429904
630 985 191019884
385 542 998634313
998 885 550215169
177 508 998636843
600 669 998584530
539 966 999279187
527 931 998583390
608 496 999510075
854 895 998890689
472 575 998785037
513 673 813549405
142 438 998074016
414 782 999081607
558 352 999901331
777 702 999509364
867 938 376844354
714 999 998531398
41 393 999613031
237 128 999766670
405 515 471958158
490 334 462801912
59 395 998267566
736 179 896705849
392 837 36269529
955 946 999547789
275 574 998112060
282 207 999233682
192 177 999021875
745 853 999844985
740 977 998667426
241 335 998570514
78 218 999469841
119 275 740829652
623 149 998695382
904 940 998543587
273 478 999656709
989 830 999910749
158 970 998868379
134 185 998458588
245 246 998368610
315 80 205998898
860 924 56078361
850 898 998990139
529 280 998982031
492 670 999962827
843 992 137783818
851 899 325525245
916 988 998428087
340 822 998241473
187 743 998965129
649 445 998935432
103 457 116530945
812 940 998135428
808 751 998419834
954 698 999708690
81 710 997937825
672 870 998627858
458 47 999563372
40 982 999046756
955 233 999816022
997 44 205998898
311 350 999634045
942 874 999327371
970 761 999393318
806 378 999032692
437 524 999588820
976 759 999964212
662 609 999642322
534 162 353754525
327 617 128427484
976 808 999556522
861 764 452142718
536 489 999502096
1000 708 999406916
123 866 693148048
719 620 967682072
882 863 999629777
222 458 998626502
722 936 999990268
628 957 999669923
938 861 998890675
693 863 805014676
848 963 997992261
962 893 999397000
953 974 998886487
819 848 999000439
713 382 999959570
185 854 998877737
619 717 999759129
233 687 999858392
986 261 999133091
956 355 999240822
985 822 999094838
440 620 999483674
786 97 999999699
260 120 999419781
976 886 998056287
428 453 999366454
299 156 199795307
856 471 999543029
679 267 998772923
739 991 998737563
920 873 251887706
721 896 999216994
946 941 536800657
882 937 998608759
888 542 998082294
852 549 999596148
961 981 998924568
999 948 999124206
599 436 999342757
77 324 999815220
685 944 999766994
992 714 998238478
949 416 140404916
902 963 999286930
909 731 999716430
633 257 999479389
802 899 999304846
702 351 999963725
573 111 999821334
477 171 998031158
954 702 999497575
937 306 998859335
148 115 998065996
472 272 999650670
47 291 998413367
657 959 998676537
367 378 999788054
833 450 999988144
692 929 485426899
972 851 998362915
770 906 998074253
840 961 998107532
240 546 998148034
558 754 485426899
51 593 997947122
104 875 998692835
358 84 999061805
701 113 999025590
913 900 998229951
664 741 999905181
800 912 998267359
198 77 999924669
577 640 998434740
607 922 550215169
478 384 998883141
318 286 999350518
896 241 998638147
896 924 998773965
643 848 999343800
411 635 999315312
364 629 998393958
990 736 999907803
212 50 999378509
728 905 999482567
749 997 402870657
498 600 554091442
179 997 998360518
939 876 998595898
773 83 429997065
785 952 998270254
765 819 999475742
7 759 998707396
877 201 998518483
972 992 999304334
430 476 998205899
694 384 999615867
633 627 999256411
443 518 998484108
891 999 998257619
843 902 287571723
911 928 998873153
695 360 998035387
984 398 999870826
663 599 999166024
628 693 209195045
858 994 998414831
891 976 998249282
852 853 998451311
986 251 864869736
528 984 998588970
117 456 999297204
750 981 452142718
52 526 999184119
100 937 998539159
886 879 999242543
739 921 255015838
931 973 998560994
979 401 999060607
711 954 999415497
579 639 998378492
493 880 998900788
992 990 999803666
21 11 998195460
485 597 999178269
966 691 998846285
700 148 515790918
518 498 998518246
512 800 998235098
692 785 998759610
899 587 998857186
768 921 999876176
996 30 998634530
129 476 998784122
829 995 255015838
743 807 998734044
84 611 998121135
780 869 427326721
329 617 999212937
131 770 998234041
356 462 998751300
635 963 17183452
980 706 371710444
644 806 999666786
831 815 998086577
422 784 999775247
942 984 528311402
429 607 998651730
844 596 999150778
992 665 295916817
305 160 998875299
572 462 338107034
736 703 703761009
841 285 287255781
33 610 999068770
657 772 999606855
881 925 999415895
761 889 999610960
779 519 639739904
788 689 999823953
479 776 999374220
474 921 999329384
992 937 998135043
874 951 663236851
102 565 288135269
980 874 998530111
527 408 999290784
991 456 998673819
709 196 641121780
666 786 999983056
764 960 998341276
632 733 998598600
268 381 999033530
837 1000 998089736
570 811 998247469
992 595 998999682
569 889 998162498
113 193 999629957
409 104 999628157
409 184 998019225
942 711 999964269
250 465 998518072
72 212 999934178
171 268 998265130
405 309 931227761
721 728 999182384
661 783 998520174
83 717 998270529
697 903 998061781
903 295 999157627
974 983 999698793
142 776 986404196
54 219 559790981
140 439 998579894
475 463 998768924
74 191 999930555
667 734 999320421
794 627 998928808
695 614 998953014
788 853 999435198
757 390 999411172
741 900 999953704
476 282 998052753
403 434 997987359
720 258 998905061
840 282 998426341
759 750 999906329
283 744 998965085
925 977 999529630
591 636 999985478
952 659 998477631
735 939 664731757
863 994 999551165
529 645 999024456
685 144 624872809
633 801 999900508
625 425 997973879
669 561 999875859
609 747 998831573
739 599 998072267
82 478 999475898
689 675 998389132
296 308 998532294
930 468 998491994
416 792 998671141
469 403 998812476
559 59 998670299
96 956 999812412
492 872 998320991
717 930 999209430
701 878 997954200
896 437 999193807
668 662 999377274
655 769 998499072
603 48 996008365
994 443 998566520
667 416 999903665
591 311 998378361
315 872 999267771
730 899 998799063
522 699 998293401
566 151 998533720
725 142 999222898
683 611 999147711
924 695 798439888
831 764 170304175
631 702 999498644
808 869 999857203
731 743 999515897
993 998 998314815
764 491 998583358
621 916 998213140
6 78 998468017
973 830 998090716
850 793 999432583
519 671 998067925
586 410 998582484
463 786 998563312
915 897 998871145
997 563 998888983
309 74 999770452
959 922 999159262
825 669 998302604
993 814 998315998
806 642 999940843
978 981 997953939
365 656 999489316
578 408 687211372
516 939 999380635
426 90 362326867
590 869 998691721
985 563 999148606
71 946 998918028
506 894 998778272
604 947 611684272
406 970 999918257
924 892 690599220
496 82 998537747
478 573 998894823
486 917 998347220
966 697 999530967
333 454 999183088
773 809 367104145
946 957 999355832
324 578 998847357
358 577 999193899
794 581 999884390
168 179 998386871
126 997 998652312
846 782 998105124
393 265 998203601
663 834 998403874
164 588 135849193
955 101 999729542
915 973 738502066
892 891 998188960
51 373 999962617
871 788 998327416
880 760 999503986
360 123 998948159
815 758 367104145
885 824 998561001
542 427 998202117
285 364 998842329
887 209 998877453
824 278 998548994
370 677 999192338
803 858 999016502
774 177 999632039
356 860 478943423
377 772 998091442
775 795 998008872
604 722 999850597
499 338 277146928
998 979 998484292
843 890 998848797
660 917 562009692
980 998 276889342
999 475 998213893
700 588 999805969
74 713 998689474
756 910 999663360
837 771 999745397
540 985 997951272
509 442 876666650
412 522 999077778
618 759 998315926
745 849 998165811
863 32 999671484
501 490 999165406
722 887 998868512
733 905 998714677
361 625 743645593
7 555 998029844
624 866 997940949
982 834 999481560
976 532 590860480
690 704 999379869
999 992 999268613
994 978 998074009
903 973 999485261
784 521 999384794
620 345 999583182
747 660 999048131
987 848 998384370
962 507 998679760
997 928 997993433
740 929 999705618
534 920 999608379
963 491 999405008
609 841 998033176
731 485 633864950
324 293 998637057
907 747 999593238
945 796 998477353
206 639 205998898
921 512 998806035
770 600 999561054
124 160 999815565
517 689 999064821
598 645 997938381
284 688 462801912
61 749 998959883
290 958 999148561
844 636 999535519
66 671 999413800
805 269 998530457
628 215 999894697
419 647 998174297
171 898 999255536
790 476 660140348
774 863 999985865
698 156 831448034
963 923 998782763
648 541 999209028
770 509 971947260
367 524 999055903
380 396 999465565
907 986 999701404
662 606 998774799
803 955 914261420
888 962 999551644
978 967 226775473
953 641 998253701
775 545 995221792
570 619 186023694
228 382 924109230
554 831 998726367
993 997 999531803
993 963 998956977
360 455 999104648
185 310 999282640
379 928 998691262
836 847 876666650
533 935 580291148
559 140 998904051
743 869 998624104
907 858 998443719
518 906 998704265
971 996 998871259
14 494 998442582
991 861 999556848
691 979 998660589
92 799 297059049
887 948 998013474
332 618 998656009
13 985 999404086
813 78 999574514
842 247 980194827
188 183 998555413
418 204 999736721
217 111 903543803
249 437 522406233
979 860 998984226
813 625 998109786
931 789 999942615
966 954 594033393
798 31 998729855
772 670 999491792
438 487 999444804
365 628 998483856
368 721 999191959
943 976 997974322
734 694 999440479
479 158 25796563
459 788 998767379
956 868 789032874
420 492 536800657
632 600 998456678
841 800 999698658
101 670 999129017
668 853 998220541
663 567 999850146
981 980 999156248
896 984 998154531
799 390 998541336
243 735 998662745
839 910 57153973
702 655 998706166
861 988 788490198
685 493 998542022
868 406 999375419
722 834 999186259
793 124 453841550
246 799 998367795
633 263 999228310
441 990 998819460
850 429 999787149
334 359 999364863
975 967 999129424
612 217 999188451
440 703 674315841
865 857 629297334
153 530 999054996
998 985 999851941
940 863 998721656
840 284 999455316
853 839 998419326
292 141 999994448
535 682 998497155
725 706 998535747
720 961 303370061
619 580 998359334
947 966 327898171
782 406 394425759
982 975 998836793
198 74 999820124
895 896 371886728
681 793 998945665
582 679 997979956
675 605 422515033
421 924 733193514
527 448 998858939
907 988 998952572
743 949 998774929
500 894 999155436
584 683 839413300
941 895 999660710
928 781 999013346
721 426 998581126
241 536 791958920
349 243 998923283
122 387 894706507
390 282 999389111
112 95 999727736
800 769 939950292
408 619 998066862
279 13 960872265
995 274 998504036
442 452 998059170
555 617 999842800
340 827 999094648
719 687 998847976
948 258 999169419
658 740 999877535
428 450 937123367
388 615 998445333
180 527 490713050
754 941 842576881
960 232 999408577
504 440 998718915
967 800 702266573
116 990 998691496
426 760 999267859
24 941 999980935
891 781 999778501
85 375 998651736
974 894 934410484
253 747 999302349
254 916 997949691
486 480 998695348
479 172 998653230
991 993 999826810
967 984 998365180
557 25 999242869
754 61 999917470
836 472 998383501
763 758 998107880
955 775 998991046
545 289 999151071
1000 938 998188084
972 550 999411868
188 674 998619889
442 310 998214263
790 771 998979705
516 896 11699265
997 773 999787350
140 668 999730339
547 182 998201614
173 525 998230632
497 922 719584661
224 858 998021209
526 18 548346759
454 356 998849235
741 428 998801903
531 850 429997065
860 538 998994621
710 695 999610198
360 605 999899569
992 897 999547529
658 477 998473924
954 932 998069201
660 570 999310360
356 580 998968821
180 484 998299637
80 491 325438896
852 652 999156246
947 904 800127111
149 865 998217997
979 811 999724474
5 684 999407837
945 393 997949172
930 981 998141284
549 698 999715648
848 429 999111655
626 442 998105625
957 104 625916633
779 514 998110458
28 838 998717091
425 571 998126962
81 194 998914139
72 712 999692725
812 924 999263172
879 477 998703119
14 531 998130008
936 995 999235249
948 690 999591854
569 819 998125947
656 406 999992186
934 983 922488043
291 912 998960135
636 654 413383031
968 954 998707458
252 437 998391017
319 99 998150111
452 860 999891249
468 501 999075906
801 980 999607055
990 904 998370767
556 537 999798312
511 49 999323490
879 891 998962387
247 396 998382427
999 839 998998872
533 663 998421164
500 745 998284743
796 964 998038645
487 649 148102965
852 664 999609955
358 752 999705102
430 214 999778276
636 383 998922801
493 580 999386155
813 410 740850813
986 271 682548060
226 375 998481350
863 710 791155658
896 412 998318199
128 834 300676361
921 956 998726942
943 300 998804922
640 684 998490414
116 676 998271836
41 438 787624790
865 316 998918701
626 295 999010880
481 325 998284347
161 990 999587795
452 90 999141010
360 337 999366360
756 998 999980910
667 698 998517880
262 247 999956070
782 56 836613772
30 563 998756185
684 829 998439077
665 476 998265020
885 781 287571723
676 465 999335739
922 564 998890030
458 785 998067549
763 308 999396582
442 130 999682198
300 524 997965863
561 222 998530969
974 862 999462201
939 487 999952685
867 760 998086484
508 725 999324633
905 966 603886445
821 924 999791652
910 291 93445648
293 423 999463102
600 763 998338880
179 96 999962916
963 23 999557991
819 921 999144107
934 985 998303224
191 281 998683399
914 794 998995145
387 674 998419679
462 694 380653310
902 811 998094308
959 442 998696891
147 606 999001685
872 919 999086707
876 673 998235286
629 193 999035357
529 890 921388866
397 539 354767730
727 945 999333405
407 866 998554443
955 986 999642064
580 787 303370061
886 868 999233988
276 170 999307420
1000 969 999994317
957 741 999671973
279 934 999617599
960 179 693148048
112 654 999249758
685 962 380653310
160 252 999093161
195 829 997968322
933 163 998367373
743 564 209195045
903 240 999831545
898 606 999680857
885 814 998081924
134 865 998133529
155 885 999774110
232 533 999681080
744 516 109910397
766 830 998570149
973 998 999292990
833 759 999664101
830 785 997934305
959 911 999351886
479 604 999790851
868 826 998020710
983 813 998468850
106 320 998919847
285 791 999465243
292 772 998549179
703 622 998023846
998 1000 999764471
628 882 998503584
793 731 699957915
284 296 997931081
15 62 998034681
149 400 998055268
794 356 998667255
964 903 998217800
485 332 999429108
297 831 527454124
699 809 648766396
340 729 998623820
959 897 997940976
623 355 999616721
709 508 998785922
604 756 999620859
90 649 999319141
178 989 999879454
88 294 998332891
547 754 999051254
498 88 999497475
961 465 998946546
917 648 999321095
790 937 998417709
841 884 995362131
118 473 998041043
695 899 999694148
195 276 999816328
483 867 998388592
402 276 690599220
524 774 16125928
958 686 998034883
813 807 208049839
966 969 869955718
988 484 998723197
177 706 998893167
680 478 998454494
870 789 998376722
946 172 725245774
636 892 968964984
912 848 998323467
723 995 998301437
827 13 998837175
512 313 295916817
957 77 999735047
236 308 999637950
873 284 400404808
956 923 999361031
436 801 230298617
538 272 999555208
385 871 998391492
857 684 999113334
191 623 791958920
975 989 998909855
357 884 997975838
823 979 998763980
862 552 999737731
972 966 998556057
435 378 999857723
84 327 999491193
574 38 999215340
840 541 999994236
931 935 998836517
91 669 998274299
337 700 999849939
491 289 998409302
862 882 999299926
914 769 18706804
511 674 998440195
379 450 998068553
60 781 999521428
975 454 998975324
986 984 998318368
215 768 998500258
503 728 998652119
946 653 611788472
553 752 997980473
609 804 998641630
983 554 998360746
406 352 196551964
508 873 999731068
707 829 998405213
796 910 590860480
604 285 999793373
670 774 998796316
996 847 942844206
813 144 567371484
594 872 999055290
244 154 999793367
172 874 995362131
596 232 998115442
948 921 998459695
855 647 999952119
200 415 997950899
699 546 998810455
492 771 998768441
781 352 210114510
516 384 300676361
923 993 160048618
688 462 326218942
413 263 999516641
638 311 999162588
947 990 660140348
569 267 998220701
882 516 999791741
860 518 998129233
989 926 998776421
855 214 998370654
158 275 753355584
722 421 870355521
873 243 998153221
306 832 999859709
564 778 999656478
658 824 999377984
920 921 999381783
953 794 999191584
438 363 999725161
932 685 914261420
988 893 999644239
138 800 999353479
859 681 998784605
923 913 998633356
717 121 998152928
340 878 998942665
78 408 999091323
725 121 921388866
924 962 999820012
955 985 999936597
308 591 999569772
981 969 998140055
470 945 998522967
809 831 644652232
940 852 999041968
161 726 998222556
422 824 999858790
612 585 999989704
28 836 999207137
981 966 999191773
249 86 998313459
511 928 998804634
865 811 999199004
980 353 999158390
380 774 998124932
798 955 998080740
942 825 999253456
975 342 998259234
888 913 999246706
405 361 999974004
1000 942 999820910
823 702 999488467
713 765 998277400
842 957 998145731
875 664 999954082
905 134 801523912
882 759 999083993
692 691 998316858
124 427 997946102
988 644 998630094
890 611 18706804
474 11 999862067
373 737 998585193
993 171 999668794
981 997 998608535
938 21 999749721
897 925 998562593
859 198 998954163
936 539 999664884
514 665 408381068
220 901 574062998
453 436 998094494
972 453 999282277
339 315 999030480
840 781 19894244
676 842 998174684
168 635 998362698
903 716 999875695
228 323 998047190
544 742 998350424
773 952 997938296
135 597 997979909
937 322 940734759
669 882 998442319
812 615 999567323
545 37 999512271
406 319 998850294
347 340 708228232
901 384 999007332
820 755 999913331
967 772 323224514
79 626 999858550
116 444 999605192
308 232 998693059
982 894 216032460
644 618 999385471
722 899 998946851
408 270 998499611
854 862 998233743
207 704 998152381
848 718 999380895
100 198 998513489
738 433 998275789
677 710 999392165
814 972 903543803
919 911 998119348
253 942 999591753
994 886 999297400
235 338 998137020
500 72 998496873
703 669 999162026
492 87 998799994
250 544 998158241
988 985 999689453
938 943 999265662
692 606 998656039
985 193 998488364
685 940 998425852
118 36 605708522
844 793 999154401
577 886 999706608
50 146 999183976
637 206 998746475
903 952 998985321
878 924 995362131
786 900 999588084
931 947 999292734
57 409 998481385
682 459 999872234
334 97 999873479
472 523 998814569
370 301 998936204
327 433 999608845
91 802 999068016
783 795 999982725
807 902 999361300
890 948 529620331
282 545 998371430
392 721 999775222
207 863 999815756
287 106 998092064
507 389 998299554
634 830 998952438
856 894 999244096
971 304 998793853
571 674 999135411
269 273 999997978
262 714 16125928
93 60 999233973
825 799 998677313
498 765 998897922
701 167 155439802
915 705 998502616
133 565 999177749
674 138 934694642
644 858 999113117
972 726 998118736
988 987 999197897
995 986 999511966
736 547 999304568
541 264 999332622
951 225 999510220
831 906 998260515
477 390 998664636
461 752 999098617
723 111 954423518
45 133 999294534
913 99 999675302
269 608 998646563
348 15 998385998
408 69 998746217
888 934 998419207
949 403 999791531
979 995 997941927
144 139 998416299
857 812 999744912
348 372 998805824
823 726 998897135
952 490 999485122
429 835 998917663
980 956 998998266
593 419 866152305
690 572 999948352
6 64 998726075
178 682 302989937
472 701 998809345
846 851 999218650
732 719 999015501
740 582 999911555
939 970 259304169
160 364 999946778
766 711 999951809
230 428 999699455
815 878 999411577
164 337 999211065
832 943 999391169
363 393 999471830
347 768 999074395
696 604 999587906
407 187 198977312
665 538 998438688
812 885 998127356
970 833 999173450
815 809 624872809
777 652 998841811
314 510 681935799
514 641 999021627
639 638 998174350
787 988 556334308
563 328 998544032
509 680 8648899
885 931 998271561
842 614 998632171
418 147 999897466
799 781 999101356
307 591 999542366
549 558 999405581
778 650 998601112
21 443 998939232
347 230 998478763
862 158 999488163
932 838 998480523
740 901 999512115
807 802 999434627
336 149 54261140
814 654 998618580
906 368 999822691
782 319 998657265
823 911 998397654
977 990 999431074
520 635 999745084
716 940 998139893
701 895 865897410
737 760 999936016
642 337 999862919
203 410 999057793
538 50 740829652
340 351 998802757
973 993 998133942
653 92 997994445
991 532 740829652
597 527 999984485
949 297 998409278
731 673 789032874
987 930 999324016
436 562 999370629
606 257 998846040
935 997 178017809
971 979 81002606
966 833 629297334
291 825 999401112
938 963 999500331
560 395 999919588
723 499 998760776
984 985 383462104
894 876 999000701
936 956 999611136
973 930 999786463
710 301 780559332
790 752 998693040
855 328 999523942
925 568 998959022
652 971 585094125
200 894 413334698
22 920 999466667
659 681 998343740
378 513 999594148
219 405 999592328
924 932 199795307
631 641 999955218
491 948 716491111
916 447 999675598
569 550 998017241
978 61 999237307
426 348 998463482
869 920 36269529
803 634 999525148
865 812 999463042
923 187 559852358
785 812 999284780
917 422 401847891
458 583 998021245
817 336 998187270
712 696 999242559
492 660 999690355
910 902 305692911
342 510 999029327
948 909 914261420
531 700 998701885
84 293 998116576
921 855 998115519
842 978 999793093
362 179 446766108
956 928 997962421
172 210 999088727
871 945 998004500
571 79 998362800
912 449 999729219
408 539 998024961
941 812 998582659
577 586 999251442
236 315 63485930
585 859 998152003
433 898 999138830
580 515 903214548
709 531 998291092
819 892 998484131
228 676 998631070
259 955 220179049
934 8 998208282
27 936 998342886
57 760 17183452
719 737 997957868
649 689 998286381
877 315 998428354
966 173 999822075
858 520 398207877
946 929 998714050
219 886 398207877
903 550 999294874
423 848 999676121
357 892 998686150
192 228 963049061
999 822 998212098
879 825 999118353
352 999 999247386
805 930 999629475
915 197 999228185
652 840 998552121
656 649 999574628
33 213 109910397
989 511 574062998
639 745 207750706
759 80 999027725
805 301 998207791
144 696 998896847
914 970 551468500
645 695 931227761
388 616 999184313
938 806 998187487
944 405 998821853
978 861 300676361
787 198 999813079
892 108 998243789
928 846 999634284
924 956 999912918
977 60 999666788
352 827 999570688
213 62 999446351
208 587 998815082
781 52 999173064
901 982 999361811
903 355 998635837
976 875 998263375
59 565 999606055
980 892 998295570
929 889 998760762
786 99 998291065
988 134 999133746
821 633 999931962
163 178 999818801
241 332 998118644
528 786 248611453
466 25 998433201
60 157 998979683
423 122 998099859
250 750 999841503
472 3 998831931
941 852 999721302
480 887 52685850
348 84 999118053
436 466 999196482
925 577 674315841
951 487 760451913
424 170 998303737
977 631 998921058
985 971 999629284
400 486 998911300
288 994 170725634
368 465 998622249
656 387 998661164
516 903 999411934
594 393 852289872
656 639 675485076
153 239 999084074
50 950 999785411
499 284 998941549
555 928 998713260
838 540 15480414
929 999 642279210
470 533 998097614
681 900 944815438
903 972 999782358
401 994 999215978
105 800 572819131
399 123 726104869
93 977 15100534
885 957 998724437
721 641 998379469
666 569 998529881
264 52 998021453
648 984 214082136
940 641 998734332
260 506 115085325
849 332 998850903
52 216 998010644
419 904 433018118
417 341 998938971
986 836 998578476
873 517 999421099
933 536 999824781
367 875 998958962
729 910 476221121
305 886 998332505
627 668 998849299
430 212 999831093
609 774 998558773
776 502 998041459
193 883 999864405
852 734 998615965
965 956 998599607
658 222 150375134
113 251 998270455
952 810 998714018
145 463 325438896
999 538 998300675
730 787 998548578
896 904 999825824
843 636 997962900
134 152 997947085
586 567 998558793
770 423 999049031
570 874 998683011
556 553 998330007
640 998 998037805
187 344 998513796
101 4 703617427
853 583 999958681
808 957 410293424
225 843 999841690
895 17 999123507
374 78 998889151
448 536 999651529
145 997 998327428
28 401 999305347
622 608 999039444
835 874 998977422
971 773 788490198
396 477 999696094
377 170 999922482
657 698 998302760
642 18 998721886
427 777 998281386
156 969 998790123
589 350 999835888
900 617 31082657
560 546 998929922
952 663 999263249
328 268 999477527
880 778 998715140
290 231 998457470
993 988 999563953
780 907 999111530
566 45 998994961
235 585 998436277
670 110 999016444
923 449 215824119
702 53 998052548
903 688 998877292
185 79 998794805
382 468 998033646
541 992 999402906
299 173 999295641
205 866 999629761
987 967 998091677
961 610 999061331
638 196 998782006
730 850 699957915
518 710 999303453
618 356 998488185
655 226 999946332
674 552 999725610
553 708 699957915
833 44 998597121
239 834 999794778
511 423 998836243
780 791 998008488
537 964 999378637
863 42 998532681
907 884 998709117
892 88 999852283
338 413 998493860
171 253 998771226
564 118 999471431
142 135 999229047
996 993 702266573
372 969 999555841
554 954 999018068
844 863 998458677
982 233 998653646
280 112 998010965
223 101 999993272
811 141 365248326
327 733 999935104
919 924 611684272
735 497 998420397
236 873 998815609
546 768 999661180
859 883 999032699
6 828 997942531
693 614 999154830
960 855 998007640
881 715 998717369
423 607 999793158
913 710 998606906
99 804 998821506
148 741 999047023
154 741 998442731
604 457 999932033
66 704 999902356
657 487 999828196
797 739 998819896
733 704 565328323
238 444 998367819
726 592 999787109
742 15 998259045
985 992 999849967
409 253 999802596
789 543 999538766
711 671 998688987
900 911 644774238
257 823 998011167
391 807 554047504
808 329 999645384
886 864 999707945
944 784 671383848
921 733 998962885
473 511 999800407
370 464 478943423
510 507 995362131
977 144 998175914
164 166 288135269
770 929 310975100
907 990 998612456
997 924 999153364
525 341 998892826
861 922 998407997
349 458 999703250
673 850 998987767
557 589 998086763
296 318 998974036
213 178 957960793
79 459 625916633
876 996 999453406
989 991 999032022
393 340 999022753
372 826 998141332
404 907 805014676
965 953 998236567
672 801 998430467
871 971 998375115
951 847 998978394
452 437 999195480
920 895 998740249
458 527 998528604
920 770 47349600
516 834 998645949
992 956 964695638
919 834 998343384
720 518 998965535
139 47 999464700
638 343 998961142
262 326 998436198
953 811 998463838
444 645 999726411
122 768 998860461
514 837 999126765
348 661 998049080
125 773 540580348
58 850 259304169
443 678 939950292
669 752 999857187
724 177 998700111
803 878 518901358
611 900 999173246
237 261 998688372
989 474 998059098
618 704 998097156
990 958 999569550
966 998 999098593
891 768 998977687
17 798 999819365
486 842 999365892
848 577 998749619
875 870 998719417
734 848 998107190
712 940 746743698
945 629 998353977
647 825 998128103
891 588 999222527
528 497 743645593
875 805 998809772
896 891 998557285
942 519 791155658
577 802 462716331
263 647 998459415
873 828 999035988
140 826 999098081
992 997 998876154
438 262 999518826
759 868 998366924
92 594 999466820
46 883 999405441
635 531 999468230
310 453 998482693
704 738 963049061
329 88 813549405
982 772 999687454
666 155 999294367
827 860 998650215
167 237 998195771
835 987 997975898
975 885 999321932
828 829 999927825
998 992 998074452
528 502 998568688
825 214 999297580
93 426 999688317
730 658 999538764
181 631 664731757
942 687 998089293
939 953 155439802
626 646 999764932
330 750 998014102
367 349 998602788
912 595 998625319
573 782 999092341
222 798 999086129
853 951 998292589
600 439 999165807
985 137 998478717
972 998 999850864
792 805 997969440
960 926 324716818
920 432 999947065
919 976 999721253
982 698 998372968
455 501 999989311
935 953 438933385
425 271 168757757
868 597 999808732
933 966 999359860
786 76 999447785
611 790 999141963
382 84 60171853
446 596 998489623
495 201 999829256
45 951 998318054
204 791 263076522
347 410 999094045
402 596 998093359
178 671 998615112
562 924 999325750
150 747 998077004
422 334 998934133
964 702 321424343
487 47 572819131
813 594 998332437
530 364 999038198
440 7 998839796
372 156 999161180
905 730 678834238
57 576 998068845
766 312 997979480
459 543 999800509
625 267 998187339
958 788 999037097
689 69 997978564
5 26 998288182
391 985 999052170
878 983 999896241
769 802 999400991
517 683 999636480
587 903 998591131
219 438 998313245
811 377 438933385
914 846 999929607
189 275 998229272
965 923 998995113
349 206 999304867
547 686 297059049
867 487 999188357
803 852 998390805
982 849 998966533
377 90 999983392
548 258 740850813
293 649 999827341
946 808 743999253
915 774 999959389
800 694 829428157
977 345 999172214
198 104 873762470
82 135 999671770
237 573 999040955
492 904 998314209
902 741 997963063
344 198 999825737
288 414 998462597
850 945 999442165
847 827 999312151
928 883 770863869
400 274 998872661
909 775 999792467
58 41 558188427
83 418 543091857
232 431 998222572
157 652 998066025
675 670 963508477
951 944 999980562
371 825 998077055
991 985 999275036
966 880 998766027
955 876 999179425
462 67 439501470
947 985 856410366
371 276 999862627
288 602 998171244
75 675 998258173
717 127 999190476
838 898 999264416
484 592 997958243
468 934 370852465
609 836 999556506
572 778 998662000
1000 931 999390796
948 726 999607244
707 862 8648899
140 711 15100534
998 906 999698929
719 925 998866644
700 618 998329090
941 993 472545250
708 523 998731144
697 402 63485930
723 799 999251974
969 919 851715218
872 445 630393337
822 659 999242607
258 73 422515033
283 108 999237246
977 956 999440624
754 643 999800667
437 582 999006524
1000 988 999744827
796 674 998208453
525 439 999904757
468 953 998841507
106 284 999697658
71 949 998276153
695 393 998378850
889 765 999651066
674 856 998501117
360 604 999417394
688 945 999034794
653 804 999466577
144 832 998851531
614 230 998082904
614 913 305692911
927 867 999832736
535 726 951128014
101 71 939950292
783 1000 518901358
259 833 999489175
705 794 999739265
735 474 999609175
480 670 883546431
534 762 998665199
860 951 999868370
952 967 999867776
823 477 999972099
835 492 49999303
724 706 805014676
770 657 644494982
671 441 999325684
712 831 998206771
911 792 95263436
354 218 681935799
930 856 999350783
332 656 999797896
697 649 997955211
13 87 998434741
169 431 998546156
51 970 414383404
800 850 462801912
960 733 999008929
240 703 707090858
755 264 198977312
462 19 361133928
989 852 536800657
931 21 999892482
730 726 999167107
678 659 999346662
232 529 999236025
773 855 999330533
962 946 998629544
433 757 574062998
151 413 998888177
929 73 998044209
576 770 998947267
623 980 872211435
669 315 998185976
861 918 998025163
722 776 999643773
844 847 365772983
664 475 999055026
803 983 998058607
114 64 999421959
678 957 998013607
520 883 998071266
104 214 999483225
943 729 999450180
478 175 999229597
863 696 998885270
952 482 922507493
513 228 68080784
899 967 753333524
596 191 998534749
884 786 998338455
985 872 999034983
802 974 999077719
550 967 998434160
490 880 999564935
122 882 390395421
918 927 998997457
909 536 998005298
553 687 998751155
157 224 143895575
564 859 999712375
998 784 999525139
544 843 999474913
597 707 999259822
673 968 999309040
954 865 998094910
826 521 999851691
896 975 999794209
993 981 999027355
753 925 934410484
825 891 999350088
665 715 998248181
195 994 997929864
817 748 999949402
995 997 998972969
448 780 998880361
62 1 735262289
852 950 998206021
825 599 999482778
609 620 867862040
866 319 999126553
494 602 998253278
721 287 998830325
647 363 999565673
625 851 998798414
988 944 999538920
605 480 57153973
652 715 903543803
716 295 998064109
814 474 999132229
211 149 999668936
809 949 998817708
552 225 573859607
757 918 167287444
309 571 998364097
874 577 998600055
782 985 999736392
722 973 999219188
670 840 999959896
574 689 592330131
876 442 999663245
772 423 998997198
413 401 505067873
888 912 999522411
177 42 665381501
276 737 998876992
404 941 605708522
520 362 798915990
70 327 999156697
636 813 998894928
314 437 999262989
811 745 999883525
557 691 998514835
350 97 999737360
587 370 999563167
760 685 998956033
986 987 999499310
859 776 999656766
746 489 998953603
652 592 999122187
771 149 998778880
933 645 998388066
809 563 999742625
740 846 998583812
516 314 999798543
706 696 999118680
402 868 999701809
982 1000 998994668
875 975 999442516
671 773 999529321
400 766 999621959
265 785 693148048
422 915 999730072
912 839 999878392
604 532 999916137
642 240 998118633
582 358 922488043
804 887 998067526
969 989 999440243
610 159 997937588
97 399 999853153
452 335 999637114
673 173 998994687
860 863 998726394
926 937 998753343
1 888 998485194
480 687 998746370
897 236 998762518
38 679 998738753
870 613 999454042
979 808 983212774
994 834 998267745
548 709 999880346
805 791 160048618
826 529 998453493
770 174 998782962
652 773 999812991
56 216 999665195
690 875 998050079
957 35 999418816
964 972 999094803
997 640 997932189
295 199 998963630
626 612 998902487
714 804 999432922
805 753 998009661
925 303 140404916
987 916 999947138
913 596 998309167
929 884 576723695
984 963 998895368
640 758 998786977
620 572 999470206
550 901 999135012
902 994 207750706
259 551 999844352
899 893 999514523
860 812 998823880
836 728 999552434
68 107 998665275
988 989 998263279
177 810 998064255
899 919 998129000
739 422 222169335
855 585 123737742
687 714 998646171
608 972 998448542
283 772 999723590
1000 606 999083120
811 219 998306338
246 287 999774025
747 270 999298501
90 115 550215169
480 520 999232477
190 892 907631563
798 463 998035839
905 869 998463448
881 888 999987294
145 189 997943911
242 183 998849923
817 783 998637325
913 988 999292961
342 570 997947433
835 962 998260344
763 820 998816817
716 334 998360621
988 181 999409650
634 973 998319252
917 874 998615769
469 887 999273763
378 604 295637874
560 535 998652319
997 987 997963182
905 992 999098551
947 315 999058220
750 93 999696919
990 953 998694767
515 569 998652444
718 817 998364239
962 679 625916633
500 111 585094125
56 827 999694182
661 545 632873595
525 813 425773888
633 132 999924841
836 742 998480872
361 222 999112397
678 498 998606747
992 989 999356812
950 988 663236851
331 483 140404916
24 324 999840506
927 857 999704499
799 685 998636398
784 591 998715998
466 50 998254811
671 629 93445648
953 911 998216034
947 877 999853734
950 918 365104620
910 938 995221792
517 698 999735087
919 851 998248419
33 123 999783485
214 247 998292336
535 208 999389587
501 332 999666774
269 197 999855556
589 927 999246821
938 869 999507507
989 528 998385518
215 715 998372770
893 174 998855090
852 661 998510104
910 919 665381501
659 214 446766108
756 893 999333418
214 496 999548497
898 945 998750913
348 719 998413243
993 995 999579040
25 476 998552238
318 500 998610429
45 451 997996733
678 340 999863847
705 665 998122963
449 282 999993363
801 861 998979239
850 852 998949595
324 520 204466824
999 720 998335213
964 993 999734878
621 639 388130361
894 952 999202173
328 467 690945256
634 992 999513133
877 944 999214118
880 504 999386534
630 360 968964984
444 849 998616469
167 338 295637874
497 653 998677693
900 896 998562464
876 888 999291902
813 961 999830082
547 240 522655971
29 285 500283933
254 885 998241834
927 409 999590035
329 810 998698665
652 608 999161597
218 125 548781235
68 447 998039613
537 727 210114510
781 996 998407758
744 571 999034303
805 118 999316248
964 906 998503507
245 188 226775473
983 948 999008918
388 897 999658537
340 631 999539171
619 267 999849509
861 790 479141251
985 433 999872225
624 939 998378187
213 591 998820732
175 578 998888404
802 898 998131974
998 808 204466824
230 711 998989661
824 868 999259151
296 817 998961583
837 538 998949017
955 525 998993013
227 10 200864327
998 960 164268793
89 699 999773368
864 962 998866124
707 914 999980212
585 657 998936932
504 326 998191091
649 437 999413438
526 535 998982294
772 835 243781486
906 949 433018118
397 706 999016202
718 71 998005155
812 726 884923708
978 960 963508477
568 352 999261971
239 284 998622469
90 53 714451541
789 67 998638484
117 648 998141644
654 791 195585481
558 493 998111523
217 116 998719556
59 269 999440232
845 798 999867714
496 142 998347590
185 142 365104620
986 892 999423849
417 964 325438896
790 848 998050214
858 916 999581843
912 911 883251302
858 815 998441023
695 951 998401531
1 903 999995907
683 155 998699341
290 19 15100534
857 753 62802226
580 251 999384137
837 976 998038097
720 674 998055283
968 66 490021677
891 975 469576998
495 557 998001867
873 810 998879029
752 591 998473629
939 957 999626203
968 802 998380317
825 956 999855744
656 508 999781526
786 760 999328915
965 888 998844581
963 920 999860287
871 977 998830559
944 968 998278208
930 995 997973371
557 420 999823819
154 187 998468924
797 864 999533196
412 215 998711257
992 159 998110347
736 730 999740301
976 934 998574092
947 941 999809114
844 502 998509831
169 887 998043926
524 839 999197992
983 914 999703486
693 214 998271196
612 340 998242150
434 53 999706859
838 736 998240275
377 183 408381068
811 255 999678512
792 455 998383213
801 396 999079421
795 892 998360482
193 207 998475537
790 995 999914457
952 763 999380898
93 236 998011434
72 991 999920934
799 602 914261420
115 286 903543803
753 786 999846070
948 614 998963732
290 852 998677917
223 435 998395002
330 704 985629642
559 832 998736123
109 857 998844339
756 609 999660669
798 942 413383031
993 827 998245066
908 311 15480414
899 939 998092565
881 813 93260252
175 58 999940592
843 694 999602011
446 693 998703391
503 878 999244962
381 53 999524753
458 844 779496504
261 282 999829622
882 935 998993022
898 658 997970577
536 970 997980859
156 324 997983378
626 324 999329435
491 615 999417889
577 340 999657328
531 629 999708543
472 621 999455378
103 846 999018937
241 597 216032460
367 716 588717095
686 944 998342148
882 600 485513173
308 254 999096207
865 828 999129608
985 907 998942426
698 107 798439888
827 530 998914775
683 990 998877562
131 375 999483363
101 251 544803844
986 875 998313164
443 716 998449290
716 458 998606729
186 949 247108357
408 512 998289814
705 400 998463666
770 850 998806724
954 225 605708522
743 104 999328945
45 11 999532510
45 95 998782873
730 644 998938232
687 609 84061110
540 971 998758018
415 584 665798769
867 994 998473073
862 441 999203256
518 94 998897386
217 331 999771771
687 486 999600031
364 569 998492165
833 800 998579770
995 791 276889342
673 467 999724091
82 702 999020360
568 510 998025150
506 640 997983699
219 370 999829930
463 652 648766396
491 344 997993868
707 796 998667967
76 892 998861960
753 743 998896144
778 832 998301607
398 887 263076522
442 78 999606343
715 30 999617127
791 736 999838440
687 244 999324204
495 372 998790397
839 832 998176796
887 949 998820524
803 764 999561554
932 943 998031184
891 862 999624725
264 42 998678197
993 999 999677130
24 78 47349600
818 788 440153582
726 872 998316493
804 582 998957815
29 701 172289729
759 402 999037353
442 990 998654726
490 256 998379017
502 459 998471351
168 536 998826116
914 912 998166404
611 231 999635788
241 643 128427484
554 589 999594876
955 921 999741155
316 871 54261140
950 258 997942591
125 367 998218186
760 735 999205722
943 933 202325267
838 702 999911306
393 75 998472052
450 383 558188427
458 466 472293425
736 857 998769593
462 956 998863832
145 481 998046022
806 947 572819131
972 178 998781335
824 654 997934390
289 285 999096755
420 264 865374979
789 627 998847091
958 713 997981917
395 241 998329316
996 233 681800158
902 494 999789363
531 13 999882655
768 402 220179049
538 290 376304665
951 989 752736108
726 12 602946107
124 811 999956627
388 192 998011713
789 980 247108357
742 768 998596587
751 534 999521460
788 238 999236669
351 902 999712207
699 648 999171828
792 408 999830235
93 245 872211435
878 741 997961446
334 958 629297334
196 155 999902451
812 236 998750512
497 354 999572608
102 523 999423473
870 833 999903068
968 959 999193243
255 514 999919954
543 924 998197911
754 878 999295993
152 427 998291576
774 269 998683998
966 290 998857780
172 300 998413539
912 910 999575847
119 108 536800657
160 579 100007616
317 126 998480583
798 657 999185950
816 520 999682398
764 409 233746069
938 747 999218377
686 34 998024876
944 270 999862424
494 260 999406335
676 536 999921202
394 571 999175687
750 934 998138053
931 829 998125645
501 960 998940209
844 976 92863546
863 934 325525245
996 992 998344309
655 343 999538147
408 739 998787979
799 659 998390800
796 606 999955195
629 690 999526295
162 309 998430760
883 916 999046079
930 932 998279662
951 987 999789409
501 384 999731318
762 136 997944814
665 587 999859006
329 862 999439192
911 497 998771402
70 874 999304989
1000 996 365248326
800 736 998844613
806 663 999691638
630 871 999591183
214 384 999630594
861 34 999117220
852 596 998146121
289 121 998846560
129 537 998120850
332 561 742410075
714 744 999324493
784 123 998032136
561 592 999119095
864 956 999465540
992 888 999181791
801 278 79524978
732 257 823291981
893 820 998655908
981 949 140404916
577 809 999989013
922 353 999846151
960 987 999871227
599 869 999791836
916 810 215824119
776 948 998370720
810 327 999028181
254 642 998398180
959 583 998830342
79 148 998036016
90 957 999751409
330 755 999018089
958 977 998200949
235 498 999309917
765 696 831448034
458 74 485603590
103 219 998263245
745 731 999636044
341 428 999348931
814 872 998329440
617 554 345758006
261 678 999756662
722 663 233746069
766 153 998658277
992 986 999324630
726 999 999481509
139 994 999945512
888 873 999721175
850 885 998750100
880 968 998600897
822 887 998377812
243 413 999513366
637 717 999295884
811 780 999437755
822 448 998461357
984 740 999676377
902 860 999910995
759 896 998923444
681 677 251887706
183 224 148102965
195 726 102765157
812 249 999587456
829 348 999899689
329 374 998724726
990 998 896219215
391 381 999709352
849 995 998368139
948 974 999493533
259 1000 998378217
270 291 500283933
967 15 998008248
428 507 999613587
686 883 237568614
889 852 998251001
91 816 998860687
906 405 172289729
662 610 150375134
345 540 998448379
451 808 998009577
458 156 998571950
517 182 998296538
157 376 999209821
499 991 497562368
863 730 998542760
792 800 999771475
706 50 998670451
739 387 999887064
267 851 998680783
421 882 998116414
569 411 787624790
974 318 999821186
253 668 998728172
87 746 104611543
529 599 63485930
161 43 998856086
115 424 999481228
161 206 129847684
770 553 998438950
994 977 703617427
169 646 998051670
691 990 998155837
784 927 998372957
85 829 998719056
783 909 998731126
417 927 999591787
95 562 675485076
927 483 410293424
644 515 400404808
628 222 998730495
710 990 999591619
29 530 999441670
614 917 998427490
829 590 550215169
998 999 999933244
970 751 999557849
132 507 998512571
427 89 999518619
921 844 999362036
694 857 518901358
75 131 998323001
968 798 999527050
743 963 999038678
744 741 998324925
639 834 999014319
303 865 999061222
417 720 998647821
665 186 780559332
320 894 998356867
451 961 478943423
631 746 998715701
859 831 998508243
698 187 998480874
928 370 999436818
232 897 998336047
932 560 999474767
9 653 999457044
630 870 998701348
601 600 998800449
1000 820 999622005
154 459 999392726
390 489 999963486
663 757 999577998
812 915 998192571
428 525 998058210
140 993 998648900
469 296 999349567
321 422 998542534
258 851 998590399
473 802 999729243
964 961 998271964
685 150 998065008
593 170 414383404
335 986 998636493
896 955 999273590
621 773 999419119
919 465 999172480
868 408 999765340
243 264 999225340
733 305 93260252
948 188 999094991
438 909 999770264
957 864 770863869
789 597 998493876
731 856 175577277
791 687 218168101
874 934 999195431
245 142 998465001
812 823 998971710
946 584 998362507
878 889 869955718
906 42 999708744
163 990 998003123
768 591 540580348
484 810 999752715
972 761 999554027
556 744 422429904
589 113 999163253
876 244 997950175
730 417 999962045
533 745 997933772
58 849 999459012
980 935 999749226
447 527 999536812
938 948 998159361
649 685 19894244
437 451 999429678
278 953 999622692
990 295 477521113
852 980 999628616
856 220 999266594
845 891 566566957
823 869 999653556
487 638 998314113
953 431 999361459
570 786 999375356
957 843 999388487
836 948 999286903
957 961 999472305
164 887 998875058
286 866 664731757
775 819 998435398
575 803 999569473
654 539 998163481
623 616 208049839
820 521 998906901
789 264 999687065
405 783 998370683
977 986 491007666
268 925 999767227
463 461 999261252
738 880 998005637
201 852 997975530
670 618 485603590
599 703 997990228
352 194 277146928
454 659 554091442
999 944 999493726
363 656 999429485
770 769 220553641
947 934 999059726
307 455 998652581
559 878 999982210
747 919 202188600
824 661 999038776
200 594 872211435
933 946 998292506
534 947 999295740
733 232 999432989
307 574 999370691
239 709 259592993
814 792 999175736
926 73 998695859
900 335 999055920
491 138 998237540
882 1000 999650696
300 308 999089929
657 300 999530466
158 617 999063908
311 978 630730512
789 831 558201074
642 950 998823494
964 690 390395421
962 546 997988605
273 214 999531718
651 645 839413300
937 621 998739438
821 334 798915990
971 600 998567630
919 443 996008365
858 668 998717417
778 618 998299247
725 325 998806961
381 222 998695466
788 650 548346759
270 897 999065861
10 104 998752931
995 981 999359643
733 59 565328323
819 381 999671039
305 912 999692704
503 928 734512894
999 940 999492670
733 827 999296076
871 748 998739486
871 956 999291578
330 541 998890391
908 905 998864159
232 694 997939216
127 514 998145793
547 562 998436680
553 988 998191641
311 842 998259597
383 494 998639346
957 438 998373947
756 863 998818643
487 866 49999303
472 810 999804631
479 815 892489835
885 909 999333798
941 426 998574614
742 650 999898271
812 900 998256776
425 509 999195110
977 289 999830635
692 1000 610971195
379 873 999356531
418 284 303370061
885 595 998933299
639 72 164268793
911 918 998163135
354 639 998575733
765 583 998482684
295 994 999659930
825 269 999944747
900 878 300676361
946 295 145401342
205 236 998354100
46 451 999397251
789 394 999510032
679 916 998988464
539 224 998343278
550 429 999673873
417 285 303370061
964 830 998104614
53 905 999546984
654 102 998013030
778 986 999424762
978 385 998390990
986 767 999583881
922 486 160048618
80 988 999180096
731 905 999157031
712 889 998686537
925 809 999259143
852 836 380653310
392 940 500283933
990 532 999762540
451 981 725245774
963 727 998604370
822 855 998918119
903 982 998395512
969 960 999731214
416 731 999077131
980 669 999306625
154 957 204541895
956 917 998520266
216 205 999095574
912 906 998734535
978 859 999236752
311 465 998446059
476 804 998350505
797 34 998439650
651 826 998674462
258 646 813549405
583 521 998851532
391 773 998729398
977 300 999264511
900 583 998257577
651 598 305692911
795 682 490713050
888 804 999609770
492 493 998717265
761 209 999319897
688 774 998164823
762 700 259304169
949 975 998454804
959 975 998589915
943 984 778532804
965 813 999344330
992 976 999422354
230 763 998042430
227 908 104611543
446 179 999951387
751 701 999478151
887 603 503165137
57 997 401847891
328 629 999737219
60 321 997962621
176 230 63485930
560 863 259592993
809 682 998320129
14 882 503165137
655 366 998666751
917 826 998857287
685 718 999578805
256 304 999987868
993 864 841743080
807 226 998865421
423 706 630393337
781 444 998268172
873 48 999759814
983 970 999254550
438 846 999145546
991 903 999451441
254 223 997982134
990 889 999683848
943 190 998677235
912 994 998133042
288 505 998538003
973 1000 998514651
734 835 998557848
477 422 998771536
329 380 725245774
804 955 998876293
105 47 453841550
20 306 999905354
739 992 999767085
765 1 998109780
906 234 999697485
919 731 998219868
772 245 999473385
349 105 998617257
691 336 999696238
775 492 997950594
319 704 998487389
355 525 999196800
935 636 998093013
173 820 999322963
948 898 999491809
877 675 999832346
316 760 998187574
142 714 999878535
692 978 998870988
764 669 734473647
799 819 997931823
250 555 998934109
707 736 998858860
482 826 999837226
563 320 998355000
715 526 999132182
689 685 999193707
558 835 998541823
720 696 999692524
870 579 999076612
817 932 998909407
877 876 998048529
49 613 999548894
22 579 999323722
54 524 999216821
684 526 408381068
827 917 753553546
281 539 998120456
455 388 998917197
19 85 997954575
640 695 19894244
171 487 968964984
866 622 452142718
604 602 999471608
653 651 999132994
767 380 939950292
900 995 648568174
444 719 998715310
655 656 998858635
331 692 998204111
626 814 998907420
775 960 998455329
161 233 998254829
704 475 997933841
287 393 997995722
561 848 998986065
103 292 998041215
525 841 999068231
806 23 856410366
135 129 999423035
227 494 998905059
632 538 999397239
139 717 998630999
718 789 998084666
158 918 998702927
771 435 723445000
823 463 998736148
730 418 999799320
779 691 999771328
982 813 997932740
913 268 998117676
7 246 998907591
210 44 376844354
742 827 999479356
973 980 997971675
875 832 865897410
713 339 540580348
711 935 998143869
681 582 128427484
80 67 998625725
763 898 997946402
997 999 999160592
427 546 999969418
650 273 998707885
429 816 998277721
651 1000 998054953
252 221 998406135
657 612 998328728
275 454 382613253
387 385 999310099
327 359 999859986
917 634 999078691
760 951 999341111
673 947 998720197
963 494 998729815
42 251 999194699
669 903 998894735
366 406 476221121
362 371 400404808
412 367 998758085
394 940 998031786
342 57 999950086
984 964 998491356
952 1000 999027517
185 97 997976948
240 370 998752713
178 558 998370618
119 190 788490198
932 14 999370924
983 195 998339621
196 181 998744978
792 394 960872265
850 601 999764592
259 700 999183566
975 973 999982128
880 992 999611713
462 183 999002647
809 450 999657192
143 123 49999303
489 481 999485627
995 760 998138493
405 167 998503114
968 844 999603344
233 528 999893551
592 784 998611138
947 950 999919324
998 997 93260252
111 35 998528618
560 956 999486468
232 693 999014969
218 996 999678238
803 601 999830347
440 688 998686817
860 106 300676361
978 999 998522224
624 553 999474135
997 955 202188600
408 908 998389585
428 715 998559030
102 590 857198592
652 889 999114212
982 948 998548302
625 706 999367382
842 885 998439646
293 744 998242719
201 212 998712694
470 101 999684035
777 818 998777078
806 709 999224346
522 891 999690412
842 828 999843453
891 908 999602421
321 185 999676806
879 971 999097352
964 725 998348350
651 301 997974669
840 702 999630405
669 124 959754553
126 634 998349547
893 827 998377538
542 225 999040008
999 1000 998088686
569 785 999180966
37 753 999910048
851 588 999246471
415 378 998173220
150 549 251887706
875 348 999044277
680 88 998224597
509 275 998315945
817 745 998386390
430 341 870355521
338 419 300676361
272 316 998366546
393 164 999901830
844 743 998244068
936 362 959754553
933 915 999119275
962 612 998282717
737 165 998116427
932 996 999052415
478 201 999622263
910 846 624872809
861 239 999939644
907 868 980791496
926 852 999680559
982 956 997943961
698 630 998866263
769 602 998391734
939 285 998121497
932 633 999927081
653 893 380653310
400 877 998414828
537 616 477268209
460 590 999660566
371 238 998055824
553 813 998880971
439 11 514654842
741 325 709110982
772 755 997949570
892 477 210114510
90 162 997969689
528 49 999684941
743 273 371710444
987 782 999181720
512 722 999894927
401 373 999356848
376 880 999835206
121 214 998874495
352 65 998432407
925 910 998341691
197 341 999991679
989 974 999216481
981 199 998607398
466 134 999655785
272 980 999743601
376 468 999647651
913 932 999365572
893 999 997947889
718 753 999427894
791 951 998055720
685 616 999332541
775 54 999304347
549 400 928944823
263 289 999695363
715 860 707090858
700 736 997952410
986 122 999982815
445 808 999449335
876 924 999816357
909 158 999453583
921 367 997985183
572 264 998734271
911 986 998118270
909 583 998851245
672 849 997967946
799 713 998115836
988 998 998858926
316 770 998474803
936 940 998827531
697 44 383462104
508 414 644494982
174 181 999119015
573 891 998135937
322 242 555923094
786 126 998389495
862 530 543527878
996 959 580291148
230 457 998066944
681 910 998170844
892 650 999941614
854 842 603886445
780 923 999158067
926 932 826857241
319 182 998744366
834 885 999253768
230 388 998405901
16 924 998110834
884 32 591827260
703 386 998350771
810 191 998373223
70 944 999314138
997 699 883546431
426 657 230298617
184 808 999500976
200 392 999546776
374 92 998140366
457 491 121892362
381 850 998501404
869 125 998899788
78 820 998048707
430 950 998972533
831 932 999692021
991 707 998992585
905 684 999200265
648 255 998031669
456 359 81002606
960 871 998859699
392 282 999332998
449 722 998998604
56 980 998245138
851 552 999968888
926 877 628330795
841 857 999830735
686 466 998834583
659 828 999383695
848 887 129847684
129 158 678834238
321 253 997990288
674 534 999143509
3 401 361133928
772 938 999317834
117 770 998590818
995 113 999415950
824 245 998636743
931 743 999223584
282 714 630730512
192 629 999973865
567 796 998474659
750 854 998847016
404 340 999550376
575 718 999163238
220 468 998280001
125 607 999637201
301 433 997967992
992 958 998886444
855 590 801523912
837 883 998919841
111 903 998615599
862 70 800127111
89 315 998473842
87 906 662734082
927 919 999287603
863 359 999621939
172 641 944815438
863 44 660140348
846 733 998002802
996 997 481881124
804 278 998103595
758 409 998663454
767 791 295916817
612 310 998264266
481 647 100007616
122 286 998295445
126 366 216032460
885 242 998639334
252 510 554047504
263 364 999817417
922 905 998762401
787 118 999821759
342 318 998126482
278 165 999723283
386 880 663236851
637 497 998167866
211 736 998616267
319 636 999658939
427 72 548346759
399 942 903214548
412 929 998189458
453 515 999523344
8 259 999063500
6 545 997936279
594 990 999877497
628 504 998840896
468 658 999955236
241 989 999286197
954 967 999557169
307 748 998391657
448 951 999610597
651 424 999056760
875 751 998701346
811 939 903543803
525 688 998545904
298 579 999779365
815 993 896705849
658 608 997932480
458 608 998451498
344 749 998108144
899 487 633110886
898 287 999206871
456 815 999450285
962 965 998211895
220 70 999614907
786 742 999614629
754 642 998907537
967 715 998638962
931 773 998687124
972 466 198977312
977 974 998552359
861 178 709110982
212 152 998451068
747 254 998048865
995 999 999648306
950 579 999571673
661 979 998170103
490 865 390395421
817 597 999036421
488 788 998096790
175 983 999659403
182 331 998367075
375 303 168400480
954 663 998535991
928 660 999365735
683 842 998344277
661 700 829475140
77 515 999977787
764 489 414383404
902 914 510798700
566 140 999143805
568 977 999982816
186 337 999936218
202 70 544803844
716 624 998407057
614 222 813549405
848 964 199795307
741 357 999703501
757 824 881889674
111 452 999166067
737 370 999070316
684 724 191019884
613 579 707090858
892 549 998369939
96 591 999107436
997 930 999789021
755 902 499343531
517 573 998364635
685 662 998014416
554 671 734512894
705 324 999417906
374 897 997991891
998 996 207750706
650 57 999724650
336 500 564460319
971 991 999395360
655 954 998414738
741 175 998899528
811 618 628330795
922 864 998938459
649 773 999944797
869 473 998111194
323 197 370852465
913 968 425773888
954 636 998441013
577 190 999595121
220 829 522406233
325 272 998949007
908 987 999561942
690 365 998748701
924 222 998811093
367 319 998584359
98 745 998550644
848 615 999352909
937 951 999950119
419 570 999185704
627 675 998597652
742 286 999026974
964 982 998499770
451 106 999933286
744 925 998429387
991 695 491007666
911 763 999144173
998 949 998390884
776 991 42575156
421 930 998469840
557 710 999115163
398 861 999195618
645 330 999975489
824 785 611788472
808 226 999858074
287 389 998505068
246 168 998116582
785 719 466583602
859 272 998941899
996 974 605708522
830 942 999529012
185 25 998931766
507 707 997975010
985 759 522621441
956 827 999380334
771 906 922488043
347 692 703761009
904 782 999158999
623 785 400404808
355 724 743999253
855 923 999355620
557 544 567371484
480 440 998205804
992 838 999014652
710 591 999164890
631 548 998870913
565 763 602946107
857 638 998553174
283 676 998698039
770 858 998081094
605 926 998425007
84 27 999492774
359 936 999542970
729 655 11699265
724 866 999683208
1000 986 999618792
398 274 466583602
507 540 37853828
703 522 556785295
926 639 999903492
927 595 160048618
616 627 998678331
866 968 729756283
630 325 999090896
747 993 999550674
957 998 999734723
824 170 998622035
999 62 998737426
366 601 998591898
971 967 365104620
773 511 999950887
838 847 999212167
579 577 999738436
897 950 999618414
509 960 999493388
351 545 999606058
740 387 999802053
269 850 410293424
623 568 998533213
156 534 998341535
134 108 999118731
326 665 999070550
9 750 548781235
153 42 876666650
734 841 999235145
650 236 780559332
837 888 798915990
60 942 998957403
801 859 382613253
737 687 998285727
778 879 998352085
755 537 998154506
782 972 400404808
582 319 999809026
748 138 999580977
857 757 999487552
823 543 997976788
905 777 846250992
73 766 999176297
960 471 999687464
557 711 999888217
156 75 999400923
657 593 548781235
681 496 999038886
292 555 690599220
514 800 658996920
335 783 998973995
416 581 999126922
44 540 999866658
953 419 997982453
998 952 155439802
365 638 998297659
993 657 999606531
27 595 957960793
769 720 998378292
150 733 998462463
795 995 297059049
867 692 873412158
248 433 401847891
900 614 723445000
993 980 16125928
864 163 894706507
93 805 432490965
126 821 999713258
822 912 998344632
967 881 999437036
372 689 999340900
167 34 998094544
735 64 322648293
344 22 999321367
209 916 998325965
457 330 963508477
984 852 999583177
237 702 999100364
389 508 998684267
667 558 999293855
482 25 999731095
948 275 567371484
673 898 998691306
870 733 997946284
433 929 998251982
647 503 998323561
473 29 998231293
991 676 998054107
891 804 998599166
800 477 220179049
565 528 998303958
814 39 999251410
740 530 998404041
866 918 998898979
813 23 998711964
940 276 999761106
999 994 998303257
964 975 998371745
739 425 999355642
408 744 998831760
346 301 998910147
337 461 93445648
681 140 999656281
740 370 998818040
460 915 922507493
428 549 140404916
942 932 999103011
871 851 998787724
400 824 999869328
931 910 999835502
263 271 633864950
557 17 998979890
307 912 999885659
965 975 998949018
679 464 998885448
294 273 999811005
996 947 497562368
989 838 998413308
247 995 998119591
576 639 998853759
994 947 998958283
974 822 998430202
296 255 998788923
637 10 690599220
523 704 999063904
781 622 998357976
748 764 999942235
951 660 633864950
848 857 999172389
784 306 998583707
