1000 5000 0
307 730 679671326
776 76 367894060
529 219 737318954
906 302 525103125
829 898 473523908
779 350 550320419
575 149 379458841
649 803 819278672
106 499 275635601
423 460 665873309
707 949 929837685
209 908 450949115
223 296 324785694
1000 549 474453831
831 739 33512210
209 526 995077893
842 381 487916357
595 550 579534100
197 830 622351983
7 891 337020863
242 187 324606149
341 537 208909184
993 592 445744500
920 850 880978847
337 705 197169048
642 425 630231792
741 321 58075819
662 664 431233571
63 446 197169048
58 6 951853836
974 695 229179403
579 199 327043936
50 97 189164131
567 610 215088861
652 267 554982936
76 304 49894113
115 438 590648585
517 227 649661482
521 52 585571772
287 368 533723431
525 872 197467196
100 276 393050644
4 168 875641937
908 740 870433159
296 974 229179403
515 328 445113650
900 185 96701379
790 944 49894113
56 522 767613951
974 860 996256213
42 509 208909184
132 48 229179403
60 136 918346938
985 928 794168371
287 348 486121165
724 700 458513569
573 72 428159452
33 720 737318954
747 740 80292959
598 249 999085167
308 418 971752537
386 742 934231901
191 944 117863839
347 385 869396036
306 27 931331296
79 880 837968310
460 632 848323987
474 391 195460701
359 361 645887731
483 920 528203871
596 377 657922952
948 385 617748106
277 882 804977795
444 348 839754880
774 701 80292959
343 488 487916357
127 120 688122381
46 993 48621546
586 977 54754584
502 541 234230427
414 307 197169048
828 310 33512210
394 243 108577544
474 951 316083248
701 688 176862076
857 608 909941592
330 102 448117612
592 546 805314073
424 487 971175302
729 606 553279903
410 181 446176332
881 532 367894060
975 690 579534100
26 160 971175302
400 623 550320419
101 954 65102955
370 696 116267876
777 503 971752537
408 759 372563155
383 821 491895877
6 221 299832240
901 807 94458972
846 854 593956022
440 879 300399566
427 259 324785694
844 669 208909184
187 838 829368106
673 884 515362179
271 506 299832240
492 265 144123322
680 754 431233571
482 668 616203389
924 11 595045552
998 806 337020863
178 425 550320419
572 579 706517675
662 726 231774574
163 319 82867203
802 898 738964750
997 446 421791388
757 363 593956022
409 237 65102955
103 836 48512562
256 302 756645192
201 781 582458784
200 289 507320894
909 222 527563461
561 946 501169947
94 746 753183354
3 46 794168371
859 610 591665388
822 76 501169947
684 763 917535731
516 372 72021030
752 161 236401629
931 564 554111008
78 536 634102974
353 198 525103125
285 344 206085039
203 213 582458784
627 299 787678708
469 69 530799662
731 768 132324244
964 889 300958018
496 618 540451233
756 804 283027531
736 210 442350116
36 519 707794649
754 984 759653002
145 329 6158496
801 136 545171053
508 481 6158496
282 727 521933983
256 632 869184020
3 700 777721180
1 280 848323987
946 128 197467196
842 523 176862076
358 373 136746727
231 776 448117612
60 523 643739987
948 26 98222608
119 325 676812630
327 263 617748106
27 651 740634861
742 925 946981127
761 500 551544372
591 530 289062055
973 589 740917094
821 743 829368106
430 698 289062055
555 883 995407768
922 80 865707531
778 404 753183354
47 294 234230427
609 472 272983302
772 385 481299480
782 486 659624489
3 303 824062743
830 479 295858485
916 723 109555900
558 476 177854182
552 310 986247801
403 662 348183422
695 399 542009731
92 851 96701379
388 217 932984115
994 984 706517675
665 982 164573559
640 709 594025013
685 986 473523908
999 432 819278672
324 145 668486681
751 265 393050644
802 420 569406976
168 924 573046280
681 997 550661526
410 568 444309444
317 112 545171053
774 332 875641937
684 614 533723431
192 157 2878171
131 742 263085325
530 318 918346938
456 957 905565344
26 859 872201214
77 478 104170480
509 171 598824838
165 791 234261875
115 304 49234850
866 184 575724609
846 86 144080075
121 915 541391133
868 269 477429422
195 905 519610856
293 773 803567495
382 703 819278672
423 110 524964095
25 435 442350116
60 177 228234720
704 886 986247801
784 988 937501975
814 499 573787030
700 968 289062055
49 553 285550703
750 886 401235886
219 167 212582215
347 382 312129399
389 202 980830780
332 780 212109321
230 284 901660337
752 964 351412039
316 773 688299425
343 734 870433159
933 253 804138617
707 264 737318954
207 281 258271453
638 719 474453831
172 517 144080075
908 444 234261875
846 693 738964750
2 473 909941592
533 957 15659200
416 616 163826758
482 494 740634861
690 454 489074537
18 782 8204569
447 602 718834706
622 361 756645192
862 477 550661526
538 98 180574865
226 291 180574865
717 428 226692385
758 203 662638056
579 874 855830540
319 119 665873309
625 60 239665497
329 793 115731977
201 61 393050644
120 220 450918772
70 387 839754880
725 215 487836043
331 4 108577544
541 496 763181006
51 751 454846551
52 922 806704386
936 45 670026833
251 306 824062743
697 364 913925771
803 792 932984115
446 590 215088861
652 676 238002010
320 446 104170480
177 870 696839763
893 73 603355162
755 828 122511080
381 211 244320089
796 364 421791388
816 507 803567495
495 733 104170480
497 92 289062055
291 134 473523908
932 669 144123322
908 189 657246084
624 967 695279084
44 347 17460784
475 940 986247801
71 948 113379321
212 540 375410491
73 790 15659200
223 162 573787030
37 117 622351983
971 636 829368106
827 907 228234720
929 237 351412039
583 684 228897992
692 437 100157695
143 476 869396036
727 208 931331296
907 478 969398023
415 508 971752537
248 314 595045552
472 222 281443530
868 329 8204569
351 710 777458955
996 806 113476520
798 879 699273314
534 847 104525222
325 49 611583520
732 329 177854182
811 382 911282967
358 503 554982936
411 88 458513569
630 425 961581926
292 541 797504195
345 813 763181006
194 582 917535731
972 803 33512210
469 129 806704386
508 3 718834706
340 718 986008704
764 235 995077893
533 150 530799662
158 358 699074377
40 890 491895877
875 307 17460784
132 801 150821420
193 133 995077893
689 390 491895877
724 154 839754880
476 378 206085039
866 394 138109840
25 869 780516735
152 695 648775939
102 545 870433159
61 206 787678708
275 402 229179403
631 384 554111008
986 84 68668640
622 428 393050644
213 761 753039503
74 148 999032656
839 902 59350794
682 519 737318954
625 899 171000914
281 520 701338612
272 122 238002010
66 375 593026638
355 276 488846765
658 131 239665497
479 391 448646184
559 852 112093975
41 434 348183422
690 173 501169947
95 29 63803150
2 633 671833980
439 88 765468611
298 307 456917143
473 956 500431680
193 585 515322896
267 215 295858485
973 917 279119129
342 758 913080823
629 254 35246103
961 174 195425567
458 601 819278672
31 218 969398023
360 549 303138292
350 389 805314073
689 904 518645674
453 546 356277377
232 211 448646184
260 358 869396036
99 29 688122381
867 991 114036126
395 54 281443530
913 480 550320419
908 644 688122381
110 593 333728370
340 929 60935178
328 46 174861424
5 766 904680035
366 273 740634861
473 444 769728014
820 404 814348757
7 550 363785401
634 380 301843627
569 380 474114015
518 431 474114015
842 65 157504398
171 165 880978847
568 931 874658523
519 657 965886464
274 661 531263245
687 773 995407768
524 866 971752537
655 775 197169048
895 979 554111008
110 83 454419244
319 805 870021527
549 588 538178479
211 440 94458972
81 430 171000914
74 490 900119104
716 129 518842048
187 141 487916357
584 753 273877164
827 722 945797906
727 957 136746727
87 891 519144392
93 416 964843204
550 510 918346938
111 896 718834706
943 194 867758682
696 272 554111008
534 565 164573559
628 100 63803150
51 868 108577544
321 573 230142352
862 218 524964095
322 721 122511080
926 182 533723431
218 930 353949289
455 371 283027531
794 962 104820801
81 557 266836622
787 228 113476520
137 90 223904934
133 142 115731977
704 525 234230427
288 612 888786275
873 598 114036126
962 950 657246084
448 9 804138617
44 521 797719293
391 927 327043936
190 825 519610856
73 309 54442858
998 161 841554682
345 857 33512210
605 992 551761408
301 206 766571164
105 920 54754584
806 109 221465395
101 388 289062055
401 247 137024565
465 636 855317714
636 498 947066523
345 82 219853746
979 305 931934813
669 247 300399566
582 983 316083248
937 61 174861424
622 590 541391133
812 837 600747494
458 91 176862076
604 437 931331296
61 981 228897992
824 185 474453831
340 970 491895877
612 466 324785694
908 283 701338612
158 58 769728014
713 293 281443530
299 365 150821420
104 686 913080823
245 929 266982474
963 428 677272289
17 86 573787030
177 702 119510756
586 119 248102902
234 9 753183354
347 651 999795834
543 157 29694625
475 412 649661482
685 889 929837685
86 168 594025013
594 635 951473412
191 213 872201214
612 45 694314461
673 258 934231901
193 451 65102955
709 303 24291005
125 706 740634861
313 539 54754584
974 257 104820801
664 904 115731977
903 625 104170480
540 460 662638056
547 338 991328807
256 137 484155360
762 537 657922952
947 913 243419804
349 475 986008704
885 853 806704386
657 69 794168371
836 974 33512210
342 120 58075819
353 334 482954809
472 372 990100571
87 667 2226506
766 507 113401116
194 615 738964750
396 851 777721180
497 541 995407768
174 484 442350116
957 301 409534863
169 315 51189960
460 67 54932454
211 741 964253189
535 14 108577544
338 364 435642138
633 888 519905737
598 800 144123322
398 896 259425181
955 799 58106265
400 832 964253189
405 983 174861424
333 311 745399635
939 214 351412039
947 733 587893664
91 453 573787030
997 13 616203389
804 886 593956022
213 462 554111008
268 171 337020863
683 695 458513569
246 798 659624489
117 402 585571772
817 355 116402211
798 252 540451233
548 109 328344180
974 190 107380604
708 692 144080075
583 262 527378247
350 278 893126072
292 138 569406976
327 705 375081980
107 276 412009066
27 17 870021527
437 100 237296398
92 146 110273671
339 512 867758682
610 672 765468611
801 317 289062055
527 194 285550703
291 460 446176332
663 244 931331296
569 948 164573559
788 550 201317733
952 744 683425943
791 445 285550703
976 86 577628573
735 826 959036888
587 475 324785694
123 631 797504195
655 310 528203871
170 459 591665388
804 556 312129399
60 745 593956022
663 936 273352082
154 228 518842048
6 443 569406976
459 448 449188355
195 493 231774574
597 886 475015383
755 910 221465395
538 659 127095218
784 880 575724609
569 254 35246103
666 983 421791388
225 501 918346938
801 643 326124263
637 739 991328807
510 877 885056020
385 239 507320894
352 651 554982936
562 346 228234720
379 366 832654574
196 129 450949115
785 587 971752537
140 801 622351983
948 986 372563155
773 936 500431680
663 214 488846765
850 577 481299480
5 28 645887731
757 846 949822169
518 774 855317714
401 85 49234850
783 720 98222608
455 602 936524796
113 131 197169048
918 323 986008704
471 901 634102974
960 519 163826758
843 481 247069141
262 232 893126072
413 728 248102902
110 501 518645674
535 738 986247801
675 362 888786275
765 74 870021527
417 85 495816712
27 312 518842048
991 10 670026833
315 736 519610856
199 130 694408320
107 577 445744500
75 63 263085325
183 942 737318954
213 433 26663665
284 594 226385469
411 647 952404967
49 467 533723431
164 690 82867203
292 57 900119104
581 330 649661482
632 796 659033613
930 679 58106265
637 709 961581926
276 454 837968310
623 193 375081980
699 77 737318954
901 229 873525256
729 36 977276590
62 926 263085325
765 16 312401727
35 854 226692385
714 570 274489665
544 520 804138617
514 692 579534100
768 68 662638056
137 923 122641255
274 189 702673057
656 849 495816712
653 972 664311854
482 426 105066828
103 630 582458784
222 418 54442858
191 139 176862076
858 742 163826758
74 606 228234720
867 648 911282967
611 273 123538159
211 290 797719293
789 33 411677889
587 560 138856828
680 388 113379321
182 255 558587919
711 159 82867203
962 418 94458972
800 88 587893664
440 208 435406337
897 266 487916357
474 620 909941592
124 485 695005251
100 387 474453831
356 495 272983302
307 360 65102955
207 728 551544372
935 617 756645192
833 751 301843627
352 200 995077893
204 915 201317733
790 795 804138617
625 995 287718657
314 452 797719293
927 213 728310572
786 886 113379321
838 911 593026638
175 415 780516735
968 406 984940970
440 855 324606149
565 603 995407768
881 609 787678708
96 748 353949289
707 354 251418823
913 215 733565222
144 464 103424208
600 958 112093975
641 396 696839763
476 354 952404967
15 905 172920608
242 100 263085325
489 578 287718657
709 530 132324244
342 485 798317080
967 280 954444722
594 650 940097549
241 10 777458955
764 259 53121456
151 441 530799662
908 253 628107720
183 248 545171053
811 285 48088549
946 407 947066523
687 489 530799662
966 551 665873309
429 268 221465395
821 327 356277377
557 938 582458784
584 834 621028754
669 24 266982474
34 470 105066828
969 74 26663665
603 620 554982936
543 101 80292959
259 88 274612973
383 807 312129399
94 737 518192937
413 58 122641255
426 236 718834706
398 114 633013191
666 720 444749125
468 871 59350794
840 729 144080075
307 849 333728370
986 38 456917143
182 818 639912428
236 676 272983302
231 902 450949115
461 545 997175674
838 156 159470301
528 804 593956022
990 31 208909184
974 469 529899177
755 561 583941351
81 921 945797906
580 485 540451233
829 969 541391133
261 692 215088861
559 323 348183422
162 522 696839763
636 436 780516735
1000 602 967662481
968 10 855830540
792 669 870021527
800 586 531263245
367 564 904680035
137 815 893603743
37 739 977276590
979 631 486121165
435 767 454419244
534 475 188079953
322 444 900119104
842 31 234679300
835 407 332905113
382 607 971752537
992 250 733565222
21 945 913925771
902 176 333728370
412 513 49894113
669 991 680040244
660 389 900119104
891 333 226385469
556 982 157504398
87 270 753039503
530 271 82867203
646 554 482954809
35 892 841554682
205 34 502881807
661 621 984244635
457 797 323312798
75 389 615223478
680 47 152134972
680 80 668486681
828 448 486121165
8 849 176862076
392 732 54442858
273 959 177854182
397 92 645887731
914 39 228234720
148 626 824062743
654 613 680040244
134 678 33512210
424 72 356277377
574 517 918346938
694 171 303138292
94 714 431410982
297 283 351412039
670 555 340373088
865 990 683425943
878 401 122511080
804 208 753039503
579 551 166322902
276 863 756645192
64 93 117863839
422 874 191294720
286 587 797504195
520 188 582458784
395 254 35246103
698 871 600747494
78 291 100157695
987 605 990100571
393 912 573046280
240 731 848515537
973 838 238306630
683 680 163826758
571 250 515362179
882 829 913925771
862 712 701338612
737 138 931331296
121 257 670026833
147 445 411677889
520 802 597090775
379 626 833826998
912 658 332905113
89 379 435406337
514 448 676812630
92 677 518645674
206 151 435406337
305 86 582458784
103 343 8204569
537 321 65102955
23 604 794168371
156 12 263085325
152 311 189164131
837 135 553279903
107 968 82867203
581 245 780516735
757 259 263085325
596 693 682100094
708 837 909941592
539 379 551021028
82 821 550320419
627 796 551021028
625 118 4419599
948 686 553279903
262 421 961581926
375 900 15659200
916 509 117863839
832 586 191294720
336 397 16768485
515 20 855317714
184 518 221465395
563 913 48512562
461 943 961581926
918 183 98222608
890 720 258271453
577 43 116267876
491 184 999795834
891 821 58106265
29 394 554982936
641 182 176862076
499 615 819278672
464 588 264039347
326 62 964253189
422 887 840433647
706 799 839754880
984 841 197169048
766 770 740917094
896 309 541391133
769 524 442350116
167 876 431410982
497 609 869184020
768 744 113476520
978 728 49234850
853 282 530799662
568 450 486121165
773 997 901660337
761 955 688299425
472 871 159470301
348 819 668486681
731 568 219853746
760 946 51189960
345 155 137024565
463 559 348183422
989 540 621028754
375 715 221465395
345 339 328344180
566 261 219853746
362 45 340373088
504 478 46902946
511 373 159470301
953 75 984175130
573 535 694314461
167 375 688299425
189 32 123538159
419 310 486121165
941 610 103722564
295 900 448117612
182 149 215088861
271 673 558382156
999 340 158181919
279 285 965886464
562 950 238306630
924 19 448646184
370 240 550320419
584 758 473523908
280 369 229179403
240 351 228897992
622 635 551761408
948 499 951473412
798 446 48512562
958 329 289849017
160 904 738964750
504 737 885056020
315 309 448646184
357 909 913080823
474 687 116402211
186 716 263085325
305 179 812252452
674 662 694314461
166 58 753183354
745 742 275635601
218 848 109555900
502 691 554982936
236 369 359971107
153 913 643739987
654 73 593026638
116 623 117863839
622 645 900119104
826 202 965886464
894 944 262465409
531 862 593026638
67 619 787678708
357 985 266836622
581 518 806704386
305 869 814348757
794 195 733565222
300 922 273877164
408 490 806704386
442 965 312401727
62 823 197467196
934 263 29694625
820 825 836424876
202 22 540451233
928 159 372563155
97 348 122641255
240 76 58075819
784 399 855317714
801 53 551021028
94 868 794168371
965 183 990100571
771 649 870021527
505 709 707794649
622 808 300399566
895 59 829368106
554 408 327043936
773 457 841554682
820 250 525103125
935 92 171000914
486 146 832654574
320 454 855317714
519 430 137024565
810 870 873744243
551 845 954444722
700 892 237296398
374 438 954778774
327 266 326124263
719 227 195460701
35 126 229179403
141 509 832654574
408 55 495816712
808 93 221465395
505 659 273352082
915 238 527563461
784 668 947066523
957 283 24291005
463 240 353949289
528 335 836424876
645 470 865163316
792 599 563193708
809 958 665559583
174 312 965650681
766 804 631027239
472 323 765468611
804 449 223904934
919 145 824062743
626 299 798317080
667 749 676812630
776 861 367894060
670 399 600747494
241 180 900119104
980 244 259425181
434 479 699074377
856 25 798317080
216 989 888786275
361 602 435642138
914 732 2226506
353 815 934231901
576 928 68668640
233 601 228234720
668 21 954778774
378 363 519905737
161 30 621028754
91 636 545698963
81 199 733565222
375 460 728310572
542 996 219853746
108 451 883292243
376 661 989598976
63 719 225748608
579 671 295858485
194 224 855830540
748 717 435642138
743 639 824062743
601 864 563193708
956 900 999884163
929 940 525103125
573 689 999996036
310 896 999892671
593 540 633013191
867 909 597090775
935 893 999980078
980 619 999995083
583 783 999968074
903 624 527563461
212 597 999829479
983 970 999958480
760 805 999974680
963 928 999955346
68 789 999884997
791 581 765468611
647 770 999870655
962 575 999864474
801 759 999987892
760 21 999906188
975 728 999848265
911 624 435406337
174 170 999812054
998 408 999997675
957 967 999823381
761 670 999802997
726 862 999907285
62 121 628107720
700 149 999951177
988 1 999996857
901 871 999830895
750 762 999848351
801 565 999908427
575 612 999978742
725 787 999987252
901 556 999894099
25 881 855830540
690 594 999991822
333 572 706517675
675 451 144080075
625 495 144123322
561 840 551021028
779 926 999797063
518 66 999821406
81 475 999843903
288 361 999902171
984 693 999952443
795 369 999948027
264 353 999903855
238 652 359971107
741 348 999997856
550 875 999842656
870 943 999991439
916 833 999880502
959 790 999799204
309 634 132324244
304 499 999875305
406 613 237031389
990 762 999796294
877 960 706517675
967 815 999890393
740 861 999972271
918 987 999906607
884 880 228234720
178 434 999890243
946 231 999819930
146 640 999862856
537 251 999888277
506 611 999950179
988 995 999908110
283 591 999827691
405 337 794168371
822 863 999936923
394 119 999906117
398 840 108577544
589 778 999868387
553 789 999834006
781 658 999867007
932 480 999835836
862 897 306174313
991 1000 999928234
719 854 544172035
958 945 999964758
111 364 999988527
545 998 54754584
933 927 999806132
535 820 999947536
411 181 999877500
838 693 999876673
429 721 999928619
794 839 999925966
924 840 999875191
748 219 999839026
792 433 999983767
590 514 999803074
219 206 999895744
559 877 999843237
649 608 999905332
949 905 824086552
893 212 999967329
995 998 999795834
618 291 999877770
843 551 999868216
248 925 999991683
118 663 999861635
590 426 999955350
897 233 999890901
399 1000 999960691
842 810 999880706
51 849 737318954
843 986 934231901
700 353 999821464
962 286 999909381
638 404 144080075
815 860 999993477
881 889 999859027
358 213 999812313
772 752 999880333
861 901 999995717
620 8 999868447
594 338 999868858
234 31 944316724
995 999 46902946
279 618 273352082
268 688 999908540
104 514 999815697
513 742 804138617
338 943 999948538
900 825 999969585
24 550 428159452
82 869 999997251
679 674 999956602
270 259 999819998
391 268 999998438
535 882 767613951
112 977 999797921
773 975 63803150
978 998 117863839
754 442 999974272
992 965 197169048
917 891 999880444
963 696 999961834
290 692 999970945
909 904 999863123
891 390 999853349
1000 996 999887276
945 955 694314461
782 793 999967186
182 772 855317714
574 499 999846187
355 32 999938189
411 288 999977420
320 381 999819345
753 984 999838707
336 552 683425943
297 163 999956631
940 43 999868399
994 985 540451233
305 997 999804558
585 898 999835828
636 79 999977304
911 895 999895385
787 105 999961015
962 959 999956564
838 410 804977795
735 398 621028754
337 182 113476520
23 37 999992358
492 6 947303608
506 737 527378247
446 59 999798058
795 881 999961545
731 990 60935178
848 226 999799556
812 974 999960309
296 659 999908527
541 318 999950863
813 198 507320894
721 575 999806607
803 777 999942808
521 717 518645674
952 956 512353268
544 624 999801319
955 603 621028754
618 894 999909207
696 338 999956969
870 688 575724609
987 751 999983260
990 238 999921465
870 394 999996690
699 651 999896385
970 554 649661482
862 681 999796789
697 546 999802406
17 452 999942525
338 467 999914913
742 891 103722564
459 768 999994713
906 922 17460784
30 885 999873382
431 597 393050644
998 983 999823595
832 972 999943349
799 975 615223478
570 467 999980625
976 861 999960826
368 669 96098985
453 284 640751432
655 664 737318954
196 542 999799721
700 863 999805076
819 763 489130326
742 782 999944162
870 986 999852506
751 712 999809640
855 842 999956381
985 534 999995213
766 210 670026833
117 26 49234850
297 46 999862620
793 348 999972644
617 813 323312798
805 357 999943552
975 523 999982320
999 535 999843569
885 106 766571164
505 664 999907760
896 293 683425943
48 295 999875161
961 950 999856245
750 520 999892314
579 529 999906301
263 650 999948674
927 938 999991959
994 914 875641937
345 920 855830540
86 33 999957887
597 674 999807270
70 465 999812117
878 642 999858097
354 9 999955244
972 986 999949514
917 449 617748106
924 951 999974647
779 534 999821273
929 869 312129399
962 945 999946884
436 327 999889222
989 877 104820801
924 962 999897872
38 669 999925798
369 267 999940002
421 922 999850140
545 647 999996123
890 945 30843694
295 390 999825486
399 780 188079953
726 203 999881359
793 820 243419804
866 452 787678708
679 439 999879663
530 355 999842857
805 886 999860343
323 470 999994850
309 430 999805232
969 388 999821109
601 739 706517675
819 957 999798911
413 563 999979081
978 874 999887464
792 606 999878193
706 170 228234720
202 863 999878454
811 851 999796910
999 960 999812963
843 520 999884785
510 238 116267876
309 334 999962787
520 571 999928793
485 5 999968057
465 834 259191376
730 459 765468611
830 897 999953191
872 220 393050644
967 548 999931335
857 962 999799175
723 854 999979420
679 808 266836622
494 763 999941115
314 905 999971225
478 614 999796024
839 471 999858369
697 920 999872857
861 952 999850664
852 806 999820071
598 677 247069141
215 859 999808816
425 470 999961824
797 867 999997631
197 594 999881789
564 910 999863231
414 88 544708648
995 717 999930497
866 498 999866722
970 973 999846529
991 997 999904960
761 886 229179403
989 973 234261875
881 728 676812630
542 551 999896652
940 910 999894548
828 580 999900792
739 809 999941645
724 765 999894024
950 956 176862076
910 797 132324244
576 747 999903288
739 729 999804176
568 401 999896785
937 740 212582215
130 374 999821441
551 617 551021028
611 736 367894060
400 530 929837685
256 765 999973746
401 912 363785401
55 155 999983565
864 656 999896397
909 807 780516735
480 673 999912521
955 948 999956468
569 857 489130326
146 240 999873456
904 982 999876989
139 812 999887903
496 436 999815145
997 995 999809342
872 506 999982049
782 749 999830322
15 262 695279084
753 55 901660337
904 935 999981718
739 828 431410982
629 470 999987550
183 732 999885688
928 74 999798028
604 999 999905459
961 985 519144392
788 106 999946190
959 729 999807174
967 603 999891486
111 699 301843627
890 278 234261875
772 883 999809557
153 611 999801631
211 549 999827879
644 397 590648585
325 313 880978847
932 570 848323987
547 736 999983645
132 359 999941512
30 702 999844270
753 808 999997159
847 639 999842001
454 204 628107720
577 857 999972259
714 621 999946023
299 925 46797013
785 556 999924670
465 513 999849047
912 792 999935623
128 894 999972959
126 955 883292243
244 681 798317080
127 210 999934712
26 410 579534100
584 336 999999274
919 673 999929937
57 421 999836548
47 180 999949680
335 672 999975981
695 929 999832278
348 525 999960631
341 627 999855132
371 674 487836043
788 822 999935848
503 799 999883327
142 929 999798722
684 784 999806726
857 899 999956757
460 486 880978847
123 98 999085167
675 943 787678708
412 193 999936011
648 585 999886197
966 38 999948270
958 823 999881053
523 746 46797013
682 679 999967901
415 575 999878128
693 921 999866417
977 975 999993573
615 192 999849089
999 982 999950681
974 270 999937453
983 290 351412039
77 267 999872326
476 334 999995346
459 762 999834697
604 815 671833980
347 663 215088861
993 700 999799241
688 352 999989801
537 659 999859830
978 574 999820109
154 172 999795834
967 316 995624953
625 667 999826934
963 975 999800131
554 852 999837971
687 828 327043936
931 929 634102974
273 28 563193708
568 340 839754880
991 979 999884695
164 96 306174313
445 900 999815088
646 399 999970421
389 671 999953747
476 363 123538159
629 450 718834706
832 730 999840794
372 468 999851931
799 187 999854249
865 282 999842012
957 781 46902946
936 918 999967123
880 756 999887275
949 986 999968489
386 550 587893664
907 997 442350116
512 270 237296398
975 698 999956673
457 542 999833592
633 645 999943440
417 825 999959929
278 57 999856549
653 844 865163316
660 640 999985957
849 34 621028754
418 290 999928315
838 839 999903748
956 992 999878566
436 303 999821800
1000 983 274612973
3 469 999954349
640 598 999869696
835 527 999805397
923 844 986247801
949 968 999811918
524 882 999868308
699 653 999894365
871 907 46902946
710 540 765468611
544 714 999960235
336 967 977141858
325 449 999938211
485 260 999839403
249 541 977141858
922 881 35246103
579 292 999901154
745 699 999988502
486 337 525103125
647 425 237296398
653 729 718834706
909 953 999987900
854 698 999966503
735 745 840433647
779 990 999820622
787 798 999995981
978 943 999981202
279 783 999869743
987 960 999937621
433 682 448646184
988 769 999951713
828 814 312401727
614 251 999931445
722 896 244320089
931 139 999941014
638 103 984940970
879 16 999880269
19 701 999832960
958 913 999887846
847 879 997175674
975 843 934231901
665 756 999950321
837 567 999861959
184 576 999936299
944 973 885056020
660 830 664311854
777 669 258271453
97 870 999887706
840 810 999966047
896 884 999985935
497 991 999808142
147 754 999802128
920 842 999798028
216 81 999835404
716 925 999910657
941 771 54932454
907 785 238306630
645 50 367894060
383 324 694314461
409 956 515322896
999 986 999826394
324 850 456917143
977 982 456917143
860 975 999826412
795 844 999847104
99 210 999857521
545 686 999883126
449 240 999806867
214 631 683425943
272 738 999873005
668 178 234679300
849 483 999830226
471 608 559727771
783 909 999798443
748 829 999903162
445 149 587893664
522 5 999893916
617 838 999823706
416 913 824086552
679 840 999953420
704 859 999834020
745 427 999869986
1000 965 999804313
553 880 487916357
495 317 999997924
980 925 699074377
936 988 999872497
659 643 999899391
330 466 262465409
864 773 614004736
806 761 999901116
510 93 229179403
886 840 911282967
734 822 639912428
998 858 999821153
463 615 999922896
669 268 999798384
996 827 999816880
697 351 228234720
490 127 35246103
954 916 999885097
315 772 999896760
684 994 999904946
322 758 999891069
963 808 999810045
901 797 999951864
887 331 999834292
759 590 324606149
20 631 837968310
965 490 999969682
910 571 999847115
836 989 272983302
714 859 999990212
305 589 999986492
654 8 880978847
782 895 999848956
732 683 999900658
767 871 228897992
21 47 999838969
937 341 833826998
834 921 598824838
862 857 875641937
665 115 999932861
298 203 96701379
678 851 999951987
913 925 999970992
505 416 999817703
14 558 999990603
257 431 999815384
92 953 999931015
451 719 812252452
236 950 999997926
751 571 999886382
799 464 228897992
485 301 999956258
899 378 166322902
827 800 265526721
511 370 17460784
974 952 999803353
418 709 4419599
675 169 999906868
715 203 999807478
948 995 999803512
60 502 174861424
939 366 238306630
832 937 720085757
770 600 738964750
702 192 51189960
985 973 999863745
690 957 999830574
968 439 999866002
823 661 458513569
703 517 999947335
343 357 999085167
661 583 999980143
739 343 720085757
392 677 999864425
287 648 999986205
467 889 999889973
782 280 60935178
744 745 999824503
690 94 665873309
77 4 999852669
518 659 999904192
274 694 929837685
575 409 999892295
582 630 999813080
788 631 999939967
204 624 999951572
840 375 999922790
861 910 999837542
526 636 999865906
100 834 999855419
573 261 166322902
409 891 999942242
435 793 999827859
209 708 999843407
813 424 999969699
50 84 999867845
974 834 999955168
502 38 999910802
321 68 999962288
494 617 683425943
994 996 999798798
837 656 999961158
907 888 999916247
257 74 694314461
428 974 999874217
703 743 999947533
995 943 999802264
954 911 999833802
824 851 999989063
262 570 999830723
980 746 999992656
445 524 999974895
801 621 110273671
899 944 999913105
949 987 917535731
953 784 2226506
888 679 999950920
812 963 999978059
618 646 999811847
420 906 718834706
150 887 281443530
708 738 999904854
506 427 999825840
921 954 999900831
919 675 999826868
783 576 999879068
928 457 999830191
885 830 999875516
177 897 113401116
786 667 999820227
913 879 999885193
927 812 999799806
774 651 999852230
880 589 999948866
919 794 999962466
369 952 640751432
387 947 999874381
979 993 999881263
164 268 999906500
978 991 999992369
262 221 999830771
314 867 999998607
518 611 630231792
573 305 999920313
288 877 999888483
671 867 999889810
944 999 999895472
931 794 999967226
371 295 999918923
644 750 999995923
798 820 999931353
222 462 197467196
894 389 986008704
720 32 999917440
831 628 999997803
794 965 999958025
847 701 699074377
833 55 999979289
533 883 999873493
791 989 999960200
664 171 707794649
884 776 944840867
647 131 999976451
278 737 999937644
784 852 999890155
941 124 524964095
903 961 999928461
57 249 804138617
372 733 683425943
909 970 999873102
524 668 999952199
280 932 999998873
258 651 545698963
918 256 226692385
629 388 999890826
937 776 999976636
287 27 999885429
779 822 238002010
364 284 999908155
744 524 999916495
479 627 999951616
609 865 999884894
523 630 999805801
981 774 695279084
874 258 999847009
55 74 999954446
711 626 551021028
527 458 999814866
757 627 999868243
844 526 999976039
601 149 999941583
742 226 999869903
482 212 999881189
978 925 999926213
997 949 999843843
531 701 999954518
161 240 999881543
814 487 999834004
854 861 999911241
923 826 225748608
300 315 999872837
333 796 554982936
168 694 999908757
321 839 999868283
181 388 999947451
831 665 999864795
439 234 999987378
697 807 999863398
818 968 999815468
905 880 999972662
321 256 999907811
980 979 999825410
809 859 448757792
783 957 999894069
489 843 999829203
683 880 999913363
870 752 999989538
419 179 545698963
506 117 999799950
974 983 24291005
420 260 999975237
529 424 999918925
587 613 999943237
20 207 999934651
325 115 999850417
107 956 951853836
167 545 999939786
502 527 281443530
875 915 999969403
607 49 753183354
264 18 999846600
840 906 999980895
94 540 999886629
742 913 999972668
783 127 448757792
544 616 999855951
241 199 486121165
935 875 769728014
981 970 999862084
301 501 931934813
896 962 999986059
741 691 456917143
76 500 248102902
905 977 999864204
861 944 999918908
965 954 855317714
267 649 999990036
995 892 6158496
613 179 999969772
488 648 999814225
729 796 836424876
124 500 489130326
568 510 999941068
873 287 999932184
908 949 630231792
524 908 999930075
130 567 999888021
806 825 999830996
638 498 583941351
793 683 999813661
928 944 999912068
870 253 999854159
733 842 990100571
337 410 999798593
823 769 977141858
956 921 999849460
997 908 551761408
815 886 103722564
221 237 986247801
745 984 26663665
926 964 542009731
290 668 995407768
930 397 999839497
821 678 999851750
769 545 999890787
114 666 112093975
59 54 999890819
785 551 999898389
96 635 999825199
283 495 999874324
848 659 999978355
391 943 999797404
914 785 60935178
841 843 999874531
183 787 999893805
757 192 397210141
717 913 999859081
972 984 999932620
243 587 412009066
868 584 999813501
803 550 999829274
979 69 999898438
346 750 999864751
529 713 999897642
976 747 999886143
944 804 999916401
988 460 999943609
108 964 999842442
461 599 621028754
708 654 999951791
872 996 530799662
935 310 999964910
866 957 127095218
932 660 999862520
451 400 217481306
529 638 999806821
599 898 999824719
890 725 999807286
662 369 999967749
304 439 999910815
561 270 999906756
876 933 999913877
884 268 353949289
795 843 695005251
519 720 116402211
421 242 797504195
242 851 999831142
755 753 999865086
278 453 484155360
25 195 174861424
530 319 999830355
144 291 999809159
256 837 445744500
975 993 999861767
951 943 999865156
683 35 515322896
718 100 528203871
835 827 999917578
865 944 999901865
886 866 999821577
812 941 999854774
862 969 999834284
310 928 999821677
810 997 999863973
978 983 999951042
416 775 999921887
417 594 736766852
602 102 518645674
364 923 999870604
550 193 999823613
595 406 231774574
953 873 999901230
352 914 999830519
667 193 58075819
998 871 999997151
38 514 999855092
894 889 551021028
938 791 999925580
573 214 999953789
211 787 999826914
368 484 999960837
191 650 932984115
913 419 999960720
522 469 999872581
282 821 999811602
314 939 999829571
67 400 163826758
895 942 119510756
468 259 999968816
16 510 999897410
882 912 409534863
258 820 969398023
878 351 166322902
299 628 999965379
247 9 49234850
67 312 999967641
816 274 999833819
661 889 999854417
657 167 999828414
995 282 999862281
469 241 999963078
602 184 999884785
824 241 999884079
717 419 558382156
817 613 188079953
730 816 999924898
836 880 999902724
786 603 999825078
295 801 999990361
503 268 597090775
702 614 172920608
200 470 999967301
70 520 999891326
379 708 999935262
468 788 999967017
900 769 794168371
355 841 999984530
905 200 999878735
623 983 306174313
12 86 794168371
908 847 999938079
577 586 989598976
976 947 999907234
5 120 999852197
60 936 999942212
785 471 999804974
846 743 999890515
986 994 999916848
254 942 999983461
790 870 999872690
211 530 840433647
511 914 999828758
906 546 999876912
426 869 999923042
975 803 999923453
614 719 999847125
602 841 999918909
692 247 266836622
873 878 999982091
319 729 541391133
554 729 999854892
237 586 224583837
897 628 999885583
663 775 26663665
912 477 152134972
859 277 999904398
495 433 999952661
518 688 999910421
938 742 999969365
843 929 372563155
867 920 999983423
235 455 999851248
381 843 191294720
290 782 999920449
940 876 999859467
26 813 999961191
528 291 999915195
788 252 518192937
451 889 806704386
102 988 999871689
596 189 999896398
474 471 999969262
945 48 999823671
641 76 999946123
226 378 999974162
662 425 984175130
937 928 999923911
624 937 999813999
770 978 999833469
961 163 999861856
383 575 98222608
548 391 949822169
852 714 999942048
724 944 999806447
466 515 999934997
464 475 294305223
625 788 745399635
963 369 999967406
610 804 999947753
227 270 999848417
808 609 999846214
899 945 999962898
202 10 164573559
660 410 954444722
600 909 999974700
378 634 454419244
980 967 201317733
573 889 736766852
845 196 999853286
26 637 999888300
598 727 999994369
47 489 999966489
480 601 999913763
186 673 999980802
202 236 529899177
287 754 999988902
975 881 136746727
347 194 999965084
825 594 999872676
788 977 113401116
647 539 999934027
862 942 999979496
703 841 999922225
854 580 662638056
435 485 999897293
926 935 999801116
253 957 999840049
965 937 944316724
957 921 999910359
571 371 999920151
569 792 999974876
894 999 999895942
841 298 999817551
699 784 999928701
221 251 999901747
84 604 999958435
963 790 545698963
539 323 628107720
431 762 999942170
963 729 266836622
94 431 999991475
899 908 999895973
218 951 103424208
915 752 753183354
458 907 327043936
149 833 999953844
719 908 999895262
538 489 98222608
738 976 999899160
581 59 999961473
456 119 206085039
308 593 999907330
337 862 999960009
331 342 999989750
873 406 999942743
403 191 999873780
162 433 999801463
471 745 299832240
52 153 999960683
975 753 999812400
384 185 999805088
256 609 999801428
1000 914 999902418
613 371 766571164
323 630 999971846
848 1000 999959998
382 710 300399566
263 986 659033613
699 939 999941270
926 844 999976334
836 287 999979076
479 287 999895713
961 965 999913627
919 419 999986683
685 778 999903178
12 813 502687514
674 411 999904063
768 455 999864758
188 939 999910367
282 568 999868224
951 915 999852617
689 496 999928493
894 206 999928556
449 881 940097549
262 847 999824037
412 331 999874525
598 296 999932874
352 440 999909076
922 905 999888722
623 24 999799792
929 725 563193708
732 436 999851825
721 907 999874211
921 946 999884645
950 982 999837445
911 574 999811768
586 142 740634861
209 235 999887824
892 782 51189960
931 701 575724609
748 834 680040244
484 870 999843014
274 936 999797687
915 315 999971916
637 211 999809729
958 797 999894877
619 315 999931716
355 192 900119104
988 912 804138617
119 624 944316724
103 21 999912248
374 216 999795922
968 969 999914092
646 788 999896355
959 989 265526721
124 376 999821323
347 680 999887307
688 73 965650681
841 875 999828419
880 983 999838755
591 977 999820159
738 640 999903345
583 564 631027239
865 805 999964848
416 53 999931548
954 272 554111008
451 236 999923205
476 107 999990664
817 214 999865542
834 938 999874894
683 834 999831375
648 248 633013191
92 787 649661482
356 653 999994935
627 199 999917117
634 407 999901147
456 120 46902946
439 556 999994114
903 808 104820801
735 889 999986344
901 366 999924652
939 996 999894147
396 701 489130326
927 649 999981289
419 612 999953161
326 339 999962250
641 65 999941992
836 867 999885445
684 531 999851188
916 56 999981221
980 998 593956022
493 424 999987345
382 840 239665497
901 659 362472751
933 939 999975592
255 293 999894771
806 713 527378247
285 3 999952771
694 556 999969164
322 127 999921184
399 340 999875632
494 686 999965092
474 426 477429422
664 597 999895917
254 85 999810493
824 789 999924335
774 970 999825268
578 774 999820046
195 627 999911970
985 929 999898405
796 192 999882648
968 939 999876398
639 323 999949858
281 98 999926337
648 481 999883323
689 505 999826528
959 834 999856306
91 746 999980349
364 734 753039503
646 991 999929218
378 704 482954809
671 266 999867459
852 811 138109840
217 99 999925798
436 525 999943353
455 649 999986633
232 453 999909825
749 970 999806347
526 733 54754584
372 744 999896872
341 499 999984822
468 471 362472751
392 920 999903797
878 982 756645192
385 415 999918595
143 720 999876890
79 42 999864512
983 995 999852612
54 848 999954815
400 608 999871675
965 863 999975460
906 992 999829049
636 156 999991009
763 725 999800697
514 943 999829226
975 189 999969264
605 601 999956371
219 135 999826488
811 714 984940970
985 886 999970071
863 958 999845917
864 967 999967629
136 356 999880217
554 872 259425181
986 998 474114015
429 434 643739987
350 128 999914443
767 691 999960033
403 620 999837851
512 522 999885321
784 481 999975788
68 332 934231901
900 934 999952588
353 763 999879356
435 444 999904807
808 688 999862899
726 280 806704386
148 994 999974614
765 913 677272289
552 963 999853986
460 204 999948153
834 962 999945487
596 674 999854446
24 191 699074377
799 902 918346938
826 906 999976153
935 173 999898092
506 403 999918554
888 874 999873584
295 512 728310572
887 113 88912662
408 856 999913155
313 487 999873738
335 33 999801546
993 961 999996495
8 803 518192937
406 486 833826998
949 107 999807512
997 904 733565222
772 292 999814500
954 28 999829034
14 622 999961021
586 106 959036888
420 97 848515537
277 287 999915236
605 671 428159452
932 524 790833742
936 891 999849963
958 821 999871674
841 176 999893453
733 54 999944705
357 430 999970563
738 553 999812429
8 647 999859640
972 636 999937134
167 457 997175674
534 238 999826685
943 973 696839763
581 857 999875484
203 244 999958690
669 967 999926299
415 648 999827697
711 989 999984086
949 870 367894060
794 814 999904602
216 29 999957331
88 95 999981440
925 902 999932584
669 427 999810498
949 930 999835186
925 927 299832240
391 494 521933983
990 969 905565344
653 914 766571164
808 569 456746707
812 294 999877326
477 853 999928891
16 127 999884525
97 592 929837685
417 505 999956238
965 894 999825360
414 317 999873653
688 809 999798282
473 34 999827589
553 555 999911800
545 781 999878557
877 529 999965935
294 924 999872885
423 694 999845933
697 733 999804157
175 751 999881148
543 971 984940970
499 598 999928845
821 956 999830423
207 699 221465395
992 633 999965512
231 324 999823905
959 222 180574865
987 942 113476520
671 463 999899613
46 814 870021527
312 219 177854182
942 440 999832416
288 611 999881014
344 349 999913056
866 757 999922784
904 926 999936464
942 933 999877569
960 641 999818106
761 993 999900341
227 369 836424876
506 636 999830687
119 926 999962944
178 829 999826426
981 990 999902542
303 752 999999377
735 891 106008083
879 129 999910535
538 564 999923859
968 602 809031205
971 550 999920442
6 884 999818856
967 46 999903393
794 897 999966632
678 244 645887731
718 754 301843627
631 683 285550703
418 368 999905014
880 899 999972943
638 943 999859585
658 264 50413643
983 678 999961593
429 521 999880040
54 903 999806553
733 537 999934136
448 995 303138292
880 446 999949462
172 217 999874418
288 31 158181919
930 403 999866111
928 630 707794649
834 147 999926441
512 977 999797612
678 489 999895233
97 814 999964289
559 834 999980821
994 682 999817961
253 272 999937960
392 141 677272289
659 648 980830780
941 849 999919833
8 634 999883028
574 747 999828288
946 979 230142352
986 582 999835753
709 768 999938474
943 998 999848288
753 668 999840147
420 629 999961543
964 902 999799027
875 893 999860298
298 898 999981717
587 840 804977795
547 684 999980239
74 538 999974543
580 741 230142352
675 723 999803185
941 978 999865935
708 989 471556220
76 656 999993722
497 415 999897801
657 618 699273314
746 859 999805774
528 541 999865799
974 480 665559583
314 184 999816787
171 968 833826998
435 640 999992336
908 814 999827413
976 980 999993140
134 496 999979986
869 823 999965201
994 829 999868660
66 975 999938229
684 569 931934813
817 950 767613951
162 623 999956544
990 977 999812677
603 625 228234720
255 445 999912490
280 247 999993176
567 995 999894899
401 175 999976677
319 555 999963827
907 804 679671326
294 333 999960344
129 348 999993110
581 314 999927721
482 892 999906064
692 627 999841202
624 346 824062743
878 281 999965718
584 996 999830052
978 996 144080075
811 958 999824925
658 942 138109840
204 398 999938658
417 645 728310572
762 755 191294720
768 773 29694625
928 869 999893427
49 904 408895784
342 472 999865533
808 966 999866837
378 444 999886824
872 788 224583837
845 803 999905245
396 521 999971425
103 123 999826024
153 536 986008704
968 668 999882900
435 175 999958565
841 831 617748106
457 299 999933102
291 261 999980056
428 903 999907149
143 162 999926037
730 817 999952789
269 653 682100094
517 338 999915418
891 944 999909041
479 152 999993820
892 4 999897105
736 882 999926940
969 886 980830780
975 910 482954809
133 689 832654574
84 457 999919651
154 310 999988098
319 318 999845799
411 490 999874727
519 959 999889039
791 967 999951395
170 877 999974768
553 960 999832441
798 924 790833742
794 351 640751432
987 865 999874928
940 900 999990022
829 610 819278672
112 308 999907949
655 709 48088549
371 793 137024565
899 63 999967424
598 705 999810280
555 880 814348757
995 432 431410982
863 743 999828293
942 923 72021030
440 671 999846232
288 604 999914913
712 947 999926779
48 918 999981876
321 394 999805260
577 489 999953045
91 660 999820573
761 762 999947117
194 370 324606149
960 994 999838883
748 573 999897466
655 190 865163316
28 275 999899589
593 627 901660337
717 482 999899811
374 843 544172035
887 882 999849525
929 617 999955985
305 452 639912428
990 745 999819538
500 851 709753366
545 226 389628328
648 502 999810444
497 965 999974952
815 627 593026638
708 896 999885589
637 652 999881570
764 449 999833412
745 993 999908123
440 439 372563155
391 448 501169947
701 807 234230427
877 689 999918446
735 117 999928191
917 814 999816401
935 531 54932454
343 61 206085039
952 947 929837685
253 520 999959355
356 790 999812728
621 577 999856525
811 578 999798949
527 549 999944957
833 920 999855027
898 917 533723431
76 274 999841462
986 797 999942085
594 720 999918544
970 559 999907590
888 869 999986882
450 438 999940641
417 709 798317080
890 90 999823629
690 435 999907818
868 973 999809948
334 104 999912978
661 195 999916974
986 985 999940907
547 927 999936484
471 827 999977512
26 476 238306630
427 610 999859753
46 676 228897992
686 793 348183422
876 672 702673057
432 971 999856620
552 717 999972156
565 862 999883971
978 987 999877932
790 364 999892600
478 957 999845286
143 132 999896277
143 529 999815275
890 789 999806303
992 959 999818603
792 827 999840881
814 896 999795943
216 881 226385469
581 636 999830303
863 428 999816834
864 536 999889350
975 40 811394047
763 949 330819276
561 136 999904669
861 381 999998315
838 731 999876743
593 946 999867810
883 900 272983302
303 991 999938492
420 11 999845019
337 47 999830240
952 924 999931040
367 397 999907838
624 530 947066523
639 684 999836562
111 345 971175302
90 531 999987087
204 212 824086552
817 996 999976104
416 185 999824126
724 632 999804942
949 45 999954844
912 738 999815542
520 845 999937839
251 466 999811608
472 100 999804018
635 856 999848461
98 996 999927991
512 771 999849204
382 659 756645192
822 679 999960716
959 201 999935891
954 943 999797327
815 20 999858662
659 990 999927010
796 842 999969616
984 211 999867384
792 720 999873295
887 766 999850639
633 948 999858151
701 993 999949990
689 703 848323987
871 650 999947354
9 548 49894113
425 529 999931325
242 270 836424876
892 826 709753366
785 832 999911159
382 832 999968055
400 37 999946478
980 580 999853303
772 985 999816297
575 747 999812633
47 645 999948918
919 978 999871813
700 572 999878793
501 730 999834678
223 929 999915537
834 499 999974187
496 635 999902387
149 638 244320089
102 21 279119129
251 966 33512210
946 734 999898355
380 656 697246089
878 928 999958786
376 192 999905386
828 821 116267876
462 92 51189960
717 781 999972587
352 490 999952153
760 960 999909623
987 825 999987184
859 841 486121165
928 615 640751432
674 885 999884436
215 207 999890339
563 774 999995284
988 989 999918301
122 943 999842388
810 216 999998623
85 593 695279084
995 982 999912440
771 884 999882237
593 240 999872497
992 980 999939097
767 902 999810435
998 989 665559583
986 996 999816395
647 605 428159452
936 871 63803150
867 982 72021030
851 720 893126072
718 734 999928741
359 597 999859561
339 195 745399635
840 987 408895784
820 576 777458955
461 75 999849028
467 410 999932429
797 873 999949322
499 773 999828683
936 926 999857649
254 716 999973236
789 504 765468611
551 472 999859763
466 611 999942035
914 522 999965237
278 841 999877531
268 207 999916674
991 977 999892691
800 980 174861424
867 973 999932842
657 733 999858631
56 624 999826921
993 986 999918506
848 623 999965024
186 207 999996147
827 1000 999812150
1000 985 631027239
515 920 999968075
755 522 999969661
357 291 999946963
383 609 999806970
873 622 855317714
901 176 583941351
908 290 736766852
136 488 999826028
348 256 558382156
642 580 999884357
341 321 999949387
980 987 999812022
618 161 999846274
808 779 999915366
437 530 999980719
602 915 999967538
942 808 999842833
978 981 228897992
425 465 999873145
559 823 812252452
581 781 999929079
959 950 999932478
35 621 999913607
767 660 999801282
808 824 999852115
859 749 999814182
787 829 195460701
147 624 175817446
937 690 46797013
630 607 999835943
112 325 999923291
220 693 628107720
950 878 999833133
853 676 999879931
376 211 999917991
898 964 109555900
975 865 999846447
70 998 531263245
147 660 668486681
984 586 999863485
158 961 999908481
83 435 999822046
250 481 999875501
573 155 999869904
38 747 999946938
940 966 299832240
945 81 999864949
883 799 611583520
796 709 999858938
793 104 999900362
846 926 999884454
969 450 999997963
142 672 999849295
701 795 999903175
985 931 999996496
294 352 944840867
900 882 999834180
178 660 35246103
655 303 999829864
760 890 999920304
458 469 999983012
574 162 999926533
934 979 797719293
842 533 999999783
298 361 999836304
607 295 195460701
983 989 312401727
961 979 999899120
485 434 999802245
877 835 999962401
707 241 999891397
167 731 959036888
569 729 954444722
781 996 999996875
538 220 6158496
945 676 999989167
464 910 767613951
705 138 24291005
599 266 999979814
668 537 999987787
422 302 999878330
552 22 999932845
673 466 999855008
943 31 999821886
757 990 408895784
467 641 984175130
705 335 999966772
954 470 999818917
453 10 375081980
147 970 999950203
49 694 986247801
453 707 448117612
822 203 409534863
711 874 999984007
467 623 999866961
485 731 611583520
982 934 999977929
778 457 999973228
857 454 999884325
989 997 999846413
665 454 999865435
81 69 337020863
979 694 767613951
667 789 740634861
471 108 171000914
163 683 999835397
409 157 266982474
868 937 999990358
888 483 554982936
974 399 999893885
746 890 999951526
137 786 999802663
177 947 999890144
340 765 372563155
673 649 999802543
889 822 98222608
888 844 431233571
889 367 999987119
960 982 999910007
724 136 50413643
114 784 528203871
289 803 248592028
875 884 999912721
964 771 999931581
532 933 116402211
646 705 529899177
855 398 999968505
15 902 999975016
620 707 999956439
717 963 999992926
233 376 999875343
984 867 428159452
887 377 999882906
817 453 454419244
847 987 999853152
514 683 999845595
85 103 999870450
932 980 873744243
662 822 231774574
794 91 999921685
787 143 999943246
548 772 999873846
996 896 171000914
511 182 999967337
347 849 628107720
836 856 999880791
862 923 999870112
949 955 999884939
978 985 999993227
488 809 411677889
795 407 999935532
538 457 999801678
909 666 999907342
720 964 999989515
969 139 999812932
847 694 999956154
829 29 999991905
444 875 999904637
649 991 999973547
593 845 999973477
390 488 999838508
901 365 999891678
986 990 643739987
821 892 999989483
238 55 327043936
686 93 999862813
988 324 999919118
643 906 867758682
867 597 720085757
605 697 756645192
894 977 999976524
727 416 885056020
748 988 999864366
962 979 999930168
993 999 238002010
192 272 999832650
273 329 999979611
939 922 676812630
849 465 999846334
612 458 880978847
867 929 999863965
530 553 999879119
999 985 999799435
512 325 999947650
669 591 999987957
766 657 999880496
281 651 999952588
469 956 873744243
954 913 477429422
595 143 999891353
741 770 999962001
862 359 900119104
877 660 94458972
880 760 98473367
709 577 999902273
801 387 999907649
42 485 999928558
982 841 999831848
278 192 841554682
848 502 999864875
855 40 999900516
946 999 999857493
609 913 999923881
899 884 999878516
629 631 999807277
224 354 999796278
833 829 999909183
987 959 999895809
626 810 999888289
962 981 144123322
833 871 999979098
416 226 273877164
965 926 544172035
840 721 999911159
109 965 999819082
481 292 803567495
977 770 999832893
436 455 999978773
964 953 999958698
779 546 999915946
855 924 999921960
841 604 999810286
834 267 999973446
953 841 593026638
700 940 999915622
523 380 104525222
960 969 999799948
123 842 999834269
456 733 999858488
490 483 999989465
719 79 999927415
886 125 999855504
72 908 999950361
997 962 527563461
117 65 999973341
85 105 999921853
94 64 475015383
918 959 999905225
461 960 999901204
865 741 999981976
428 101 230142352
852 574 999839382
979 988 999973513
705 842 999995490
867 411 999859067
616 953 999968159
751 866 157504398
943 387 999801766
462 343 936524796
220 311 999800336
301 382 806704386
926 393 999950478
748 692 999889188
401 219 999901527
922 780 870021527
764 883 999959503
370 504 999872453
360 654 999815595
905 613 999823918
936 386 999959017
994 835 491895877
549 33 999928564
512 362 648775939
591 257 999872642
976 67 999828314
956 987 59350794
482 37 999810793
631 510 999925205
36 876 999933179
63 877 999854970
356 419 999840740
537 585 999802110
953 960 996256213
679 187 999908883
318 760 144123322
431 516 999999135
999 773 999873595
847 375 999892117
842 759 999821942
971 903 999838721
60 881 999914581
554 645 999879893
976 500 112093975
848 952 971175302
520 497 699273314
680 226 680040244
297 129 197467196
713 322 999943875
4 429 999994032
503 88 999899148
951 955 324606149
997 748 159470301
111 724 999969213
984 403 848323987
687 248 999943583
17 39 999999900
802 848 999829565
148 309 999836685
962 925 999877641
304 557 855830540
678 528 999939022
497 935 421791388
767 410 999926927
987 875 999841864
996 587 999998506
998 903 951473412
993 424 999824799
142 343 999860840
934 897 999945414
413 723 999831573
935 357 999834657
394 363 720085757
250 844 999920938
426 726 999916517
108 802 999903359
220 575 999916475
717 632 454419244
677 389 999970042
236 621 971752537
360 776 824062743
503 203 999925301
954 956 999886236
947 937 999843899
464 239 495816712
977 852 72021030
986 429 35246103
854 968 999889825
582 434 428159452
687 668 999948965
275 336 917535731
791 93 999998133
23 473 999848295
782 696 999985367
868 769 814348757
944 731 999860734
605 423 640751432
55 750 883292243
739 764 16768485
855 277 999885031
837 757 999995524
831 815 999954796
599 465 999885697
832 512 585571772
994 988 176862076
730 465 999993175
417 674 655035944
383 39 217481306
759 640 999875591
366 293 999907763
480 366 114036126
953 978 999905261
663 516 999958896
706 885 999833518
821 436 122641255
891 323 448757792
375 324 999805472
605 953 999816214
981 528 262465409
604 603 999800501
201 285 999814428
229 978 999918020
729 827 999803082
390 367 999891325
888 683 558587919
554 756 999962172
361 463 999826142
809 953 999936851
711 441 999849782
968 962 554982936
550 603 999986043
965 675 999862556
432 823 999981131
271 969 999940033
833 517 999998203
625 195 999969627
763 123 999898809
86 870 221465395
237 490 999993025
70 257 999845504
913 550 999888213
777 700 999848604
991 995 96701379
895 204 999797525
889 988 553279903
916 204 999948144
880 629 999894277
51 539 228234720
752 885 999969679
913 877 999961926
716 881 999834223
479 718 999804637
979 870 58075819
308 150 753039503
159 120 999838328
892 950 999876377
785 321 917535731
818 616 999911970
169 851 999983674
689 83 999915908
964 767 909941592
927 969 999868946
976 483 999930541
711 780 46797013
985 976 393050644
919 378 999832288
456 809 999942252
956 707 999884779
876 782 665559583
248 32 491270473
531 943 507320894
837 690 96098985
517 99 999834416
954 220 999855738
974 980 905565344
121 768 999844038
158 732 265526721
461 806 157504398
317 455 999994753
189 309 999952410
983 857 999996035
647 918 999960053
954 938 454846551
597 730 999837780
600 40 999971968
762 183 999973045
266 290 999843464
52 547 665559583
994 995 999913952
93 860 600747494
803 836 999917832
139 437 53121456
161 419 794168371
965 831 999964667
948 803 999811627
911 641 999943046
1000 720 999814088
981 908 999933516
425 836 702673057
58 90 999999651
968 985 999843421
475 771 999854205
809 127 999809108
732 802 999986250
403 39 945797906
169 142 999968917
532 148 401235886
628 765 999799759
880 21 999955554
588 749 72021030
237 143 999921684
147 195 999989897
205 886 999939549
384 257 999944932
607 553 999819257
873 784 137024565
876 807 999862553
575 126 999853721
969 881 266982474
801 414 999919094
652 998 300399566
669 795 999989786
598 297 999958578
674 643 999935016
526 956 999820751
721 998 999839228
163 684 999841857
871 908 999808921
292 633 595045552
713 826 999974213
521 569 999944512
783 797 738964750
929 880 999948798
821 403 259425181
990 999 648775939
554 942 999828717
253 287 999995150
932 573 999990105
930 830 999924743
4 400 999989594
895 994 999865608
112 177 999950705
534 433 999959430
917 734 999983349
936 293 999805627
68 909 258271453
101 88 999085167
403 739 999958525
694 426 999976959
928 584 999969219
563 241 999954402
247 383 999850501
989 992 999838107
973 308 999796248
408 925 999868310
513 734 633013191
726 698 840433647
119 157 999885762
63 729 999857949
285 24 999902186
879 724 999992817
935 878 999974726
968 972 999822341
832 455 999897407
445 705 999844892
675 944 999834922
935 908 2226506
131 684 999945264
865 182 999934936
366 269 999982996
950 930 999906106
282 179 195460701
255 640 579534100
650 712 999812949
668 891 999951447
728 642 999971963
690 567 48088549
844 838 999956021
782 21 999980981
746 873 999883360
588 487 999991305
528 615 65102955
661 533 999925876
974 995 999900549
540 875 999984637
659 699 29694625
971 977 798317080
948 681 999878485
763 769 266982474
426 240 999946612
801 972 999816127
330 377 63803150
626 186 999913819
779 966 999976969
592 655 999883920
896 802 999997686
850 453 999893935
865 973 999857163
659 200 999956953
155 795 999870105
904 56 502687514
400 406 999991456
643 788 999800271
969 985 840433647
918 615 999845577
386 239 999901392
718 830 999940762
660 254 999819146
909 980 999935554
554 818 888786275
183 645 999959267
836 915 999978419
959 533 999997538
311 310 999970975
593 317 999963774
929 476 999901033
650 699 999860857
676 401 999915849
173 867 999887218
886 266 999840155
546 797 695005251
945 874 999928672
993 998 999921573
949 970 306174313
406 546 614004736
792 777 697246089
169 800 999975052
112 989 900119104
987 837 999857884
124 213 999808640
675 931 999922274
948 971 999897265
762 805 999821259
873 423 138856828
848 826 542009731
367 759 999944766
775 900 999901043
681 508 999931675
926 248 999942086
942 382 999825677
58 955 999982353
451 975 150821420
899 881 699074377
421 638 273352082
925 116 999981246
646 258 53121456
908 566 999901094
457 549 54754584
930 869 999988776
268 125 999926918
240 883 999814570
944 953 999977575
772 944 615223478
366 113 999943140
803 1000 999929644
993 951 999827426
205 230 999906111
517 613 805314073
986 652 51189960
409 729 999920125
959 703 999971957
951 940 999840745
770 870 58106265
973 592 999955707
624 828 999933713
643 108 999980680
965 939 999965603
146 788 231774574
371 913 999877455
148 854 999909266
950 415 999824142
984 999 999826748
178 871 999911329
640 430 999839712
811 825 999857990
915 526 999874295
864 225 999807333
231 888 999956945
719 879 999878199
282 147 999924048
673 195 475015383
509 813 999896553
467 770 999984396
877 133 999847109
871 911 999876706
635 383 340373088
998 997 999912468
256 439 999862822
463 15 999798833
521 695 873525256
442 712 999858486
600 362 999960422
976 849 999878943
550 649 999796583
873 830 803567495
399 792 544172035
454 181 999947499
441 160 999882469
443 58 999867442
943 923 999986268
836 956 999948479
978 970 893603743
944 601 999800716
968 928 777458955
661 747 999883654
870 876 999905346
362 356 999899373
761 687 999897931
682 697 379458841
852 136 999968369
18 131 616203389
676 718 999815472
951 726 999855663
345 465 999977663
475 535 999902139
550 472 999983120
817 826 999852393
967 441 999968384
830 419 649661482
851 923 401235886
878 421 824062743
286 256 999834998
247 595 999803920
756 596 999979454
939 926 999938302
911 529 999864223
758 880 363785401
787 283 188079953
837 319 558382156
209 242 999941408
917 893 999850478
783 700 999892914
749 943 999936136
714 591 999876048
560 580 999918611
747 673 474114015
693 389 421791388
37 790 999898137
653 817 999853941
929 53 999871182
812 784 999798460
54 968 489130326
592 273 999958792
800 603 999926177
716 277 435406337
887 287 132324244
295 510 594025013
154 958 999903101
948 930 444309444
27 659 999816297
922 742 745399635
182 502 475015383
927 913 527378247
106 769 999818693
33 227 999923666
658 1000 573539548
732 738 999960153
622 3 679671326
736 29 999864292
694 842 999876881
786 906 649661482
832 487 356277377
653 664 999951701
468 566 668486681
962 983 999898757
474 115 999943599
625 823 234261875
1000 810 999853661
960 900 999967295
335 919 999995237
648 425 999834484
867 771 999845655
395 725 999810330
556 770 999947262
592 785 999952637
863 305 550320419
634 575 29694625
443 865 999798909
276 954 999825768
721 585 591161507
963 512 999955517
80 688 533723431
986 794 575724609
811 981 999911598
934 545 999841611
761 342 999830435
430 992 999938664
712 677 999910745
962 813 999939025
713 669 999940329
766 855 999973535
606 947 999838329
183 42 999952469
118 892 999817531
846 429 518645674
700 539 999909176
327 308 999996394
486 583 999990668
461 539 999952893
767 239 657922952
548 225 553279903
941 891 999840862
739 836 999902599
669 394 999909454
499 206 999878108
869 731 491895877
839 879 999894787
581 945 999798538
783 653 363785401
98 817 999981350
348 552 999874748
356 385 999797465
994 368 999897969
648 175 999938768
978 253 999838453
529 636 999918755
945 964 49234850
434 649 745399635
108 887 940097549
455 831 999847834
90 979 195460701
920 926 999982693
311 621 999828437
926 130 872201214
681 212 999958198
979 855 999888362
460 527 999851272
341 285 999818681
730 480 909941592
123 461 999928587
548 612 999860730
664 633 999935211
625 789 999804009
385 895 999958915
831 984 999961402
162 404 999871875
989 837 999906108
660 250 172920608
128 322 999882702
387 755 848515537
739 929 999908082
140 661 999985493
958 960 999892218
681 911 999859282
934 817 527378247
330 362 999955886
504 634 999804158
903 199 999949122
583 937 301843627
938 536 501169947
989 860 999898772
214 335 999850175
50 657 999890833
991 989 999807341
638 750 999805210
933 997 999805244
898 442 999860506
918 904 848515537
968 974 53121456
551 276 999857839
994 858 736766852
292 743 999880018
317 200 999799985
19 404 999927772
828 823 579534100
602 894 999914698
698 735 875641937
25 139 999826227
309 261 999988353
899 577 999798195
543 416 221465395
908 627 300958018
325 559 999891192
563 486 999810061
876 484 228897992
792 418 999908834
115 227 999843404
710 26 999941774
464 484 999803766
695 821 112093975
932 641 595045552
795 190 999899413
671 161 999828973
566 531 999909676
857 682 999838149
995 936 999927851
633 974 107380604
808 950 999870911
486 70 999910942
815 883 880978847
433 326 999878585
999 943 999901194
455 416 999975316
900 764 999834857
573 544 999823174
773 445 999964373
64 440 234389487
673 827 999892188
616 664 999891353
681 500 999896712
108 400 999905247
652 704 999924785
80 406 999864197
507 708 489130326
899 917 999990078
284 539 999806891
873 851 999987176
103 909 999927363
628 988 495816712
682 282 869396036
776 344 379458841
685 976 999841604
364 578 577628573
352 827 573787030
559 959 348183422
575 970 999915546
865 272 999828546
325 598 527563461
430 507 999904082
876 206 999901921
560 910 999969747
931 875 999976412
14 776 999953460
895 870 999848670
241 220 657922952
123 976 999984350
97 566 999966412
955 993 999836758
993 992 999922327
152 436 999934690
457 927 999981729
650 581 909941592
810 157 999957826
777 852 999860884
906 795 999906329
645 163 448117612
516 277 999850513
531 725 999976731
860 796 999894924
867 810 759653002
917 881 999877133
818 895 171000914
48 15 697246089
695 632 999850697
932 833 999906339
899 641 999927203
868 727 113379321
507 348 999840297
275 124 999823567
598 502 999925979
347 546 448757792
456 452 999950063
833 378 999991245
470 850 54442858
345 266 999856835
951 754 999891331
537 626 999902362
180 191 576539565
569 723 694314461
735 399 999845277
144 217 585571772
705 288 999802181
26 383 58106265
993 546 999913917
608 902 999919342
422 964 999849863
606 194 999796286
260 967 999878079
327 632 999909631
445 651 999891896
812 641 999804764
251 141 997175674
773 683 999817161
552 758 999808323
889 828 980830780
823 529 999905851
897 797 999804825
80 193 999926936
590 593 999970895
827 562 999805882
954 949 999849870
46 286 177854182
313 381 999871677
144 813 999948326
939 993 542009731
892 944 999974957
965 976 999987193
609 3 999955973
977 838 999944793
488 40 999986533
11 826 999815266
606 101 870433159
890 929 999838237
935 347 999931197
803 967 999975178
771 907 999856050
946 957 283027531
711 858 393050644
880 520 456917143
603 114 999876522
992 832 999885566
325 734 999973567
47 291 999813677
986 810 870021527
163 436 999986751
626 342 999852584
496 716 999974684
944 937 999888409
316 398 999896008
988 548 668486681
910 829 999910830
973 544 999879543
606 62 999796300
189 409 589558826
784 955 999881285
434 609 999971105
531 602 999917466
724 43 999910058
588 603 999843400
754 961 999851453
712 991 999831692
804 537 999863421
623 390 287718657
253 895 487836043
945 989 999990553
871 533 600747494
645 444 999816133
287 206 999869490
712 559 999956747
994 993 58075819
422 509 224583837
633 339 999801233
799 678 999914880
248 338 999811897
745 649 999957460
921 995 999909825
232 10 999922084
378 323 999843365
999 996 999999979
736 990 947066523
868 471 585571772
44 273 999959501
723 837 999872815
440 576 60935178
955 689 999852885
230 145 812252452
392 574 999951665
956 807 113401116
605 203 999833805
856 811 999891927
733 696 274612973
310 778 702673057
806 380 999814592
821 524 999844486
994 677 999994686
622 703 999927799
975 949 262465409
970 741 999832869
90 374 94458972
877 474 323312798
537 816 554111008
801 672 999988209
668 964 999881658
8 422 999913897
941 8 528203871
853 750 999958435
538 747 999855740
671 121 999834886
950 497 699074377
859 768 999875195
700 191 837172083
335 817 999831115
930 891 999994223
823 268 999812165
974 906 999918507
444 402 869184020
930 994 262465409
970 1000 999807132
890 947 615223478
340 897 589558826
731 898 999932932
998 687 999936871
906 964 999861688
752 338 999846165
379 972 228897992
534 687 999892719
434 952 999807593
244 952 999829859
449 986 999947388
478 936 999987781
694 198 35246103
685 723 53121456
371 968 999896554
124 321 577628573
932 851 999836079
944 745 984175130
488 552 999963816
971 169 262465409
744 608 999940804
827 777 999913866
627 141 999952556
710 404 225748608
875 57 999840925
318 938 999821022
817 971 999873988
151 725 999921951
841 597 999819690
985 980 999807301
850 230 324785694
829 856 999957928
165 330 670026833
29 393 108577544
3 199 999896690
838 386 999830761
617 260 999856103
783 834 295858485
984 932 576539565
95 441 999826572
513 619 999847686
753 811 999953941
585 60 999987200
955 968 944316724
489 499 999850029
188 862 225748608
993 974 999988809
837 779 999868059
210 863 999896097
704 517 113379321
743 537 999826158
680 631 999888791
429 855 999825153
896 457 872201214
933 500 113379321
270 925 999832908
974 981 999829573
683 747 999959223
975 851 999886360
945 371 518192937
740 862 999810637
730 543 999990262
966 880 959036888
452 642 999890003
795 187 999956516
608 573 999843041
710 440 999882175
657 359 999855773
971 982 542009731
205 243 206085039
956 783 999964630
980 898 999804297
907 994 999965590
566 769 999808002
692 844 375410491
984 769 999875773
886 998 440502726
621 897 999806137
773 856 999817304
681 737 969398023
302 326 999986717
642 3 999926448
757 314 909941592
627 924 999920385
99 400 230142352
508 725 247069141
114 37 116402211
774 657 688299425
687 861 999878403
237 332 589558826
589 584 931331296
261 164 999912780
350 390 999861627
689 115 999841223
441 254 999901531
25 582 999921301
960 535 999835975
507 962 999886478
984 981 158181919
597 760 999945852
690 480 999812594
913 999 995077893
782 565 48621546
957 911 999894015
245 399 593956022
454 212 999826482
849 940 999801316
988 991 999860667
984 819 999840152
481 806 999859954
111 173 332905113
972 350 999818682
989 755 328344180
944 298 999934411
982 964 999859103
966 478 999858793
518 495 550661526
985 730 300958018
382 36 999914779
421 718 999802237
959 979 999825992
879 759 999992798
684 493 999898209
98 855 999886858
733 270 999844253
555 675 999951178
952 953 999888425
425 636 999987882
577 27 999844169
49 718 999855704
352 428 357515200
923 345 999973235
651 390 999845162
659 690 411677889
22 973 489130326
867 870 999930974
711 911 999798173
439 308 999896806
870 827 999867356
759 686 999906630
987 952 999822422
967 926 999997331
461 368 999869511
807 755 999867161
777 835 999904953
744 993 116402211
861 999 999978616
99 736 999936079
478 923 880978847
664 967 999812978
452 467 999813235
718 670 431410982
987 495 458742092
938 220 999874329
940 920 999800531
547 751 765468611
20 820 837968310
836 792 999854643
50 213 999824434
619 329 991328807
513 377 664311854
717 867 999941427
797 853 999857801
488 659 999930515
255 533 999877206
224 437 999881888
386 546 999827433
1000 923 999806820
900 407 909941592
979 984 999987300
983 990 999871980
927 765 999826205
901 966 999942182
399 342 999944801
18 509 824062743
831 931 701338612
208 703 105066828
759 860 450949115
723 886 999855097
894 978 999810900
685 866 999918167
873 964 999854929
938 797 999948071
603 672 999927142
459 304 999992397
638 74 999879211
440 922 683425943
418 828 999931264
805 819 999807500
419 20 797719293
468 834 999858158
930 831 999872391
868 628 221465395
922 911 96098985
605 32 999893138
327 894 999832591
536 51 999919848
837 701 999914420
785 957 999949502
387 621 659033613
533 655 212109321
869 890 763181006
451 562 999866582
965 460 999860398
746 411 999946402
998 860 999914732
731 935 720085757
209 978 999813115
736 794 680040244
790 219 999845243
309 450 676812630
853 877 2226506
110 674 759653002
669 734 999930298
243 814 999811511
674 747 189164131
796 788 248102902
243 708 999945577
556 959 999806855
385 204 33512210
825 707 999899541
940 856 999918841
864 677 999899265
609 973 999836640
689 92 929837685
10 851 999840321
656 854 977141858
616 578 593956022
130 513 999825119
785 835 999842925
262 433 273352082
926 154 999975233
636 893 657246084
865 717 999897671
782 433 63803150
450 697 999962161
371 569 999948784
770 996 999902146
261 732 999850583
980 872 4419599
988 993 999836921
789 678 949822169
538 607 999843729
201 461 236401629
101 710 999820184
800 881 999867590
131 802 999830158
933 694 999957188
133 229 999908081
769 812 999986691
887 510 999822258
384 171 357515200
780 781 855317714
746 929 999918862
859 905 999948122
153 432 999796803
340 734 999966114
949 270 999805957
52 839 113476520
483 907 999886196
777 187 829368106
239 553 999798109
6 952 961581926
545 689 999886084
808 26 445113650
924 651 999828406
917 841 999888221
965 871 999871628
908 980 593026638
36 782 515362179
918 880 999977009
154 954 999894493
797 831 999797203
988 975 999920742
405 982 999920530
517 466 999874734
735 992 487916357
721 664 999856235
229 516 303138292
450 454 999806512
954 963 999822912
338 811 999872887
923 945 487836043
329 131 999939191
890 847 999851438
528 872 999866450
912 917 995407768
567 629 909941592
880 95 999948139
187 159 999877620
670 779 999969272
311 90 999890484
511 258 999983797
597 589 999854076
943 962 999880447
923 67 999934376
850 681 306174313
642 800 999897853
603 1 999903095
623 4 999979720
625 853 999999528
615 626 999884795
845 511 573787030
960 978 348183422
592 74 999872013
553 252 583941351
897 629 999921347
613 267 94458972
887 694 999913708
885 855 999955816
384 380 234389487
845 389 999866419
689 437 999818773
732 924 865707531
970 952 824062743
680 824 999846552
513 537 999903264
735 793 999982171
356 4 234261875
790 736 999984118
14 712 999938742
965 873 999925580
455 999 104170480
683 932 999963376
913 975 999852237
441 610 999825819
857 627 444309444
694 170 999967017
426 53 999970959
322 445 639912428
824 976 999853490
875 610 999933400
318 412 999990449
692 579 971175302
994 981 999816542
689 47 999864686
598 973 442350116
392 267 929837685
797 615 999830719
447 173 999993186
947 887 551761408
845 789 999955260
832 820 829368106
876 450 999883121
406 725 999905096
467 580 999990349
708 753 999819291
930 741 263085325
345 900 999973949
864 696 999830313
811 238 999864665
412 90 999992398
448 842 234679300
829 51 999824875
782 712 999938030
675 474 54932454
868 794 999805127
92 283 999939829
580 1000 113401116
901 61 999848954
900 244 999938148
406 216 999835973
399 613 999889500
621 945 999930758
982 970 157504398
554 996 999923770
26 796 999899444
828 431 688122381
542 778 999963420
924 431 279119129
633 815 999832006
367 89 999820743
579 999 873525256
220 152 171000914
318 174 999979256
246 915 999904922
545 750 251418823
891 756 30843694
760 958 999921381
60 598 590648585
392 281 999988309
962 927 999939903
828 794 174861424
616 859 709753366
682 592 999917918
828 400 248592028
974 990 999917663
440 930 633013191
710 891 999936142
824 89 999867028
708 380 909941592
707 919 740634861
753 949 999838961
885 938 999915747
681 712 409534863
944 922 645887731
973 1000 999912878
927 973 999876544
461 235 934231901
399 638 591161507
938 897 999943971
998 621 999877315
448 800 999921466
788 897 999951772
961 108 999803535
678 94 999889324
926 914 999879012
78 732 264039347
565 781 330819276
930 955 999811188
198 130 474453831
884 907 999836411
314 694 999914419
793 905 824062743
930 803 870021527
853 981 999941177
18 900 999963946
213 59 576539565
989 879 999824803
702 135 999838025
142 574 999957471
817 54 999910361
705 846 6158496
515 762 999967304
539 836 999847894
553 597 999868776
864 570 999927820
699 206 999910279
19 608 491270473
772 462 999955938
425 988 640751432
328 761 999857700
675 667 614004736
967 727 356277377
210 536 999896958
649 467 999842259
984 937 518645674
227 748 576539565
965 705 999914464
1000 999 999998061
995 406 869184020
479 199 999876829
496 951 999920895
845 986 999987628
732 602 573787030
666 170 348183422
79 733 999850871
366 380 999936197
995 952 999849502
928 914 999858353
863 990 999890024
63 125 484155360
915 787 999807961
958 233 999964989
755 827 999960035
840 857 999830739
874 78 103722564
477 99 999851538
644 68 375410491
834 650 999853972
560 446 616203389
681 207 999898766
972 973 999837213
950 994 999937404
540 760 999817209
974 847 999913197
328 101 999857006
992 987 999967667
847 751 999929835
790 505 756645192
344 356 999951152
433 736 999986191
716 88 999800680
844 970 487916357
358 565 999827347
992 998 999905350
80 89 848323987
493 771 999985176
712 226 999934714
555 48 999818413
925 941 965886464
323 944 999995414
378 121 999819996
952 671 116402211
594 975 999979988
859 936 327043936
212 360 872201214
486 186 251418823
935 386 999926383
436 993 999950088
96 358 999800610
35 225 999800602
922 708 999979510
76 598 999797233
881 139 999892865
990 998 999938450
858 674 999840461
520 15 999999016
144 562 999882096
837 59 999817931
107 92 911282967
585 689 999877134
966 557 999847223
912 383 999983529
926 735 999971564
899 558 999855575
871 831 112093975
451 741 999897385
424 622 999991707
340 516 489074537
486 736 999821879
899 431 999865959
446 467 999967723
312 281 763181006
607 511 999868593
25 773 999967262
548 280 999812049
903 473 999919464
860 827 664311854
417 537 600747494
671 557 266982474
290 470 805314073
691 786 999971497
535 653 999803563
290 164 999892642
769 944 999955226
930 659 999864593
159 305 999888779
997 963 999858471
474 408 999861346
817 926 999949923
975 952 999917468
465 809 999899384
404 760 659624489
539 901 999982238
734 94 984244635
667 172 999942640
810 845 999982720
6 215 756645192
119 358 999885398
785 179 999988801
528 104 448646184
237 801 999983873
580 783 999859886
930 915 999913238
759 917 999881272
893 950 150821420
561 326 999985366
49 53 999877401
1000 380 259191376
210 416 573539548
688 572 999866186
963 848 312401727
983 112 999959620
20 305 116267876
840 315 999859845
639 636 931331296
957 729 15659200
906 821 533723431
764 369 880978847
615 340 999834878
998 894 999937408
619 869 999846769
975 956 999875541
833 715 109555900
998 862 740917094
130 424 999817862
804 953 999996819
785 692 659033613
359 180 999955743
156 899 488846765
222 563 29694625
702 440 999991143
646 775 999900041
871 797 999964060
879 794 999907200
367 440 285550703
24 583 999955144
456 891 999837925
241 303 113401116
930 936 435406337
857 146 999852488
152 364 999831904
32 459 999869009
963 712 999906142
192 795 999947114
979 847 944840867
746 96 999828572
713 638 995407768
955 890 989598976
563 675 733565222
831 881 964253189
788 885 999862739
912 304 999815910
875 963 999904259
423 421 999980121
964 342 999993689
326 9 999849608
589 516 999826389
268 410 833826998
978 522 999997127
263 666 999857738
799 226 999795905
865 752 999927473
992 960 137024565
880 704 999915858
28 25 502881807
625 134 24291005
134 863 999827933
879 616 594025013
75 690 999844421
47 216 495816712
402 947 219853746
576 791 999841297
705 771 999850827
976 204 999898445
196 1000 688299425
49 599 999810442
886 827 999919718
308 610 172920608
813 797 471556220
40 252 999923609
15 265 999895308
876 984 999934935
429 960 999912096
116 58 999925593
931 940 999959978
456 678 999869108
927 993 806704386
253 777 999952500
717 911 999857675
920 414 965886464
974 779 999899136
918 209 999948503
778 917 999796987
663 918 999939107
991 911 527378247
928 439 273352082
964 736 999807023
746 639 999852344
405 373 934231901
986 773 999809439
394 295 999841786
829 298 996256213
334 888 999878160
16 974 999881446
463 348 475015383
984 989 999990184
208 823 337020863
105 340 2226506
2 605 814348757
760 579 999888194
789 832 999859538
169 282 999902286
877 582 999868413
891 894 519144392
835 979 999949909
4 216 999906972
292 301 229179403
819 510 474114015
482 840 999945113
589 672 999877112
993 875 999927750
582 774 999983801
385 241 999944750
776 977 999975943
350 40 999824172
683 813 999987480
811 933 999882170
919 932 999802451
855 103 999888590
244 23 954444722
768 244 590648585
779 652 999908978
747 675 999963810
912 549 999943973
590 867 999975312
830 266 794168371
575 503 999942990
623 168 840433647
840 970 999935028
826 745 836424876
708 931 999851377
794 895 917535731
184 143 484155360
949 582 999953923
78 821 814348757
979 849 999977340
281 68 999969741
830 371 999872708
798 638 999959720
679 1000 999978553
924 941 999951186
976 950 999806085
694 964 999798180
729 764 999947162
967 983 999937308
953 770 999953184
992 771 999890847
626 319 999958331
592 929 944316724
452 266 999846158
663 291 999936616
949 719 999915282
141 120 999898989
572 169 999925787
560 858 999822162
585 207 999797761
800 36 999852568
937 880 929837685
937 535 223904934
793 252 999967036
116 952 999812655
208 881 797504195
197 219 999955278
566 871 999811454
264 828 999834618
310 478 999940898
54 757 999872621
822 722 999905027
87 645 999900812
940 779 999893146
584 155 999995339
467 959 999878237
255 482 999986851
852 515 999868701
427 844 999983075
764 3 999940082
706 97 999805488
862 652 999857790
965 469 999920829
159 550 999967362
834 454 999967616
927 922 999915593
436 565 49894113
471 147 237296398
240 55 999979584
755 941 299838206
670 896 999853749
954 928 911282967
597 821 984940970
412 518 999839032
627 387 999854286
945 935 999825736
485 459 999865693
94 850 888786275
842 892 30843694
531 515 855317714
951 659 999831781
905 240 999866751
880 894 999860410
20 180 999992204
704 298 999906605
263 474 558587919
629 704 999946636
448 447 999853354
859 453 999935395
632 298 999982157
854 857 999855646
151 474 999844244
501 72 999906263
645 501 999880856
883 885 999945723
720 441 191294720
559 647 999995160
284 205 177854182
705 191 999931333
426 808 333206398
820 944 999869860
821 408 999085167
720 788 999969434
594 651 999032656
884 931 999939211
728 752 999949627
639 556 999835639
972 974 554111008
657 713 999834887
257 83 999870362
878 716 999808559
852 851 999952442
431 380 999851404
440 394 999917682
192 131 999921358
509 967 999886799
293 805 105066828
72 5 999861178
653 250 333206398
607 387 999965497
820 930 999927342
257 744 999978037
367 762 999808656
747 532 999861315
953 976 999856505
881 912 999953589
850 904 563193708
829 524 937501975
722 894 999811203
902 872 999878598
188 48 999914269
380 989 999881055
754 651 248102902
395 172 999908343
879 888 312401727
717 940 961581926
700 566 999886144
732 727 999840766
791 297 999948091
710 270 999924095
931 455 633013191
716 946 999899212
109 685 999809502
932 894 999848891
359 3 999883288
881 942 999868803
565 349 999822052
515 618 999911779
74 378 999954353
314 856 999913475
61 900 999816189
52 955 814348757
671 304 676812630
545 516 553279903
496 527 999809809
158 601 999859155
127 318 108407541
484 763 999956795
1000 995 628107720
852 720 999898813
758 756 999797572
755 723 999898097
945 914 999814590
848 435 999837478
574 343 15659200
764 668 226692385
937 973 999798336
713 667 999960916
415 292 999907040
745 401 999844797
998 996 999819047
79 615 999993410
637 593 999837379
776 581 999826797
574 362 999859448
455 498 999799951
900 955 999817004
433 302 999873235
520 13 999921516
45 27 105066828
620 933 582458784
902 126 541391133
117 880 999947920
983 984 965886464
344 861 999851862
90 305 999958871
715 762 999981647
683 576 266982474
929 943 234389487
594 307 999912922
782 736 999796421
855 652 999966979
931 933 999989758
56 87 303138292
450 390 999884323
950 979 999854246
323 293 418656698
666 827 999888888
947 929 999921744
975 974 999947081
599 230 29694625
974 620 967662481
720 969 954444722
563 433 58075819
990 634 999966134
491 153 999866679
970 869 999950184
795 825 999805164
344 670 999796568
922 832 999986362
939 672 967662481
7 419 999897375
866 1000 999932402
227 651 999804989
921 999 590648585
590 708 999960845
162 250 230142352
838 628 575724609
892 468 303138292
816 177 999985119
431 280 999894915
628 323 542009731
790 719 999893652
470 405 999809216
333 596 766571164
164 205 301843627
639 662 999826760
93 856 999799201
973 850 999802613
700 487 804138617
963 946 999897185
23 827 999840051
868 479 30843694
836 996 999977717
924 805 999864019
798 906 720085757
420 445 999818027
623 508 999939759
454 976 999803993
810 467 999812326
717 986 999942496
642 843 999950400
881 785 295858485
998 1000 428159452
735 783 999885233
14 536 502687514
469 693 999798075
10 265 999917576
123 672 999878452
640 922 999803938
5 149 999831321
743 990 59350794
377 837 639912428
836 903 999984909
492 855 999804938
289 2 362472751
546 617 999849087
901 875 999894746
285 798 999965709
400 787 999947112
976 924 54754584
943 912 836424876
871 929 999886172
321 715 999810266
886 948 999956483
902 920 243419804
934 801 999819475
387 417 999906905
115 184 999802144
905 137 999891116
296 336 615223478
893 801 999977050
525 977 999798054
883 953 999807594
979 939 999850060
219 450 797504195
528 849 324606149
975 964 999995018
858 785 999802194
589 603 999797079
944 721 999845851
964 809 306174313
931 848 999866702
844 871 401235886
586 432 999933317
918 762 999831410
747 730 999981942
391 590 999850666
168 729 999899512
550 928 999841041
38 770 932984115
617 593 316083248
452 44 999993006
875 472 999896748
511 669 502881807
794 915 999957848
871 633 657246084
518 228 999888815
321 34 999958744
982 553 999907560
973 951 999831843
354 375 999970818
800 864 999926188
60 249 999865320
737 76 442350116
816 74 999899971
724 156 999874951
379 422 999826427
198 5 999846195
852 224 999992807
932 954 999897611
806 854 999876401
883 756 999887578
928 684 545698963
638 724 999904674
71 556 999962857
955 844 337020863
669 701 999810917
755 549 999876924
943 941 591665388
597 75 999823521
876 610 999828151
239 376 999928074
671 691 999851443
987 977 999989791
961 933 999899331
832 940 489130326
665 420 999891079
278 825 999825164
181 765 984244635
88 226 999980415
335 882 832654574
833 709 999883699
655 301 999877444
694 707 999831470
565 697 294305223
355 978 999826569
196 147 333206398
973 942 171000914
766 793 122511080
830 848 999968217
927 259 501169947
908 950 999846394
955 990 999834610
321 258 49894113
669 726 999854055
975 1000 999962842
220 828 999976867
954 991 999914358
701 666 999871196
643 521 999929919
320 630 999826663
582 781 999910334
937 420 999823748
716 428 999812340
853 712 999809955
634 762 999984882
971 504 132324244
943 888 999891340
465 772 999960784
705 323 999887480
800 821 701338612
882 939 999805604
674 738 999820921
810 987 999810612
960 850 563193708
694 812 999857643
289 258 999925882
452 490 53121456
194 134 999864549
594 590 695005251
990 877 999821717
590 620 999929814
1 198 999866332
128 467 264039347
979 822 999869235
891 947 106008083
789 893 999954408
928 814 999809287
841 905 531263245
963 971 745399635
466 311 668486681
245 256 108577544
754 483 544172035
847 485 481299480
690 721 999868575
236 179 999838500
277 396 999919047
298 327 999879843
305 165 999953707
484 557 706517675
349 865 999897164
18 443 999848726
980 945 901660337
771 288 999964795
740 934 999819819
524 444 999991041
10 631 999916559
892 956 616203389
950 964 431233571
834 62 999965496
991 237 533723431
870 336 448646184
385 821 68668640
806 315 617748106
871 879 172920608
618 880 542009731
937 900 999810023
630 446 911282967
845 933 999882700
815 504 999821782
728 657 287718657
929 269 999802034
760 348 999939141
610 487 999838358
562 431 870021527
966 752 999900523
999 153 82867203
635 74 999848571
681 881 999918773
499 884 999831161
714 420 999888267
182 613 454846551
658 589 999871095
153 502 999856939
707 270 999983450
82 724 999955320
585 32 999836705
850 901 999795834
816 815 696839763
685 703 999978662
743 841 999924578
819 390 999802315
343 802 444749125
788 943 122511080
949 533 999876969
692 576 473523908
931 296 265526721
847 943 221465395
442 476 999797844
66 69 999905497
641 759 113476520
738 172 999860345
451 332 999796471
844 962 999985298
780 766 999813141
979 879 999842684
490 176 16768485
789 584 999886638
53 68 999890788
223 944 999854184
922 817 999963302
622 566 999982302
528 998 833826998
1000 850 999900820
32 922 999894505
723 298 999795892
980 955 999870857
833 812 999890608
91 168 999933617
545 588 999881641
969 48 999843697
976 949 512353268
859 322 999952633
886 967 999869871
974 892 136746727
771 636 999862167
996 103 999977657
918 954 999899219
921 254 999934474
899 723 999862000
233 94 458742092
938 900 999925009
309 255 999853969
540 762 676812630
836 784 777721180
930 618 999892200
724 222 834732453
679 979 999851628
781 474 306174313
849 850 659624489
262 602 677272289
245 502 999891964
880 41 206085039
963 942 999923290
373 142 999841942
745 789 999824086
933 970 999855103
281 202 999962038
609 528 999844034
910 927 999975031
949 1000 999941914
919 977 999854357
268 88 999909000
946 855 450918772
822 341 999940205
995 307 999963395
985 835 164573559
573 910 999799094
363 333 999977923
622 874 563193708
299 796 999825842
825 348 999911507
809 946 999912871
514 199 103424208
222 214 999858070
320 659 893603743
522 387 999914377
896 636 999835019
35 684 984244635
817 561 999813727
975 931 999919604
584 633 999824818
922 653 999850466
2 60 999847454
644 237 999923246
822 230 999970283
245 943 999845193
456 666 188079953
96 301 999860792
300 372 999836104
917 819 999859847
121 906 999815553
66 247 999802951
940 275 999937651
15 45 999811040
272 482 999962000
930 970 999815351
556 764 999887655
521 884 217481306
601 662 999857702
783 988 999946730
689 723 237296398
739 42 150821420
230 573 999802266
370 63 330819276
276 615 999890273
620 854 999941561
716 595 999828858
534 424 999798204
821 646 999827947
730 676 999996361
991 769 999901012
96 485 999858367
83 927 841171431
496 240 999879453
274 771 188079953
757 643 375081980
565 280 961581926
633 575 999875588
777 331 172920608
480 923 840433647
448 893 999903906
934 820 306174313
791 936 999858586
421 470 999948356
841 1000 999879324
617 693 999829656
291 398 332905113
691 647 999832575
359 819 901660337
934 492 999906448
599 661 999895636
733 899 96701379
776 265 999823516
8 776 999829925
879 442 999899970
912 987 999843226
850 917 999822517
264 22 999895841
870 763 999965079
519 514 999843371
998 879 999824334
407 842 999820269
358 67 999865805
674 290 999839366
642 57 999864996
174 768 583941351
17 19 999823657
18 936 999956506
383 574 999964499
424 104 999854581
980 444 804138617
783 874 999822821
817 674 999815098
941 935 999883546
829 545 999892587
935 520 164573559
861 738 999894808
957 923 999869687
946 994 484155360
900 913 999906501
789 231 870021527
289 141 631027239
613 588 999796430
824 478 412009066
933 1000 999808380
997 992 999977742
994 516 999032656
167 581 375081980
689 414 24291005
40 323 999959820
916 896 999856809
304 401 999995022
903 585 999976582
512 853 999800172
789 820 999918535
989 976 999815707
556 972 999864010
792 798 300958018
219 10 544172035
999 6 999972846
947 772 999824786
950 960 528203871
948 366 756645192
710 831 999904697
755 641 999876666
970 561 999888968
916 375 999985801
989 701 999841360
60 425 999900173
678 906 834732453
773 191 999881629
474 531 745399635
494 733 999873943
204 170 944316724
873 916 999873029
403 580 999843112
579 799 327043936
840 77 999899857
894 952 874658523
290 458 999942290
889 969 999964395
980 994 798317080
503 879 999858071
998 999 197467196
182 233 328406281
920 970 999847228
436 547 999800259
84 800 999916404
139 516 272983302
654 974 999929345
896 821 244320089
657 179 696839763
885 776 558382156
417 142 999911799
792 896 999933320
539 756 456746707
530 959 327043936
594 793 138856828
375 133 999808746
999 504 999924495
910 492 999953814
280 408 471556220
598 669 999871118
960 560 999922560
913 957 999971152
616 377 999834473
437 652 999928114
923 918 999832594
