1000 5000 0
922 277 837520814
310 123 38470628
269 975 485034040
197 384 566496794
100 680 496161774
599 719 159818683
727 580 476566420
535 973 989695834
45 763 315464301
243 997 715543389
40 418 430219032
50 666 625546463
946 700 176049180
155 808 402817042
302 666 531944598
99 526 303427816
630 557 692850592
686 780 136750027
496 122 85948937
865 92 430219032
552 835 547155589
520 748 513009842
525 546 898547539
880 240 393012177
144 244 46309937
79 169 645661377
971 105 253874631
7 387 623591787
822 338 550045159
21 194 998274649
726 253 802446363
593 500 286154260
803 125 172416293
451 452 715543389
471 128 368534927
764 146 997328413
731 818 871578190
135 508 730706177
149 600 391393570
672 166 994894404
922 321 246857894
883 635 949237791
116 896 260959499
380 804 42296528
409 613 628917441
724 271 66426532
426 792 628917441
627 94 598130368
721 706 492069046
4 492 960550555
779 947 344040792
112 143 391393570
783 921 430416418
424 513 913905173
115 232 391557408
519 806 117945235
614 570 355438273
96 92 513009842
246 131 179152710
234 430 515015103
817 753 909655607
958 857 381748132
985 461 131208237
929 607 195525660
201 809 402817042
44 817 169481899
695 477 785248209
739 621 752830948
909 314 2921515
436 520 882483452
771 67 271479436
267 277 842421132
681 661 453385154
660 545 751959887
565 923 856794310
225 519 260959499
110 234 301905746
118 838 679022422
628 262 301905746
305 290 453466632
125 214 9686260
479 152 492069046
594 308 756133741
55 971 586874491
26 984 207307862
769 162 246529840
919 413 179152710
923 226 756664248
441 564 678326647
346 485 42296528
481 797 628917441
476 462 131208237
991 684 409042913
288 971 712406919
341 851 998274649
300 301 442600163
703 328 259090137
567 562 893223761
570 289 420140173
910 826 601617168
745 949 108740395
609 551 664615707
778 779 663190524
268 898 123810154
390 863 756664248
207 129 152220304
620 609 332731808
728 447 231658666
103 851 750563423
985 259 243117768
471 393 465303887
17 853 692850592
395 905 575892543
764 828 491778367
903 232 941050478
570 994 442600163
652 39 135342672
31 812 489928272
641 258 322184560
487 810 76059824
91 696 964917723
427 310 246529840
219 55 226269973
155 75 572886037
217 228 510366417
843 814 271479436
538 879 735537585
281 113 991717487
962 425 586874491
558 612 367246074
364 376 680740362
858 228 452626411
312 904 677373994
363 557 144065953
280 521 491778367
862 135 960323988
121 958 69180753
177 55 355438273
101 503 576740766
951 254 41142891
621 582 994894404
212 511 785248209
91 528 663190524
747 504 802446363
428 760 886023379
282 480 508777420
183 287 727668673
83 750 172293378
365 948 634826006
48 320 227773259
4 81 489928272
356 386 652452145
157 599 639907395
740 411 785248209
934 722 756354941
62 939 690716940
559 424 446234740
194 612 12079434
574 71 863084542
173 505 329251277
278 136 773443337
371 255 246857894
377 521 120099160
997 64 712406919
578 439 576740766
953 563 941050478
713 356 875444570
274 77 466156068
403 396 133958829
341 91 993034262
316 441 876735221
663 988 585013105
394 583 824364232
864 124 802446363
502 773 9372445
654 650 640881995
743 227 547155589
257 1000 152220304
623 598 133958829
661 428 957160147
643 562 775469148
382 983 616315806
14 172 721016817
42 577 715889759
299 237 621911644
427 834 795852684
804 660 961138080
296 11 332731808
379 634 368281266
482 847 66426532
285 682 505358981
408 662 358767468
955 797 77992084
409 179 677799714
165 204 621911644
592 208 680740362
397 84 376680618
138 813 11822591
67 396 994894404
748 483 408787592
316 300 572886037
435 12 20359695
10 579 386597031
933 88 47236017
409 299 718006933
502 753 854412903
93 744 117945235
753 60 199932083
571 486 77992084
762 876 636964716
118 354 514289382
228 536 945125221
807 199 143612174
514 327 719345279
752 817 116612190
162 311 105016178
828 841 961410978
446 603 158542755
578 694 76059824
73 118 994894404
202 282 6182160
83 862 952027606
424 68 291226263
744 251 243117768
577 357 85948937
353 803 133958829
376 212 348947518
287 277 714202508
209 445 522532630
79 45 206586459
506 725 952027606
311 114 291226263
642 878 621911644
631 259 599388421
688 484 845967016
903 495 178105340
720 68 116612190
375 34 965014383
56 636 29414662
45 801 867646055
596 583 107017276
761 890 268477322
153 904 214395755
324 360 942850510
139 39 952027606
931 794 677373994
540 835 221879325
213 232 848697505
592 979 853886818
805 685 195336846
766 820 144065953
138 651 162031013
449 3 510991760
991 420 670097978
458 627 144065953
933 710 752635996
561 17 671288578
939 244 306707362
179 588 821627470
482 540 782789997
638 959 959690550
827 478 423790263
464 485 613946162
997 415 906759213
964 648 363131064
217 175 368281266
534 640 311905712
844 313 137579989
720 186 882483452
810 763 117945235
535 269 194791096
520 848 598130368
261 543 952027606
938 790 350680697
291 247 268537763
851 461 589303866
860 994 513394182
66 885 231658666
913 966 426285719
72 323 250352082
66 170 444896496
73 272 389360909
409 329 961138080
5 307 793509787
532 238 752635996
88 472 949237791
859 726 621911644
548 537 246857894
969 141 195467267
898 483 420375410
949 584 66426532
428 683 525277375
717 251 887741088
57 396 640881995
887 210 961882422
617 553 226183586
344 615 645661377
441 689 954835538
358 940 386597031
841 188 479999424
41 886 446234740
519 212 240540811
818 15 169481899
961 939 875975628
628 106 671288578
850 616 159818683
656 191 186948428
467 185 178496509
284 340 311239455
448 465 12079434
496 759 996758714
442 736 946441365
914 915 794979593
700 877 80202055
557 679 816004612
414 784 879717484
748 797 7381866
169 428 286154260
850 451 704705820
789 868 47236017
870 211 289688285
99 544 639582321
959 326 785248209
78 516 845967016
848 223 867960038
928 410 286154260
61 519 743229834
959 896 752282888
757 216 428680829
981 245 663190524
325 644 100447072
284 161 780790483
964 587 887741088
498 833 167529326
647 762 526410005
850 281 954942314
129 927 717323805
397 261 237576676
989 488 137101639
54 697 69180753
174 992 961410978
448 477 670097978
563 536 645661377
390 26 959690550
951 893 476566420
966 418 346877023
156 594 760553255
622 100 137579989
649 734 136750027
700 634 598130368
705 503 714202508
402 327 348262594
118 302 572886037
503 438 811854613
725 770 20359695
524 525 479999424
756 227 442600163
833 412 608772936
46 814 279346027
959 488 194791096
990 658 678135002
133 839 12476862
856 31 452626411
645 941 20359695
150 417 315464301
238 53 491179334
263 348 718006933
784 284 332015740
960 515 179152710
1000 991 243117768
33 855 882483452
376 673 489573508
371 253 230386991
837 213 195467267
791 329 887741088
318 101 307961364
990 672 206688608
500 990 961138080
431 865 491179334
689 85 551042387
969 107 640881995
779 289 389360909
780 707 492069046
753 180 520124714
605 485 195467267
164 548 109500411
497 677 508777420
337 474 743229834
426 112 715543389
400 871 12476862
9 577 645661377
366 525 329251277
885 592 128529143
653 76 803375258
66 653 326107774
967 933 9372445
392 666 146945000
269 581 292497879
216 10 721016817
531 12 882483452
749 445 623440378
597 792 409042913
78 477 107017276
249 245 370869030
862 323 670097978
494 931 774083321
713 991 453466632
156 585 794979593
610 714 486844445
880 896 587617626
782 410 811854613
909 171 621911644
272 97 263650729
633 788 848530878
725 225 887586977
52 589 344040792
573 207 585013105
432 64 264492695
345 986 150461157
742 890 907640067
165 222 620289749
896 905 647239798
801 48 423790263
605 512 652452145
235 76 517144202
724 276 909655607
313 966 146945000
637 71 526410005
59 351 842421132
636 624 311239455
21 4 866335297
765 999 937570833
603 652 194791096
400 31 214658797
45 120 996390338
54 995 523615438
90 165 856794310
917 796 719345279
343 310 803375258
664 853 547632442
278 477 344246882
824 931 986029379
773 839 392949319
859 275 478067743
519 513 680740362
540 351 301905746
423 417 131208237
335 325 105016178
624 748 391393570
82 323 69180753
73 490 947963152
616 498 944224804
590 615 735537585
502 560 639582321
299 935 752837632
496 321 332015740
41 723 886023379
841 126 94183619
317 526 865407347
652 24 306706680
457 81 979749337
977 777 344040792
928 37 29034583
767 5 575892543
952 569 748516207
853 719 315464301
142 44 486844445
248 336 721993194
556 698 782789997
879 601 404124541
730 153 246529840
480 931 253874631
233 290 938866377
555 177 89337972
996 903 46309937
195 804 682614058
712 66 875975628
911 818 193364759
665 933 66426532
212 89 727668673
687 447 662116893
526 158 311905712
269 334 246529840
416 816 484961042
230 302 100447072
738 907 186948428
774 186 292497879
671 290 586874491
249 944 670097978
410 938 347427813
884 347 844150855
306 478 652452145
975 546 821627470
718 287 73712010
650 105 898547539
969 54 692850592
64 829 664615707
48 813 361363471
102 379 566975124
997 140 994894404
716 867 199932083
349 493 428680829
475 260 546052525
885 176 952458976
549 221 842421132
493 453 979749337
378 736 898547539
402 308 846894342
699 618 906759213
887 533 514289382
669 841 348633418
962 228 259090137
612 65 523457663
203 975 727668673
381 151 329251277
30 290 485034040
544 87 42703986
647 945 231658666
914 211 413744423
690 70 435188626
243 408 347427813
165 463 943776736
484 19 677799714
608 733 2921515
259 241 868569185
73 454 519770708
611 804 655262134
108 80 693701444
925 667 361363471
159 867 670097978
983 335 263650729
917 991 311239455
833 874 576740766
980 208 77992084
220 134 167529326
502 519 907640067
678 197 960323988
187 127 813585063
441 31 907023164
744 278 752635996
476 619 628000158
438 147 654627530
798 383 780741629
38 878 854412903
165 726 775469148
117 47 906759213
127 300 785248209
915 429 714202508
464 809 391557408
66 442 906759213
7 987 420375410
625 319 206586459
938 636 680479547
54 842 93532550
988 984 176049180
607 805 60292174
852 243 348231195
591 586 159818683
634 882 625546463
32 823 730706177
545 491 523457663
950 443 776167953
812 629 354926253
506 705 72895848
869 137 322184560
409 874 678135002
537 405 390764038
214 326 176049180
58 766 423790263
355 889 515015103
246 622 867646055
539 809 979749337
260 692 913358445
889 709 871578190
433 962 42296528
92 111 943776736
144 586 76635484
433 296 120099160
575 602 730706177
158 43 879717484
493 64 945226566
448 182 751959887
765 824 408787592
966 553 625546463
892 212 993476509
988 193 405157949
598 579 520124714
323 164 998974433
46 758 66426532
528 75 677799714
197 294 289688285
499 892 176682713
34 152 773443337
466 234 687296398
568 731 986029379
777 382 996390338
85 566 508777420
702 919 133958829
997 43 823041062
589 450 945125221
899 304 193364759
299 252 652452145
318 473 492069046
316 295 428680829
572 754 703414095
521 949 133958829
641 940 41142891
701 909 680479547
978 303 535357502
310 359 450795075
549 785 561883670
405 675 47236017
367 748 344246882
856 739 629378682
576 378 748516207
447 937 476566420
23 379 489928272
224 993 140410647
154 950 20359695
8 325 402817042
504 177 961410978
359 156 518855614
986 279 692850592
823 548 795852684
465 957 137579989
74 361 184583919
460 991 282712446
231 978 436549553
172 326 871578190
76 798 795852684
406 76 634826006
546 964 346877023
550 890 453466632
497 342 960550555
426 121 803375258
419 971 368281266
40 932 423933623
293 806 420375410
428 178 122320858
165 25 302861768
890 606 9372445
478 696 564561374
395 27 420140173
387 456 511334531
1 66 347427813
710 460 998274649
323 840 383993642
183 748 876735221
241 459 53499868
860 522 206586459
124 147 907640067
517 747 47236017
118 205 230386991
864 501 677373994
179 416 140410647
672 407 913358445
381 289 988351704
305 854 236046628
901 833 48408882
806 398 12079434
154 109 792205535
362 638 599388421
470 186 176682713
100 732 640881995
787 937 435188626
663 468 623591787
755 210 986029379
546 117 657705388
326 728 344040792
895 973 513009842
282 884 381748132
677 7 670097978
802 486 336159533
19 256 268537763
809 402 575892543
16 113 671288578
74 421 116612190
711 905 402817042
547 501 523457663
737 401 435188626
579 198 186948428
515 971 206688608
35 215 949237791
145 866 107017276
224 494 435188626
247 156 640881995
908 261 993476509
41 986 431159690
234 233 828990016
494 423 213462829
490 926 307961364
47 542 531801995
18 709 137579989
710 762 654627530
570 15 322238645
729 293 66426532
159 300 752837632
874 830 137579989
789 946 9686260
704 456 392949319
184 933 715543389
583 390 763681100
5 500 842491600
727 365 576740766
6 983 572886037
735 93 853886818
561 620 522532630
510 516 458114727
276 454 965014383
783 292 20359695
305 972 12476862
814 85 349482273
733 299 525277375
285 457 236046628
869 554 197611342
444 72 824364232
215 479 172416293
645 476 307961364
583 620 122320858
352 70 979749337
317 625 206688608
361 277 236046628
261 219 747810221
298 512 466742573
232 368 150461157
272 861 572537138
618 338 430416418
616 953 510991760
149 747 622769625
674 336 792205535
505 36 136750027
715 368 721016817
77 439 97143875
279 872 526410005
91 42 306707362
385 207 194438937
985 287 486844445
216 326 292497879
29 258 178105340
529 683 589303866
324 697 792205535
440 479 708018115
179 766 139068713
416 996 664783271
786 170 466156068
381 286 640881995
247 545 717323805
863 781 491179334
794 277 386362919
570 738 136750027
210 350 435188626
898 34 722981255
391 659 620289749
533 646 954942314
916 669 493647179
649 1 207307862
366 795 159818683
420 278 576740766
153 245 123810154
832 138 758885485
427 670 435188626
693 834 575892543
171 777 793509787
189 343 622769625
724 963 679022422
413 67 301905746
976 162 961882422
760 518 750563423
314 98 921204270
748 891 998974433
890 563 41142891
686 708 303427816
692 199 227780547
194 641 146945000
899 104 89337972
68 995 12476862
823 194 566975124
273 280 381748132
635 625 961138080
332 570 708018115
811 453 12476862
866 233 523615438
517 266 393012177
390 906 197611342
66 238 227773259
775 957 12476862
55 655 41142891
637 709 887741088
887 888 945226566
4 435 906759213
124 925 717323805
936 208 865407347
540 369 82620816
902 966 107017276
248 591 270477582
608 691 398328654
946 766 408787592
191 713 169925544
238 437 673390131
686 249 510991760
825 64 158542755
370 755 159818683
40 130 221879325
752 568 519770708
541 254 874845203
523 738 20359695
586 80 286154260
391 554 775469148
891 572 393012177
401 372 735537585
534 662 29034583
840 388 186948428
94 652 227773259
933 63 139068713
914 239 756133741
449 408 601617168
604 553 813585063
481 385 654627530
441 899 714202508
731 5 226269973
637 154 9372445
767 822 508777420
444 137 383993642
385 671 493647179
821 507 431159690
629 632 865407347
86 59 680479547
322 190 876735221
793 13 435050063
33 955 535357502
216 861 965014383
722 465 704705820
607 79 368281266
580 412 585811617
339 325 803375258
519 474 38470628
604 943 195525660
894 508 433781937
384 801 326107774
809 982 413744423
105 746 344040792
605 330 402817042
818 265 391393570
220 892 243117768
263 697 906759213
309 516 184583919
849 962 998974433
791 471 686337229
505 211 945125221
126 801 76635484
331 937 679022422
226 163 996390338
341 192 655262134
149 527 821627470
714 502 752830948
443 547 996390338
432 969 960550555
437 192 848530878
642 82 137579989
227 260 322184560
214 218 622769625
475 51 2921515
205 88 60640438
537 333 623440378
939 227 133958829
178 411 177920989
190 66 979749337
921 45 491778367
859 879 370869030
625 160 307961364
930 689 344246882
896 668 136750027
70 965 517144202
497 823 169481899
794 919 794979593
39 399 599388421
493 918 120099160
706 780 673390131
790 954 307961364
425 535 7381866
885 236 332731808
594 750 998274649
845 528 774425572
569 299 822179330
264 759 178105340
800 61 194791096
952 489 377377342
641 85 747017139
107 6 718006933
373 247 893223761
220 70 708018115
725 476 158542755
316 174 128529143
231 643 655525885
363 478 29414662
331 270 599388421
602 720 348947518
2 530 368281266
181 835 139068713
547 434 941034297
490 875 756664248
862 815 65186028
677 88 803375258
910 778 568890489
100 107 12079434
910 297 547155589
942 106 629378682
60 374 376680618
802 834 2921515
846 33 636964716
881 378 822179330
206 519 848697505
836 903 874845203
974 659 315464301
158 626 687296398
41 254 959690550
766 246 199539875
528 749 595992630
77 495 752837632
625 148 853886818
422 923 954942314
196 374 478269798
315 184 80202055
876 772 866335297
246 781 842421132
552 741 7381866
865 461 243117768
119 262 708018115
242 891 816004612
897 49 370869030
504 643 679022422
847 450 554170746
768 43 551042387
632 469 813585063
634 350 135342672
912 631 237576676
69 908 793509787
72 163 435188626
657 8 12476862
28 797 664615707
848 455 774083321
64 95 572537138
284 302 466156068
866 167 345029638
530 952 703414095
748 41 89337972
429 88 301905746
575 660 525277375
938 976 348231195
968 635 306707362
705 819 12079434
106 665 423933623
212 484 782789997
426 837 578862012
735 22 975082996
604 71 793509787
488 204 73712010
61 698 289688285
639 987 960550555
20 941 423790263
25 389 82620816
750 900 250352082
746 568 226269973
144 282 376680618
831 190 195525660
490 686 865407347
200 804 906759213
696 132 596475900
401 791 959690550
788 597 286154260
711 48 332015740
920 970 682614058
652 41 961410978
452 367 289688285
609 751 194791096
176 467 957918233
801 897 46309937
283 509 42296528
793 916 523457663
799 526 853886818
956 421 909655607
404 647 735537585
604 595 823041062
896 521 639907395
862 873 136750027
328 377 782789997
549 352 465303887
821 662 345573373
796 924 596475900
207 168 704705820
283 655 578862012
302 776 348947518
819 250 693701444
67 229 253874631
590 381 446234740
921 970 178105340
156 998 567422317
673 676 41142891
552 747 162031013
532 947 999707472
953 936 703414095
56 465 479999424
274 860 999727044
764 707 998974433
908 771 150740844
709 934 361363471
827 750 999258003
935 641 576740766
992 988 662116893
209 230 813585063
564 612 117797532
778 720 137101639
78 992 505358981
663 831 743229834
943 592 306707362
932 252 519770708
992 970 243117768
866 900 636964716
899 370 496161774
599 678 494444125
992 417 107017276
340 163 144065953
803 349 999286436
986 691 687296398
78 620 301905746
916 852 887741088
963 747 589303866
177 670 65186028
109 537 286306905
514 529 572144685
707 80 692850592
959 31 988351704
573 11 999222771
716 507 122320858
519 931 822179330
433 619 836560201
308 241 510991760
40 397 492069046
502 991 999347319
828 352 634826006
976 616 358767468
979 485 172416293
903 30 989695834
205 506 854412903
786 355 152220304
407 104 793509787
846 574 952027606
798 153 123810154
692 883 547155589
672 628 942850510
169 934 435188626
946 980 484961042
850 680 837520814
233 682 636964716
507 780 865407347
720 271 907023164
539 312 719345279
587 467 703414095
941 829 311239455
763 60 409042913
557 743 476566420
998 981 999046834
91 994 999116479
866 990 315464301
967 957 572144685
323 557 999684923
810 224 964917723
880 818 66426532
687 881 670097978
456 394 303427816
211 962 554170746
626 493 361363471
847 844 954835538
360 979 525277375
738 605 616315806
846 568 522254534
973 908 909655607
184 611 140264444
796 636 442600163
458 386 346877023
248 162 140410647
707 602 944224804
247 72 913905173
315 210 595992630
997 976 887741088
862 655 53499868
536 768 44345925
224 852 322184560
884 480 117797532
54 629 554170746
460 892 206688608
418 998 871578190
669 551 564561374
489 322 945226566
864 384 77992084
565 15 718006933
813 913 652452145
965 923 491179334
997 996 625546463
677 683 363131064
494 887 585811617
55 97 621911644
901 898 444896496
728 312 747017139
854 489 226269973
847 604 623440378
819 441 38470628
267 470 509871553
249 507 97143875
787 761 780790483
982 973 531944598
713 824 999778077
560 802 131208237
962 820 240540811
6 381 518855614
897 376 907640067
920 856 307961364
421 138 680479547
894 941 515015103
790 817 453385154
450 902 561883670
245 634 824364232
259 883 986029379
950 988 531801995
658 783 6182160
847 854 476566420
398 689 999387733
836 641 585811617
900 976 999149368
347 45 893223761
882 980 531944598
694 804 774083321
979 835 93532550
74 389 682614058
390 878 999809262
832 618 404124541
852 810 347427813
784 898 652452145
973 256 206688608
443 567 690330158
852 326 667353912
902 49 999712302
914 956 844150855
785 219 942850510
901 656 999512666
604 395 108740395
999 949 601617168
783 225 886023379
958 961 376680618
550 641 652452145
657 704 908047924
173 843 7381866
963 917 921204270
459 331 286679658
741 180 774083321
417 998 141598421
394 60 551042387
206 115 866335297
467 284 727668673
195 517 989695834
512 54 964917723
783 867 12079434
722 925 551966763
46 767 773443337
965 321 518855614
689 897 655525885
390 784 144065953
576 418 491778367
497 414 344040792
987 966 999916285
842 810 999078212
964 901 999042468
669 973 260959499
371 739 435188626
563 935 178105340
811 805 623591787
261 317 821627470
933 318 465303887
211 955 998986084
546 793 748516207
520 664 625546463
966 993 803375258
674 619 377377342
265 135 671288578
89 533 774083321
600 553 952027606
733 868 999881606
636 842 687296398
699 935 628000158
486 453 354926253
354 916 952027606
704 544 811723587
252 720 960323988
723 882 727668673
406 955 913905173
822 766 586874491
741 706 999895999
48 839 998985870
910 710 465303887
907 693 722981255
969 792 714202508
829 890 874845203
997 343 350680697
710 676 44345925
913 456 131208237
956 667 370869030
932 980 654627530
661 410 478269798
90 608 813585063
344 909 65579970
994 997 522254534
655 377 999178054
516 185 361363471
901 886 846554307
113 772 518855614
832 498 655262134
709 414 235471928
660 916 259090137
816 290 954942314
284 772 662116893
44 127 515015103
748 190 66426532
913 901 509871553
991 869 999791063
457 332 368281266
219 320 430416418
917 809 358989668
753 864 2921515
650 142 756354941
586 157 226269973
183 67 315464301
882 353 133958829
958 972 184930506
430 655 991717487
874 524 999720857
854 752 712406919
761 201 999044539
224 956 718487207
656 993 682614058
589 507 60640438
786 442 999060682
194 94 485034040
848 166 230386991
463 31 998274649
724 684 94183619
955 682 355438273
5 535 107017276
550 702 358767468
864 944 628000158
808 907 943776736
205 818 259090137
373 760 8735374
830 219 999365294
591 460 105016178
289 880 704705820
990 940 520124714
990 961 652452145
897 895 756354941
687 654 999207932
335 124 652452145
429 600 803375258
686 822 508777420
283 898 999979472
496 204 999107545
683 281 408787592
649 920 311239455
493 811 494444125
393 759 489573508
788 104 802446363
966 470 867960038
851 480 586874491
226 430 940416434
729 820 999645723
501 653 172416293
326 130 332015740
440 423 197611342
374 633 645661377
399 625 307961364
455 173 522254534
394 645 146945000
981 877 108740395
956 988 793509787
600 611 100447072
969 852 999538096
980 997 999786927
555 127 347427813
394 442 943776736
996 994 184583919
45 632 311239455
448 212 908047924
660 912 450795075
425 892 572886037
818 819 964917723
649 979 719345279
879 951 586688272
937 924 686337229
165 409 453385154
346 555 822179330
517 564 941034297
404 264 907023164
969 842 551966763
50 249 996758714
514 205 377377342
987 938 564561374
992 968 752830948
394 429 531314104
858 874 575892543
70 874 370869030
932 91 344040792
715 723 152733355
247 270 612297779
594 68 167529326
868 855 347427813
996 206 531944598
192 100 678135002
928 942 906759213
984 572 568890489
923 977 534974895
145 475 29414662
796 716 143612174
584 914 715889759
603 947 237576676
970 972 752830948
779 755 999028808
632 526 511334531
923 922 690716940
660 491 803375258
966 389 996390338
563 465 677373994
504 849 236046628
890 200 29034583
557 741 853886818
843 918 20359695
416 213 959690550
441 716 748516207
253 330 546052525
904 923 391393570
726 649 346877023
542 824 141598421
773 429 311239455
279 139 945125221
774 977 654627530
105 684 999038521
953 916 9372445
937 929 311905712
997 576 999814219
569 311 585811617
280 98 909655607
109 325 484961042
206 686 531801995
936 916 489928272
288 984 279346027
765 961 120099160
647 900 346877023
225 546 201223050
481 343 140410647
826 827 517144202
842 949 9372445
985 446 466156068
709 641 785248209
611 900 621911644
40 603 999450523
444 372 601335514
182 545 117945235
725 756 345573373
795 276 813585063
688 805 794979593
797 647 999052853
206 937 871578190
328 933 999640153
388 140 999511052
888 135 518855614
435 7 785248209
879 743 184930506
128 97 735537585
389 488 152220304
381 279 775469148
897 968 756133741
988 991 301905746
461 714 436549553
827 440 423790263
835 948 268477322
393 441 61210283
901 914 601617168
999 890 97143875
872 821 775469148
998 983 537267361
63 686 887741088
775 108 608772936
684 454 140264444
738 531 346877023
606 717 947963152
895 945 140264444
985 977 999849500
936 899 76635484
817 759 677194920
4 467 390764038
501 221 964917723
353 282 116612190
740 871 531944598
887 737 279346027
779 14 687296398
755 747 433781937
729 234 586688272
3 277 572144685
452 590 999093323
347 971 999706320
90 828 623591787
348 608 893223761
710 635 117797532
453 537 195336846
941 949 735537585
391 63 813585063
810 484 774425572
349 440 909655607
581 518 247896134
832 13 999747744
928 998 392949319
869 868 824364232
886 7 65186028
563 326 994894404
485 486 306707362
973 997 46309937
431 531 708018115
619 583 721009263
587 274 680740362
602 144 680740362
538 490 227780547
751 583 460044141
770 821 748516207
392 473 172293378
396 669 647239798
997 488 785248209
918 875 703414095
571 679 952027606
758 362 97143875
994 629 141598421
979 467 999849364
828 702 823605873
532 526 458114727
91 463 12079434
850 442 999291655
31 26 292497879
786 861 999055931
382 539 42296528
518 502 336159533
412 604 846894342
922 949 104804667
923 971 628000158
776 410 41142891
231 616 350680697
64 222 748516207
760 721 376680618
221 824 66426532
223 514 423933623
542 908 381748132
16 506 999687280
566 627 140264444
821 768 376680618
765 458 867646055
918 654 620289749
335 728 140264444
598 705 999563593
636 343 921204270
115 818 975082996
625 713 76635484
862 999 727668673
255 625 959690550
79 261 489573508
110 781 999736319
676 81 347427813
573 947 383993642
688 927 531801995
821 707 177920989
802 809 848697505
629 741 107017276
793 912 587617626
630 164 722981255
689 917 409042913
874 788 179152710
691 910 566975124
146 704 636964716
819 889 601617168
707 949 301905746
742 595 345573373
337 919 999691148
455 734 390764038
374 582 137101639
829 573 123810154
506 291 133958829
939 657 268477322
910 949 743229834
587 316 704705820
9 770 69180753
988 706 965014383
916 509 128529143
406 15 566975124
940 367 46309937
296 780 271479436
822 761 80202055
544 992 386362919
966 977 793509787
650 717 567422317
552 13 999974976
484 792 937570833
942 414 826602348
787 509 687296398
152 99 908047924
710 593 842421132
454 206 345060928
803 941 991717487
848 96 246529840
424 833 620289749
930 686 547632442
776 307 108740395
912 805 12476862
141 703 960550555
586 986 152733355
372 12 478269798
333 669 587617626
486 792 348633418
506 398 100447072
399 642 526410005
408 29 381748132
953 504 47236017
635 975 996758714
783 262 428680829
820 615 264492695
69 267 493647179
898 680 347427813
135 964 537267361
672 332 206688608
704 843 910723470
38 789 999445027
987 974 230386991
540 640 566975124
147 336 908047924
959 280 952458976
755 616 250352082
66 540 260959499
274 829 623440378
910 538 598130368
680 353 999333627
317 563 572537138
500 392 715889759
642 787 404124541
467 94 240540811
355 692 491179334
504 615 564561374
508 860 717323805
779 675 139068713
913 989 993034262
558 227 999702540
943 899 237576676
390 657 453385154
662 312 199539875
388 451 348231195
757 948 909655607
374 503 803375258
758 953 159818683
877 625 587617626
296 550 957918233
579 637 345573373
979 741 940416434
502 611 42703986
560 407 677194920
716 977 910723470
617 800 623440378
797 817 743229834
526 127 226183586
900 623 510366417
771 784 735537585
947 504 519770708
58 87 999629473
635 471 994894404
874 699 435188626
861 969 940416434
150 888 236046628
725 536 811723587
922 930 735537585
892 943 370869030
660 981 999138516
461 636 947963152
480 51 750563423
574 990 408787592
634 191 662591054
730 493 358989668
902 889 993034262
984 841 329251277
791 850 999764418
152 824 756354941
573 578 999798458
554 287 525277375
604 579 347427813
910 92 907640067
184 446 803375258
140 395 20359695
488 732 979749337
921 406 80202055
8 572 875975628
669 824 975082996
730 956 423790263
812 566 513394182
917 551 999191656
543 659 531314104
885 991 751959887
814 408 237576676
343 748 368534927
307 172 12476862
563 331 898547539
969 900 991717487
285 143 458114727
720 404 9686260
219 742 879717484
403 277 999372643
745 785 595992630
417 483 587617626
532 493 572144685
983 403 370869030
783 709 785248209
36 746 780741629
26 498 76059824
968 1000 550045159
363 723 848530878
753 628 913358445
847 716 999777806
122 365 703414095
28 454 172293378
920 857 206586459
476 281 722981255
322 205 957160147
499 92 513394182
614 47 76635484
794 978 944224804
418 796 199539875
653 393 907640067
268 665 193364759
831 574 598130368
987 840 141598421
784 476 60292174
118 104 875444570
900 896 519770708
982 1000 999266510
909 992 708018115
332 976 623591787
931 923 887586977
887 688 692850592
938 909 572144685
985 731 523457663
653 727 803375258
905 687 392949319
271 963 999289746
225 824 423790263
381 545 578862012
269 649 167529326
935 243 546052525
586 926 326107774
902 859 999817498
587 759 345573373
938 213 952458976
759 189 999018112
222 887 823605873
953 867 999068848
986 982 526410005
313 929 693701444
909 996 589303866
729 632 639907395
221 921 423790263
123 152 582687086
291 565 72895848
747 475 879717484
283 50 690716940
59 272 673390131
727 544 775469148
507 622 346877023
338 897 511334531
410 941 993476509
786 348 329251277
924 948 493647179
732 637 486844445
866 667 667353912
787 477 227773259
828 985 47236017
969 567 408787592
499 255 299111900
432 214 514289382
520 963 89337972
649 671 152220304
999 997 136750027
833 858 655262134
658 880 392949319
957 873 961882422
991 41 999386458
954 993 999017042
729 844 887586977
617 528 146945000
339 857 999563495
815 771 999828813
300 283 420140173
394 369 981274938
219 10 586688272
970 956 999555187
554 270 484961042
436 204 747810221
993 976 420140173
316 619 997328413
459 310 942850510
485 722 286154260
875 486 913905173
724 654 999825325
800 180 679022422
957 495 179152710
75 449 756664248
966 838 65186028
101 144 568890489
903 2 999492886
123 293 398328654
582 36 184930506
879 804 712406919
866 471 9372445
727 633 908047924
587 681 865407347
848 810 952027606
907 522 595992630
519 881 458114727
918 932 999710303
45 126 752635996
313 632 704705820
483 699 954835538
951 668 999999643
410 993 306707362
585 181 123810154
195 523 572886037
300 137 715543389
925 915 526410005
604 599 945226566
808 761 942850510
316 339 213462829
224 258 178496509
302 911 785248209
257 562 80202055
12 237 748516207
546 889 655525885
867 792 383993642
895 729 128529143
968 956 947963152
526 119 634826006
947 635 680740362
73 645 988351704
500 898 999174677
977 984 404178924
223 563 613946162
667 841 12079434
918 758 336159533
83 500 636964716
938 578 184930506
667 477 433781937
507 903 510991760
663 538 586874491
116 147 961410978
794 858 105016178
981 858 44345925
552 633 680740362
559 913 547632442
508 914 836560201
959 838 60640438
777 814 572144685
776 658 756664248
270 687 256049990
566 673 999157365
65 421 144065953
706 946 756664248
329 239 566496794
997 981 774425572
135 886 326107774
386 180 994894404
192 767 65186028
758 987 345060928
434 379 780790483
116 983 596475900
641 877 999394884
161 341 73712010
182 669 517144202
557 676 492069046
668 681 240540811
669 712 453385154
573 649 856794310
611 618 237576676
241 539 774083321
593 488 867960038
77 914 909655607
967 810 354926253
816 852 551966763
903 575 306706680
897 52 8735374
581 906 162031013
616 561 531801995
423 208 12476862
787 602 721993194
748 706 957918233
982 998 496161774
996 865 952027606
869 684 386362919
778 430 795852684
211 343 523615438
968 167 368281266
947 613 823041062
670 750 999209933
894 398 89337972
793 723 999382258
689 714 690716940
608 464 259090137
846 898 628000158
812 430 453466632
899 942 393012177
629 500 431159690
502 588 677194920
224 111 941050478
368 92 511334531
982 939 131208237
928 931 537267361
741 268 999968325
956 844 465303887
855 869 65579970
111 234 628917441
746 598 20359695
917 282 522532630
877 850 961882422
793 370 690716940
336 392 426285719
705 712 465303887
631 688 178496509
405 826 46309937
498 883 957918233
897 996 279346027
738 834 2921515
670 689 999883427
757 650 12079434
313 276 678326647
439 980 2921515
642 815 954942314
642 971 752830948
772 622 636964716
1000 983 999848612
817 851 73712010
13 384 133958829
588 781 715543389
863 840 515015103
800 618 534974895
323 461 938866377
707 794 515015103
768 879 752837632
878 703 616315806
877 822 137101639
693 182 803375258
940 476 844150855
689 676 629378682
933 944 898547539
983 877 519770708
731 572 307961364
508 426 201223050
899 702 996758714
205 170 752635996
952 630 60640438
735 450 97143875
534 931 271479436
487 343 44693181
335 362 999076140
376 303 947963152
941 855 752635996
940 896 430219032
643 702 999632996
520 706 221879325
50 780 822179330
169 878 486844445
960 896 944224804
40 958 29034583
797 846 47236017
935 753 307961364
536 838 478269798
954 446 572886037
130 609 868569185
582 800 867960038
863 909 621911644
955 583 667353912
268 96 792205535
515 483 774083321
962 917 420375410
813 877 494444125
778 37 785942629
674 855 993476509
876 294 999318817
993 947 306706680
401 405 140410647
333 969 8735374
434 889 172293378
538 357 178496509
277 611 965014383
393 185 286306905
900 209 823041062
612 630 837520814
672 885 436549553
973 1000 326592180
681 724 811854613
894 812 206688608
210 728 596475900
834 794 655525885
900 994 347427813
953 999 680740362
947 995 999534761
412 695 874845203
618 272 785942629
783 631 450795075
862 864 195336846
277 924 657705388
790 380 152733355
439 387 848530878
944 103 405157949
781 836 844150855
132 632 476566420
784 907 263650729
785 454 140264444
436 451 599388421
869 618 596475900
837 31 775469148
999 984 908047924
623 506 489573508
121 444 486844445
659 370 999998155
632 39 311905712
832 211 270477582
794 324 345060928
870 705 61210283
984 998 999326149
411 245 554170746
181 981 816004612
974 978 636964716
28 455 479999424
954 863 721016817
100 18 176682713
791 941 721009263
547 467 623440378
495 404 998974433
861 568 466156068
186 158 446234740
961 817 97143875
824 591 687296398
961 928 999140840
293 121 135342672
959 799 999278288
867 911 263650729
770 619 585811617
757 85 785942629
998 596 621911644
770 835 478067743
535 666 195336846
565 35 176682713
494 479 582687086
796 693 97143875
447 793 887741088
346 490 999916823
243 830 599388421
201 614 882483452
846 887 837520814
682 188 999218219
329 416 867960038
475 510 999504223
428 472 743229834
271 958 662591054
290 477 523457663
782 604 785942629
994 1000 517144202
262 652 179152710
765 738 452626411
164 972 989695834
694 623 513009842
955 946 349482273
970 967 867646055
852 705 999788201
98 898 348633418
252 285 999408582
973 897 919168461
686 200 717323805
852 680 999668468
211 60 322238645
433 817 65186028
833 647 118784646
570 541 954942314
963 74 303427816
783 472 752830948
668 554 959690550
342 855 893223761
890 868 345573373
658 507 368281266
852 957 785942629
42 332 80202055
563 195 959690550
226 867 289688285
903 782 140410647
922 831 654627530
490 834 458114727
12 369 586874491
968 102 952027606
299 688 213462829
838 260 517144202
686 740 172416293
57 81 172416293
530 695 82620816
652 850 61210283
727 911 150461157
930 809 601617168
532 851 347427813
175 874 712406919
171 893 306706680
939 914 268477322
555 100 960550555
4 654 133958829
686 731 318720451
498 971 315464301
256 356 566975124
803 977 339924792
993 990 913905173
910 585 207307862
666 725 315464301
108 432 479999424
767 819 634826006
743 559 628917441
782 890 844150855
667 355 647239798
64 597 358989668
422 771 289688285
898 926 957918233
179 46 654627530
419 809 887586977
390 798 747017139
741 404 846554307
866 173 65186028
804 643 998999083
583 356 146945000
720 74 104804667
996 999 999831857
726 532 393012177
751 921 197611342
54 510 29414662
491 873 143612174
23 894 104804667
238 74 89337972
993 896 680479547
70 74 531801995
925 109 253874631
22 559 423933623
703 232 853886818
289 652 492069046
663 587 263650729
953 785 652452145
640 778 152733355
707 199 945125221
953 994 712406919
210 203 179152710
967 983 177920989
322 98 670097978
846 523 721016817
994 344 29414662
618 939 747810221
960 786 547155589
652 406 386362919
42 130 623591787
676 894 489928272
910 206 999047354
533 807 420140173
670 874 286306905
997 944 347427813
985 963 910723470
756 154 946441365
803 277 945125221
413 876 509871553
579 793 493647179
90 776 140410647
806 769 460044141
430 524 270477582
897 265 670097978
432 676 89337972
48 663 162031013
440 797 652452145
640 543 679022422
761 58 350680697
605 431 486844445
566 268 510991760
955 918 391393570
391 368 250352082
960 413 667353912
998 923 431159690
173 596 29034583
546 627 999554960
896 725 519770708
770 422 947963152
195 229 344040792
662 60 510366417
142 171 999752202
989 551 751959887
645 432 747810221
932 726 906759213
358 601 568890489
978 904 279346027
172 857 780790483
140 841 865407347
685 872 601617168
518 542 348947518
903 884 572144685
966 907 376680618
937 430 8735374
223 573 554170746
292 20 621911644
849 279 999104096
698 794 954835538
174 921 420140173
702 211 179152710
23 862 625546463
364 728 690716940
722 497 137579989
359 449 999246504
818 827 9686260
795 863 893223761
815 607 921204270
264 953 961138080
624 807 586688272
514 254 794979593
183 229 292497879
476 127 868569185
985 934 704705820
541 498 423790263
496 694 686337229
290 307 345060928
477 322 89337972
814 828 756354941
952 637 999194061
664 424 194791096
765 700 941034297
185 265 73712010
943 796 9372445
616 800 370869030
81 872 999265926
92 211 143612174
692 484 140410647
892 870 358767468
610 568 525277375
652 695 941034297
870 778 6182160
678 404 639907395
347 152 122320858
821 748 404178924
926 797 268537763
888 768 515015103
544 715 999303164
515 120 945226566
478 507 368281266
614 986 845967016
625 656 582687086
824 826 828307476
877 790 622776525
788 396 446234740
290 569 9372445
494 804 554170746
634 872 657705388
50 183 664783271
584 54 999372089
909 882 517144202
855 884 673390131
688 726 557312400
966 806 221879325
802 736 996758714
224 732 141598421
780 778 318720451
649 918 999866479
986 991 999503941
563 55 61210283
400 996 199539875
52 428 622769625
978 604 143612174
968 830 176049180
885 979 975082996
874 145 389360909
979 913 136750027
617 940 20359695
796 427 763681100
21 634 999940457
748 612 811723587
681 159 485034040
843 800 306707362
800 948 376680618
222 261 842491600
442 513 77992084
440 87 292497879
965 76 679022422
741 658 747810221
176 577 404178924
748 25 874845203
230 250 150740844
968 990 945226566
958 590 301905746
920 461 186948428
506 897 986029379
974 908 999313905
677 500 118784646
804 922 117945235
634 938 999373026
200 704 999390774
34 711 368281266
276 226 823605873
687 744 80202055
741 146 572144685
791 839 413744423
145 222 752830948
963 829 535357502
65 414 654627530
287 306 531944598
900 933 946441365
812 502 999675637
946 608 38470628
566 391 390764038
973 969 756354941
377 889 12079434
842 756 628917441
787 32 989695834
331 657 721009263
840 553 866335297
996 449 875975628
984 975 752830948
971 949 348262594
751 623 402817042
893 743 299111900
673 869 752282888
509 477 428680829
653 724 214658797
191 566 748516207
470 543 853886818
999 898 868569185
395 471 430416418
3 822 301905746
746 846 640881995
880 906 677373994
257 771 687296398
954 956 386362919
593 673 348231195
932 312 531944598
934 976 389360909
505 244 566975124
583 70 271479436
953 839 199932083
58 994 214658797
754 450 479999424
780 979 942850510
642 569 9372445
894 550 690330158
331 259 123810154
949 972 42703986
934 582 355438273
382 159 303427816
849 630 408787592
269 313 289688285
223 356 302861768
905 979 752282888
638 713 715543389
657 877 109500411
741 882 752282888
217 892 107017276
820 460 601617168
179 515 999554353
311 719 9686260
813 350 73712010
833 907 999018196
232 521 960550555
357 993 123810154
641 444 622776525
447 303 601335514
793 993 240540811
217 89 844150855
420 808 775469148
484 853 38470628
583 400 195467267
723 780 184583919
552 386 346877023
356 23 367246074
430 252 116612190
996 667 802446363
416 676 509871553
884 170 140264444
961 993 828990016
574 519 184583919
997 978 355438273
968 843 213462829
624 666 735537585
994 289 690330158
255 812 46309937
628 615 575892543
437 355 260959499
227 741 264492695
881 798 622769625
778 556 505358981
278 410 404124541
994 17 785248209
256 955 747017139
589 575 595992630
755 884 999767513
284 918 960323988
278 392 136750027
174 990 999982865
739 273 537267361
112 802 53499868
981 959 195467267
806 904 235471928
247 313 572886037
700 649 525277375
804 751 652452145
586 881 999485802
480 769 65186028
849 792 12476862
506 252 517144202
983 833 120099160
422 888 311905712
807 3 377377342
872 369 235471928
835 190 489573508
136 767 727668673
208 292 622769625
80 829 450795075
26 983 291226263
946 867 29034583
767 807 999233128
490 342 523615438
872 256 999404641
787 571 867646055
590 475 271479436
473 866 329251277
716 699 999676637
801 793 998990376
566 115 282712446
641 70 509871553
713 483 246529840
886 146 307961364
269 524 856794310
849 858 708018115
261 154 260959499
752 275 572537138
441 245 152220304
623 77 727668673
952 859 368281266
957 921 821627470
290 134 943776736
457 508 957160147
394 655 140410647
835 802 959690550
980 944 531801995
873 690 260959499
676 837 176049180
299 954 921204270
795 443 813585063
460 697 941034297
995 856 522254534
923 903 391393570
212 677 942850510
988 958 197611342
446 392 945125221
117 29 12476862
854 694 629378682
474 723 727668673
220 477 38470628
979 941 667353912
709 366 991717487
987 902 510366417
425 843 97143875
620 472 339924792
567 400 117945235
910 889 954942314
226 713 717323805
706 694 42296528
733 896 782789997
831 878 347427813
946 842 730706177
177 909 751959887
219 972 76059824
875 854 921204270
406 628 680740362
62 166 526410005
980 961 572886037
530 905 201223050
973 972 677194920
883 899 677799714
519 582 682614058
791 190 349482273
667 942 60640438
557 999 509871553
430 590 750563423
422 832 999305214
792 873 639907395
979 842 476566420
718 808 655262134
834 875 722981255
74 873 311905712
948 245 386362919
362 792 97143875
666 879 941034297
868 204 782789997
949 896 628000158
950 882 513009842
853 681 662116893
346 669 867646055
953 995 794979593
746 141 601335514
468 91 176049180
826 232 867646055
240 792 960323988
86 923 358767468
98 748 426285719
687 553 197611342
382 197 566496794
419 852 623440378
654 843 879717484
722 48 919168461
753 721 981274938
621 2 821627470
105 144 227780547
179 230 811723587
386 244 561883670
750 802 423790263
148 524 370869030
200 83 678326647
272 310 61210283
388 799 237576676
328 535 561883670
266 71 430219032
991 995 493647179
737 834 999887472
713 939 748516207
758 751 774083321
800 512 493647179
816 164 152733355
772 988 550045159
999 307 391557408
493 776 999463952
812 913 404178924
290 5 537267361
659 403 243117768
431 49 20359695
146 774 259090137
955 816 479999424
304 962 128529143
382 308 913905173
999 979 167529326
493 633 999163471
948 682 655525885
444 894 715543389
793 400 587617626
773 242 567422317
697 773 586688272
513 187 652452145
520 860 634826006
511 916 999145588
484 277 246529840
265 253 763681100
984 943 662116893
647 631 426285719
863 903 109500411
69 352 673390131
212 286 332731808
409 725 722981255
861 334 525277375
498 937 785248209
742 814 44693181
955 784 743229834
749 38 795852684
891 729 687296398
527 968 690716940
311 951 780790483
999 715 756664248
769 971 774425572
758 803 999663252
888 730 867646055
179 645 776167953
368 902 867960038
745 842 647239798
166 775 131208237
887 919 727668673
22 219 523615438
845 778 975082996
661 284 999751722
936 852 657705388
251 916 776167953
304 806 944224804
263 336 235471928
854 954 595992630
43 224 564561374
567 456 887586977
300 74 989695834
944 352 513394182
899 757 29034583
909 885 752282888
164 516 566975124
677 214 919168461
878 432 368534927
562 78 991717487
490 160 42296528
426 714 625546463
524 296 828307476
562 614 751959887
864 961 774425572
759 682 940416434
197 178 105016178
229 398 845967016
984 686 821627470
6 23 999045394
845 638 307961364
704 658 172293378
626 674 664783271
957 907 12476862
806 521 721009263
424 990 999402747
779 506 523457663
902 292 639582321
474 586 846554307
693 818 398328654
936 829 515015103
496 55 756664248
637 746 531801995
798 919 47236017
436 46 662116893
361 38 693701444
286 683 814354016
132 120 7381866
364 804 318720451
884 737 391557408
964 749 227780547
892 921 136750027
167 150 908047924
519 862 367246074
342 927 428680829
593 623 213462829
563 836 237576676
617 701 622769625
8 328 572537138
955 957 213462829
713 415 404124541
751 917 29414662
911 955 484961042
859 643 42703986
448 481 601335514
255 14 994894404
634 333 531314104
999 896 197611342
720 884 428680829
88 956 887741088
259 918 854412903
859 843 608772936
852 738 999840195
756 814 886023379
888 842 679022422
548 770 271479436
827 948 383993642
786 581 853886818
147 805 794979593
980 971 996390338
880 242 628917441
657 459 634826006
340 79 999132868
756 576 921204270
414 455 226269973
539 261 292497879
939 846 868569185
738 999 735537585
363 961 561883670
862 759 667353912
913 607 207307862
650 985 72895848
797 903 993476509
766 903 828990016
326 996 505358981
972 528 821627470
625 440 176049180
995 998 329251277
530 698 137579989
972 955 747017139
295 270 999651952
868 981 404178924
994 852 715543389
858 903 567422317
62 530 945125221
599 546 868569185
860 251 381748132
536 151 679022422
850 645 452626411
231 588 150461157
776 490 568890489
642 747 823041062
757 636 856794310
758 990 150461157
825 232 510366417
734 384 286154260
949 673 116612190
608 748 109500411
373 290 358989668
878 145 169481899
713 392 402817042
583 255 453466632
948 471 176682713
7 791 999665322
536 644 531944598
890 741 999459485
821 889 547632442
742 871 94183619
221 182 671288578
29 176 69180753
742 678 756354941
883 936 999008614
850 901 398328654
242 639 898547539
527 675 361363471
303 174 794979593
549 46 844150855
317 799 582687086
360 86 9686260
839 797 355438273
519 770 596475900
811 757 306706680
925 950 535357502
902 962 913358445
637 877 750563423
929 830 909655607
127 74 719345279
755 559 871578190
394 585 994894404
552 772 944224804
830 988 999606747
564 952 572144685
700 527 435188626
215 250 131208237
245 285 199539875
108 656 999383769
747 335 38470628
876 487 135342672
580 802 332015740
793 952 423933623
889 785 721993194
286 103 361363471
303 938 413744423
790 209 450795075
952 947 256049990
836 38 943776736
695 260 378157929
206 434 213462829
916 941 961410978
882 66 655262134
577 584 423790263
991 753 730706177
898 988 616315806
884 673 38470628
181 516 910485847
392 163 301905746
208 961 491778367
996 981 780741629
917 351 446234740
524 840 988351704
360 127 999910992
100 210 680479547
836 147 673390131
799 125 69180753
854 957 919168461
990 978 554170746
100 300 999481498
458 835 206586459
984 994 80202055
357 378 954835538
313 720 336159533
800 968 339924792
694 305 383993642
729 337 595992630
522 820 622776525
464 537 302861768
36 133 875975628
99 899 944224804
773 160 431159690
745 792 599388421
882 878 531314104
992 976 484961042
855 253 44693181
835 811 136750027
867 880 568890489
988 980 999463753
758 527 991717487
938 734 282712446
985 945 999390368
319 201 531314104
514 605 226183586
96 795 511334531
700 610 231658666
620 746 718006933
505 473 303427816
889 568 564561374
402 998 531314104
484 29 564561374
947 845 303427816
853 468 452626411
99 416 988351704
494 769 206586459
707 500 663190524
727 693 999833789
40 386 48408882
383 770 158542755
967 998 863084542
588 849 750563423
659 139 714202508
558 658 492069046
951 959 207307862
923 949 423933623
909 381 942850510
932 766 104804667
659 150 654627530
863 286 996390338
793 861 576740766
24 248 117945235
897 765 747810221
935 984 460044141
994 913 670097978
357 334 226269973
955 915 906759213
854 672 944224804
915 938 677799714
804 117 178496509
913 496 450795075
825 631 882483452
745 864 999300720
126 556 639582321
971 947 690330158
894 436 587617626
551 107 152733355
373 350 137579989
289 596 752830948
887 711 2921515
224 256 879717484
607 62 867960038
944 192 311905712
678 29 576740766
995 659 910723470
889 954 117797532
480 911 677799714
104 59 104804667
934 942 667353912
369 962 680479547
721 526 47236017
981 151 999750758
710 41 598130368
72 808 756133741
999 972 268537763
748 939 908047924
305 14 347427813
667 984 460044141
394 865 433781937
505 209 137101639
942 95 846894342
556 663 201223050
505 675 184930506
509 750 306706680
424 738 489928272
952 437 213462829
415 282 975082996
991 966 207307862
392 925 622776525
978 322 803375258
882 194 999819297
695 189 999341071
623 766 169481899
934 984 907023164
374 277 999768493
995 809 301905746
916 512 687296398
441 444 865407347
982 952 601335514
616 987 999199478
948 525 999960248
842 586 152220304
847 903 65579970
929 971 250352082
931 964 814354016
455 239 48408882
698 671 954835538
818 639 758885485
618 804 511334531
704 806 551966763
991 304 73712010
806 875 358767468
12 325 105016178
136 890 671288578
523 172 214395755
992 999 505358981
414 952 826602348
873 430 381748132
734 451 152733355
924 576 999171421
502 742 692850592
563 547 586688272
381 301 131208237
972 960 453385154
934 991 999244600
18 785 679022422
301 475 865407347
393 554 814354016
578 593 952458976
899 924 690330158
932 994 76635484
729 794 150461157
309 58 704705820
536 510 715889759
605 715 9686260
145 700 137101639
1000 984 484961042
242 860 981274938
974 861 952027606
287 762 999829894
456 794 65579970
455 989 311905712
513 927 514289382
607 190 546052525
349 779 645661377
982 961 999428360
357 512 782789997
313 157 664615707
960 882 959690550
757 965 393012177
231 717 793509787
299 310 162031013
370 20 898547539
842 735 302861768
195 626 520124714
877 719 176049180
647 503 392949319
931 162 671288578
948 896 108740395
439 780 727668673
913 759 867960038
955 755 999076662
133 139 564561374
966 291 6182160
513 410 226183586
866 943 398328654
532 189 253874631
424 648 176049180
938 954 760553255
992 997 428680829
56 834 564561374
783 110 999185434
784 1000 478269798
855 454 944224804
611 153 486844445
664 661 109500411
986 696 999998681
993 989 567422317
463 149 311905712
315 191 793509787
882 285 2921515
785 35 194438937
80 709 402817042
691 153 999097260
280 351 348262594
780 753 329251277
87 843 586874491
831 733 879717484
342 689 823041062
503 850 774425572
453 284 564561374
850 992 94183619
703 887 564561374
658 327 844150855
877 839 104804667
998 965 496161774
290 791 458114727
500 661 686337229
944 900 947963152
459 575 910723470
12 324 846894342
878 304 133958829
417 649 586874491
971 989 2921515
73 718 122320858
944 310 214395755
237 397 345029638
149 945 12079434
145 956 29414662
386 590 999654810
904 644 998974433
962 904 678135002
754 103 986029379
807 331 752282888
983 593 235471928
60 903 332731808
309 855 339924792
404 187 945125221
692 316 123810154
720 433 42296528
276 948 628917441
96 736 169925544
808 37 140264444
965 980 752837632
425 332 393012177
885 811 404124541
16 779 390764038
847 316 339924792
880 845 227773259
414 745 913358445
332 40 20359695
831 953 391557408
693 926 999835387
513 469 348231195
894 861 993476509
985 988 639907395
935 748 775469148
953 849 12079434
837 809 486844445
734 971 846894342
426 236 708018115
918 958 61210283
885 816 671288578
614 368 823041062
926 917 846894342
207 431 236046628
966 916 999229356
2 759 390764038
187 139 999873434
733 596 256049990
919 698 509871553
916 742 466742573
772 371 826602348
611 669 999853743
923 918 390764038
352 188 466742573
665 835 152220304
505 233 376680618
207 433 601617168
817 955 993476509
28 254 348231195
452 968 143612174
716 856 505358981
214 290 226183586
405 614 123810154
291 147 6182160
606 449 910723470
575 554 999093374
336 988 743229834
328 580 140264444
199 158 907023164
886 542 714202508
987 998 690716940
140 988 780790483
868 540 898547539
922 825 999983137
865 984 303427816
310 213 286154260
356 896 213462829
756 247 735537585
297 278 344040792
581 833 989695834
205 389 231658666
441 333 531314104
502 718 909655607
744 817 152220304
390 471 999403015
897 991 302861768
613 660 433781937
112 938 85948937
618 518 61210283
999 804 999027717
747 566 240540811
842 834 430219032
66 982 671288578
70 181 687296398
6 769 197611342
939 874 332015740
976 887 48408882
853 478 945226566
59 644 975082996
900 814 194438937
456 942 536694987
566 579 2921515
843 481 344040792
862 965 431159690
15 328 227780547
502 126 72895848
931 949 368534927
871 779 61210283
795 378 572886037
670 610 868569185
200 30 567422317
78 195 253874631
88 453 214395755
944 985 120099160
989 948 271479436
578 959 535357502
958 587 662116893
233 997 999901637
223 348 522532630
989 539 909655607
225 579 38470628
933 992 69180753
946 318 505358981
763 961 386362919
859 979 408787592
937 890 999332538
531 758 326592180
25 293 243117768
744 845 518855614
841 682 423790263
385 493 846554307
998 912 491179334
801 733 509871553
694 133 662591054
125 639 715889759
957 914 566496794
623 984 433781937
605 548 517144202
940 876 476566420
655 160 687296398
301 465 268537763
902 86 999714901
978 91 952458976
594 437 576740766
376 415 887586977
943 834 513394182
439 803 486844445
336 913 678326647
121 287 999778581
243 190 150461157
656 89 774425572
588 509 621911644
767 508 913905173
862 980 428680829
749 710 426285719
281 977 537267361
939 550 404178924
957 90 194791096
583 801 408787592
469 787 253874631
833 197 578862012
789 923 719345279
497 669 811854613
366 929 547632442
384 314 875975628
237 406 629378682
836 583 999686619
405 812 159818683
250 838 999952293
327 569 999389357
312 406 846554307
432 982 230386991
522 318 235471928
981 377 513394182
469 171 629378682
592 342 906759213
380 543 243117768
506 922 795852684
477 717 886023379
944 981 715543389
263 409 489573508
457 673 814354016
372 840 715543389
876 728 547632442
477 468 999909251
433 708 306706680
650 785 678326647
687 902 146945000
969 979 589303866
48 50 678135002
379 844 687296398
974 976 11822591
423 958 383993642
420 153 536694987
956 318 476566420
529 351 598130368
666 840 496161774
873 976 561883670
648 785 345060928
734 283 122320858
873 524 999287690
902 382 625546463
668 574 201223050
763 985 322184560
999 581 824364232
187 574 703414095
782 149 582687086
932 854 199539875
304 457 344040792
195 464 176682713
750 277 199932083
767 987 999964704
862 973 354926253
733 598 945226566
694 524 748516207
113 884 404124541
54 374 640881995
825 442 601335514
128 100 141598421
299 341 844150855
907 681 758885485
966 957 236046628
894 817 243117768
448 414 348231195
770 975 116612190
931 934 405157949
775 991 795852684
646 610 42296528
868 947 433781937
523 317 311239455
980 992 715543389
937 803 717323805
692 919 177920989
819 634 842491600
247 162 907023164
528 349 206586459
452 709 993476509
634 441 122320858
442 542 9686260
983 977 599388421
918 896 172416293
227 316 243117768
942 904 601335514
897 572 7381866
295 517 943776736
956 741 322184560
324 341 109500411
548 421 172293378
267 500 824364232
955 936 999879728
335 680 582687086
608 970 748516207
850 684 679022422
174 329 994894404
378 641 826602348
361 893 662591054
211 62 271479436
807 589 876735221
30 629 692850592
979 320 893223761
104 615 999236175
803 500 136750027
536 935 172293378
618 547 848697505
354 798 144065953
827 525 760553255
652 873 999535088
698 523 332015740
14 520 913358445
652 974 999087567
545 970 988351704
430 446 381748132
837 115 687296398
190 30 599388421
463 654 246529840
35 715 585811617
827 821 828990016
687 887 260959499
692 989 999090644
119 895 601335514
807 715 999384089
704 561 828307476
211 457 575892543
801 943 814354016
567 563 721009263
654 857 186948428
296 584 105016178
796 946 662591054
1 559 144065953
899 792 476566420
186 634 491179334
334 349 671288578
163 517 522532630
407 980 169925544
669 651 345029638
424 574 640881995
844 776 82620816
839 812 465303887
651 816 531801995
997 729 692850592
280 751 465303887
834 967 346877023
997 998 782789997
956 989 73712010
426 498 893223761
919 363 848697505
131 705 322184560
878 829 998987519
85 411 136750027
327 381 405157949
265 220 763681100
840 885 383993642
948 816 547155589
64 508 73712010
727 998 303427816
472 278 816004612
300 398 961138080
650 600 206586459
967 942 942850510
839 850 551042387
503 942 999686043
831 424 774083321
665 97 999764703
986 976 42296528
484 699 444896496
707 672 636964716
312 293 172293378
843 856 652452145
924 739 286679658
256 843 940416434
769 917 307961364
946 991 167529326
4 734 842491600
554 345 945125221
348 274 442600163
933 284 979749337
641 572 813585063
885 594 430219032
738 569 561883670
710 313 370869030
998 381 999739596
112 446 186948428
689 793 509871553
612 983 941034297
657 815 230386991
582 965 999692806
108 257 662591054
893 676 572144685
852 582 662116893
476 257 120099160
938 621 941050478
508 511 486844445
399 233 368534927
258 433 792205535
229 493 291226263
460 196 118784646
894 853 390764038
837 886 355438273
646 411 259090137
676 795 307961364
570 969 361363471
767 981 999422137
168 990 986029379
876 882 601617168
966 626 65186028
538 953 822179330
22 248 803375258
190 328 986029379
85 94 999490649
881 810 433781937
287 553 271479436
987 458 961410978
763 39 946441365
925 690 430219032
989 686 42296528
320 337 735537585
977 594 551966763
150 549 511334531
185 297 961882422
231 332 680479547
632 146 803375258
871 484 336159533
817 324 404124541
540 494 921204270
742 548 551966763
517 93 444896496
963 977 172416293
492 568 721009263
356 150 623591787
985 991 392949319
50 916 752830948
700 517 589303866
769 981 664783271
24 147 722981255
992 735 534974895
249 698 999612454
152 219 302861768
786 423 775469148
877 990 486844445
701 281 508777420
906 819 348633418
990 1000 657705388
907 720 522532630
914 740 93532550
119 516 508777420
962 889 662591054
671 542 311239455
776 388 270477582
845 966 195336846
841 155 108740395
375 592 913905173
534 192 82620816
129 835 572144685
601 793 623591787
86 838 567422317
625 275 680740362
329 790 747017139
678 193 714202508
94 985 999310561
887 991 194791096
849 189 518855614
211 892 782789997
978 832 120099160
459 821 237576676
807 175 913905173
881 744 999036844
957 985 509871553
936 815 719345279
718 842 514289382
853 453 964917723
349 766 392949319
968 338 999147651
114 994 842491600
855 264 519770708
789 738 692850592
504 530 999182608
811 750 821627470
590 571 960323988
791 555 999866391
907 908 910485847
775 859 941050478
721 943 391393570
220 396 999456386
512 697 47236017
767 60 945125221
696 22 664615707
296 406 137101639
814 781 785248209
799 872 381748132
855 543 586874491
861 510 306707362
590 759 999370891
697 249 177920989
963 701 452626411
962 979 874845203
853 267 466156068
306 148 965014383
569 729 921204270
842 860 730706177
409 932 750563423
721 980 679022422
34 775 999436216
984 941 123810154
471 363 946441365
380 364 595992630
773 700 566496794
532 849 671288578
488 388 107017276
470 198 514289382
986 532 645661377
533 733 780741629
932 983 367246074
91 2 906759213
130 532 93532550
1000 987 999366998
903 758 596475900
508 803 29034583
767 426 704705820
989 995 686337229
846 461 824364232
818 707 386362919
933 1000 378157929
598 698 137579989
941 911 647239798
716 387 131208237
865 637 46309937
861 295 100447072
833 815 214395755
673 803 537267361
578 882 910723470
375 783 879717484
984 992 747017139
754 801 999584769
775 868 954835538
886 990 622776525
390 658 898547539
917 159 9372445
909 541 89337972
35 676 572886037
431 213 184930506
827 939 692850592
973 746 511334531
580 507 608772936
472 675 965014383
744 235 137101639
634 646 999735510
131 718 988351704
742 162 587617626
664 857 485034040
294 706 853886818
636 432 566496794
130 396 678135002
863 455 11822591
384 992 349482273
701 477 913905173
760 863 392949319
324 186 436549553
901 679 306706680
764 182 623440378
521 391 386362919
462 13 751959887
679 380 517144202
137 983 199539875
590 371 655262134
662 521 386597031
687 229 837520814
547 221 677799714
507 897 576740766
54 370 195525660
267 8 476566420
519 369 853886818
587 789 999561342
820 608 919168461
672 561 999290422
783 476 747017139
746 669 137579989
498 699 566975124
859 703 846554307
830 782 910723470
545 334 999939134
654 64 634826006
399 614 999536334
962 984 587617626
956 952 999152278
505 407 76635484
477 590 94183619
298 992 61210283
492 889 303427816
787 900 236046628
791 197 670097978
388 854 639582321
325 481 957918233
874 895 876735221
519 730 178496509
525 855 194438937
992 720 712406919
519 117 289688285
952 955 975082996
807 380 361363471
650 841 952027606
423 383 41142891
851 779 551042387
271 504 264492695
41 919 150740844
124 625 628000158
573 682 959690550
23 392 206586459
167 698 721993194
972 769 998991556
962 978 350680697
815 571 623591787
633 983 302861768
163 644 999584801
160 430 159818683
925 975 436549553
153 853 271479436
182 152 12079434
837 591 348262594
972 887 152220304
937 501 531801995
887 933 568890489
319 833 318720451
901 783 640881995
295 748 826602348
675 163 44345925
920 828 446234740
923 942 623440378
831 791 370869030
524 134 131208237
950 970 586874491
614 479 937570833
693 703 311905712
826 487 531944598
502 473 944224804
915 620 259090137
244 219 137579989
15 535 178496509
844 905 423933623
748 341 586688272
410 489 240540811
893 913 348231195
963 812 139068713
449 866 999249008
531 970 268477322
961 942 221879325
890 622 547155589
924 992 94183619
58 390 486844445
903 751 9372445
970 994 332731808
732 612 515015103
237 531 169925544
576 930 550045159
210 924 949237791
301 265 993034262
600 52 522532630
573 606 727668673
121 751 680479547
257 920 386362919
938 864 999817227
175 714 435188626
313 412 907023164
380 309 355438273
471 588 344040792
265 291 526410005
475 435 802446363
944 966 608772936
198 158 999799892
430 813 491179334
530 549 893223761
861 477 76635484
733 442 621911644
133 230 547155589
223 885 941050478
332 168 999283803
969 510 186948428
706 856 662591054
658 264 42296528
28 504 453466632
909 637 727668673
838 995 478067743
750 984 66426532
883 705 104804667
570 427 682614058
986 101 775469148
552 235 998984208
336 751 998997564
407 951 430416418
522 806 999972930
538 323 673390131
213 606 750563423
415 428 620289749
688 864 159818683
207 653 957918233
1000 792 999949708
182 339 586688272
920 832 466156068
914 315 686337229
849 869 465303887
871 521 167529326
843 998 206688608
107 238 961882422
109 246 446234740
958 504 756664248
317 283 368534927
768 711 999502057
233 573 814354016
528 274 879717484
775 196 378157929
998 971 693701444
894 748 66426532
915 449 522254534
866 930 587617626
817 568 11822591
258 40 961882422
845 996 518855614
216 290 999684212
376 627 999626778
686 742 76635484
727 252 259090137
309 633 999415285
756 949 522532630
45 721 863084542
951 927 391557408
629 449 639582321
966 983 893223761
906 871 677373994
605 954 435188626
576 767 721993194
464 789 12079434
780 890 547155589
459 341 355438273
942 227 886023379
819 899 358989668
897 890 235471928
965 962 664615707
843 933 6182160
183 579 907023164
118 639 368281266
649 961 946441365
400 985 6182160
746 862 692850592
563 508 751959887
710 441 756133741
25 279 131208237
845 333 348947518
597 872 875975628
32 740 664615707
360 266 760553255
907 618 199539875
764 1000 572537138
583 245 842421132
657 437 12476862
835 360 752635996
375 578 197611342
711 293 942850510
587 336 250352082
347 520 193364759
980 978 999389103
718 776 949237791
926 363 887741088
881 983 999562901
937 660 177920989
944 934 256049990
329 712 72895848
772 571 430219032
897 111 389360909
923 723 486844445
279 481 999031668
465 964 531314104
977 787 999481954
923 793 679022422
212 29 999022628
951 979 12079434
480 805 774083321
266 648 12476862
289 511 386597031
871 713 828990016
402 754 172293378
459 166 965014383
983 941 370869030
359 6 704705820
346 660 152220304
134 835 999382759
211 478 999015790
949 399 531944598
581 248 9372445
377 862 139068713
696 526 670097978
499 322 848530878
480 648 322184560
372 386 116612190
259 749 12476862
869 969 9686260
887 672 780790483
951 805 264492695
90 227 844150855
69 933 719345279
553 170 347427813
358 959 376680618
160 659 913905173
981 780 721009263
862 395 842491600
82 102 628917441
849 823 329251277
964 986 431159690
640 890 256049990
690 912 572886037
93 771 42703986
747 733 673390131
888 830 910723470
64 45 66426532
775 418 714202508
754 863 522532630
838 669 999672932
979 972 339924792
337 274 874845203
923 770 105016178
800 958 531314104
616 639 122320858
979 447 479999424
708 930 508777420
137 74 775469148
630 888 875444570
818 927 823605873
130 188 957160147
923 772 747810221
789 204 680740362
795 265 794979593
541 896 678135002
816 581 986029379
956 991 663190524
772 872 999245915
490 295 875444570
723 372 957160147
334 458 72895848
234 605 999181807
975 864 38470628
1 813 693701444
141 307 823041062
261 284 194438937
752 49 85948937
983 984 620289749
698 879 80202055
459 196 636964716
523 692 376680618
921 965 346877023
495 557 598130368
854 778 489928272
814 950 420140173
982 748 513009842
767 632 756354941
384 965 677194920
977 575 329251277
711 400 526410005
894 910 336159533
686 402 937570833
966 176 11822591
275 232 551966763
902 785 999397127
752 824 76635484
765 746 792205535
794 874 613946162
741 949 677373994
990 959 886023379
794 646 286154260
376 932 863084542
572 156 409042913
496 346 909655607
919 897 813585063
984 810 999900535
277 744 214658797
255 892 999930577
999 863 453466632
598 311 301905746
902 960 345573373
864 962 301905746
581 352 773443337
916 994 981274938
439 551 999599958
742 845 999998472
638 502 80202055
59 94 404124541
649 988 954835538
996 992 347427813
906 903 146945000
947 974 329251277
368 982 568890489
375 792 999156559
992 59 236046628
652 834 348262594
547 249 989695834
722 859 368534927
913 526 566496794
762 992 913358445
617 124 315464301
169 578 670097978
630 322 909655607
977 517 430416418
883 307 346877023
715 874 714202508
919 233 585013105
688 866 250352082
443 791 344246882
997 938 999195057
984 613 999565700
994 754 167529326
156 946 645661377
474 101 667353912
767 535 536694987
356 634 260959499
459 201 226183586
129 90 117945235
493 837 435050063
934 220 704705820
345 390 162031013
995 915 647239798
380 619 718006933
236 983 856794310
55 837 756664248
304 396 567422317
940 949 231658666
928 636 307961364
909 746 721993194
914 587 402817042
777 402 941034297
232 374 453466632
726 794 172416293
129 432 993476509
990 987 423933623
84 853 814354016
635 764 393012177
602 740 952458976
252 218 678326647
594 553 952027606
988 248 663190524
880 614 965014383
457 178 999297900
913 683 236046628
979 536 520124714
6 466 721016817
692 501 913358445
980 989 523457663
704 532 999811673
138 955 152733355
950 941 686337229
841 838 264492695
400 570 663190524
968 626 910485847
62 720 875975628
836 920 662591054
945 917 750563423
54 846 677799714
171 446 999268960
702 772 898547539
979 985 197611342
647 954 871578190
869 936 428680829
715 773 910485847
429 965 735537585
582 33 38470628
455 110 906759213
307 241 47236017
961 962 756664248
243 5 109500411
175 331 214395755
736 971 999695425
271 591 423790263
837 401 515015103
979 730 566496794
754 389 289688285
754 906 640881995
390 403 420140173
384 246 657705388
678 653 6182160
884 908 76635484
911 625 140264444
399 726 53499868
668 69 727668673
743 818 874845203
948 971 623591787
710 286 420375410
502 700 66426532
184 511 11822591
932 455 780741629
338 107 999785860
939 895 546052525
818 904 392949319
819 884 409042913
177 133 311905712
482 826 307961364
525 949 994894404
666 740 377377342
232 788 945125221
830 760 721993194
705 912 747810221
89 475 363131064
930 837 999345573
498 302 478067743
395 543 520124714
312 862 566496794
915 899 989695834
610 604 655525885
841 747 634826006
579 996 197611342
393 501 348231195
275 253 811854613
475 720 386362919
431 983 47236017
119 740 485034040
502 810 430416418
609 920 131208237
150 484 727668673
979 900 306707362
239 529 774425572
964 969 458114727
836 570 717323805
965 826 207307862
903 951 48408882
972 788 867960038
214 284 554170746
307 361 368534927
73 541 44693181
19 919 345029638
4 95 999732291
541 667 286679658
697 876 865407347
434 369 682614058
920 988 879717484
932 251 413744423
921 890 137579989
176 396 69180753
713 808 999217689
374 627 526410005
730 548 999241984
890 960 307961364
420 944 354926253
566 264 957160147
603 451 999058611
735 712 6182160
923 801 446234740
621 424 20359695
748 808 322238645
681 780 721993194
571 183 554170746
356 575 77992084
168 543 752830948
517 545 137579989
27 554 714202508
619 796 794979593
670 486 598130368
661 766 828990016
248 306 485034040
38 550 489573508
109 933 367246074
366 971 893223761
912 534 824364232
963 788 634826006
398 756 625546463
944 987 620289749
80 8 367246074
907 834 718006933
787 673 346877023
969 989 937570833
499 966 965014383
466 200 621911644
915 485 409042913
944 946 554170746
884 965 663190524
472 823 803375258
492 788 550045159
602 614 961882422
576 323 172293378
21 161 231658666
971 950 828307476
926 942 957918233
414 176 423790263
861 661 159818683
939 578 386597031
941 939 137579989
928 280 773443337
604 944 938866377
342 648 865407347
929 940 748516207
983 298 957918233
872 459 999211394
860 877 999226648
956 693 575892543
897 912 289688285
975 974 44345925
853 604 999635297
697 17 194791096
284 865 466156068
544 613 628000158
773 309 268537763
542 929 526410005
533 823 301905746
549 361 999349266
678 340 954942314
738 551 144065953
172 507 636964716
929 864 489573508
683 601 949237791
780 419 816004612
396 699 946441365
603 921 954942314
283 186 47236017
996 219 235471928
933 904 492069046
900 771 368281266
743 725 306707362
905 796 311239455
863 246 492069046
782 822 458114727
863 240 692850592
529 995 999407976
982 856 887586977
596 949 444896496
528 768 358989668
914 34 598130368
161 614 11822591
723 760 816004612
376 423 139068713
945 201 493647179
640 885 673390131
500 276 999927382
684 818 436549553
304 31 42703986
847 542 898547539
250 252 478067743
766 651 964917723
829 870 708018115
666 545 332015740
785 316 420140173
134 322 392949319
463 942 999937917
884 380 679022422
253 916 505358981
954 610 195336846
756 839 263650729
729 832 663190524
967 428 714202508
995 956 150461157
484 281 195525660
967 889 522532630
188 278 515015103
565 342 999222864
687 780 795852684
997 590 12079434
934 806 122320858
298 81 868569185
658 599 193364759
824 863 715543389
528 818 413744423
352 507 7381866
912 941 9372445
895 938 235471928
364 322 525277375
793 198 907023164
439 146 677194920
251 147 547155589
955 277 998974433
730 760 822179330
500 551 383993642
926 913 348231195
764 825 954835538
595 942 620289749
951 949 775469148
224 440 999624666
672 755 999656946
328 386 492069046
240 11 29034583
666 650 721993194
8 481 999874815
151 287 289688285
539 630 100447072
262 192 104804667
924 840 60640438
808 773 489573508
504 653 667353912
975 891 947963152
975 981 868569185
421 520 620289749
322 426 756664248
795 194 747810221
667 561 345029638
962 856 639907395
599 630 999210582
966 620 547155589
731 578 654627530
419 595 195467267
628 849 748516207
837 952 844150855
637 882 195467267
347 159 572886037
973 965 601617168
795 947 999317737
143 581 941050478
476 857 12476862
975 976 20359695
767 970 678326647
122 858 601335514
455 674 639907395
783 791 662116893
999 1000 97143875
418 207 363131064
684 600 774425572
867 975 557312400
125 63 172293378
354 352 620289749
94 304 774425572
447 20 510366417
165 57 546052525
890 594 12476862
529 397 519770708
205 57 999732742
608 815 991717487
57 648 537267361
880 989 428680829
989 733 158542755
436 315 179152710
990 830 46309937
421 588 842421132
810 192 404124541
201 454 347427813
68 291 961138080
798 784 109500411
844 612 433781937
47 233 639582321
92 817 802446363
621 753 344040792
333 844 690330158
961 692 582687086
529 982 752837632
457 639 999092636
705 112 523457663
863 228 671288578
550 149 361363471
929 656 478067743
895 650 167529326
649 628 301905746
743 746 785248209
750 3 279346027
950 561 243117768
881 264 391557408
964 910 640881995
805 948 344246882
53 696 303427816
8 334 999543174
741 864 152733355
97 671 776167953
265 522 908047924
858 602 150740844
732 876 999243679
130 763 336159533
668 898 727668673
946 884 945226566
949 903 907023164
801 442 908047924
395 881 60640438
997 96 999964766
713 789 133958829
503 459 816004612
671 600 195336846
665 937 867960038
233 85 887586977
589 74 664615707
784 937 286306905
947 822 89337972
735 633 289688285
334 776 214658797
646 227 999021012
503 203 104804667
822 993 999172854
804 839 143612174
888 906 677194920
805 959 747017139
641 586 430416418
894 828 143612174
866 507 176049180
812 648 386362919
992 985 719345279
684 980 363131064
913 395 993476509
656 587 213462829
805 592 460044141
686 845 793509787
978 971 176049180
190 916 993476509
883 326 442600163
593 620 453466632
54 944 69180753
69 316 952027606
556 522 195525660
957 953 564561374
663 604 250352082
981 170 358989668
877 195 655525885
331 53 999972012
658 577 867960038
44 231 655525885
723 939 996758714
50 758 657705388
953 973 944224804
902 864 586874491
454 766 345573373
705 765 476566420
776 991 999855560
182 580 686337229
740 884 193364759
621 902 828990016
56 384 608772936
841 507 6182160
347 505 589303866
317 175 667353912
611 315 286154260
681 839 598130368
546 713 144065953
961 827 535357502
499 527 998979296
264 894 996390338
837 987 169481899
797 825 393012177
885 954 946441365
666 14 6182160
711 503 299111900
530 624 678326647
513 414 813585063
872 237 227773259
236 240 186948428
819 727 435050063
765 152 235471928
449 397 907023164
979 954 169925544
817 872 585811617
266 714 311239455
515 387 176682713
701 33 65186028
397 216 123810154
864 971 264492695
669 767 620289749
685 997 999355431
697 834 29414662
814 985 246529840
992 978 763681100
25 60 523615438
624 29 522532630
511 4 231658666
438 798 853886818
348 78 677799714
335 521 65186028
676 420 409042913
667 671 299111900
40 180 875444570
580 779 263650729
613 326 509871553
609 836 999152360
142 445 12476862
977 796 919168461
380 912 999794416
565 782 306706680
344 148 776167953
541 598 349482273
487 590 466156068
339 742 721993194
894 985 719345279
351 756 213462829
579 501 575892543
991 757 76635484
460 649 123810154
625 710 752635996
831 837 140264444
991 977 311239455
848 918 616315806
925 35 368534927
521 357 907023164
983 996 601335514
394 789 466742573
976 831 466742573
767 904 776167953
994 999 989695834
37 73 243117768
902 485 662116893
972 942 367246074
133 403 957160147
577 785 601617168
386 311 420375410
732 25 236046628
94 392 687296398
305 717 667353912
92 779 957160147
671 846 214658797
833 654 999558995
335 816 717323805
636 805 69180753
379 769 678135002
174 422 531314104
604 635 29414662
341 193 123810154
731 886 6182160
699 921 999172209
606 334 227780547
817 165 150740844
977 909 152733355
489 908 120099160
154 246 875444570
801 998 999754374
120 133 345029638
794 746 176049180
995 966 386362919
952 345 9372445
962 973 751959887
548 538 509871553
946 396 221879325
703 761 998274649
251 341 994894404
553 814 567422317
948 906 195336846
688 752 999007618
902 888 358989668
773 126 286679658
451 396 550045159
995 1000 195467267
532 842 214658797
826 685 408787592
723 522 11822591
914 878 117945235
446 398 550045159
525 456 246857894
480 502 109500411
530 745 286306905
678 959 639582321
855 885 144065953
862 575 998974433
781 105 226183586
191 940 478067743
910 430 999348704
987 984 752635996
839 821 813585063
112 361 268477322
872 971 871578190
395 923 350680697
880 88 954942314
637 571 94183619
728 128 965014383
526 961 246529840
962 932 536694987
983 786 999090908
981 976 393012177
333 44 392949319
893 921 423933623
764 737 999759381
698 127 952027606
765 699 550045159
957 69 942850510
974 875 536694987
951 779 436549553
513 429 640881995
639 228 998274649
276 599 227780547
981 879 326592180
661 767 785248209
910 615 206586459
748 360 623440378
883 821 20359695
340 934 348947518
940 891 513394182
859 479 368281266
965 926 837520814
996 789 575892543
987 695 478269798
891 725 117797532
509 548 534974895
629 354 458114727
813 865 629378682
444 106 259090137
1000 793 623440378
647 432 184930506
216 836 93532550
131 858 509871553
993 992 993476509
565 601 999482485
859 728 999839765
521 71 518855614
877 187 854412903
440 236 876735221
768 932 41142891
671 860 199932083
548 594 354926253
704 691 994894404
438 667 363131064
714 781 842491600
116 472 785248209
979 860 536694987
479 773 378157929
782 922 508777420
692 951 94183619
112 540 752837632
428 842 999808114
605 396 582687086
781 682 322184560
908 979 794979593
336 801 842491600
478 714 960323988
163 749 195467267
865 589 133958829
911 826 625546463
659 643 2921515
814 726 368281266
620 100 793509787
969 987 887586977
978 973 42703986
651 954 391393570
914 843 999435057
824 321 828990016
284 222 246857894
854 706 717323805
642 369 875975628
990 988 846554307
962 969 999607482
331 215 999532435
620 820 60640438
603 602 965014383
242 962 376680618
915 721 910723470
520 754 662591054
601 577 398328654
471 544 523457663
567 891 616315806
535 806 69180753
978 995 623591787
952 915 756133741
621 869 793509787
122 417 813585063
596 828 38470628
987 887 622769625
925 155 299111900
453 160 493647179
964 950 730706177
628 731 776167953
886 992 952458976
930 921 534974895
592 525 999707421
245 744 193364759
30 782 240540811
664 687 961410978
84 778 567422317
917 261 979749337
664 948 184930506
948 711 957918233
866 719 998982820
864 670 997328413
410 772 937570833
496 700 663190524
767 571 582687086
495 409 270477582
802 828 230386991
671 43 237576676
832 761 85948937
429 224 332731808
897 618 999861544
461 371 286306905
934 965 77992084
182 528 150461157
561 101 793509787
539 395 998274649
77 884 961882422
131 348 235471928
947 945 286306905
137 131 72895848
476 909 629378682
301 597 682614058
340 865 303427816
70 356 712406919
46 376 526410005
756 769 598130368
546 414 428680829
846 151 12079434
716 696 842491600
284 460 721009263
993 930 307961364
682 822 677799714
703 79 576740766
280 585 949237791
200 506 329251277
995 996 662591054
891 970 514289382
100 879 718006933
564 787 172293378
820 577 747017139
908 89 518855614
943 945 465303887
963 623 999651884
225 340 116612190
201 580 199932083
241 762 8735374
835 739 332015740
596 230 601617168
216 276 999104453
40 929 393012177
791 620 29414662
313 595 826602348
215 645 194791096
758 792 393012177
846 973 998974530
689 815 247896134
977 842 940416434
831 528 622769625
546 569 575892543
677 614 795852684
555 785 302861768
979 470 837520814
652 738 887741088
703 76 77992084
170 129 505358981
11 125 585811617
611 758 519770708
225 878 776167953
888 466 763681100
612 691 961410978
963 933 169481899
356 208 511334531
386 74 162031013
45 794 608772936
838 218 999709519
678 433 46309937
166 946 260959499
119 795 349482273
773 856 46309937
119 609 41142891
806 812 547632442
249 361 566496794
730 969 368281266
872 927 826602348
973 981 752837632
727 148 199932083
279 325 999884278
81 291 282712446
875 798 263650729
307 754 370869030
219 280 636964716
390 921 214658797
475 468 957918233
35 504 952458976
541 906 670097978
407 723 907023164
383 274 268537763
627 788 943776736
615 627 999976999
138 131 622776525
697 892 999169435
976 333 823041062
569 900 823605873
535 409 811723587
839 439 686337229
405 991 511334531
458 605 586688272
54 203 485034040
725 374 844150855
927 941 65579970
558 621 919168461
376 469 585811617
360 34 730706177
507 467 907640067
394 610 595992630
996 993 226269973
146 357 876735221
986 962 336159533
849 187 836560201
788 789 354926253
411 886 523457663
475 991 785248209
932 876 123810154
644 431 77992084
696 956 671288578
960 925 193364759
56 600 748516207
322 459 66426532
640 64 547155589
839 647 100447072
808 936 358989668
224 31 952027606
493 840 176049180
641 569 271479436
470 63 279346027
386 271 663190524
724 427 390764038
366 665 348262594
706 822 405157949
199 576 719345279
162 834 279346027
450 598 270477582
501 792 919168461
735 407 381748132
991 997 511334531
916 84 336159533
882 672 402817042
889 343 886023379
613 21 907023164
559 928 178496509
616 343 572886037
995 88 999341433
550 865 221879325
435 170 402817042
339 364 945125221
966 928 140264444
774 781 332015740
913 933 623440378
961 787 991717487
848 877 329251277
882 925 12476862
292 105 230386991
469 565 557312400
309 347 453385154
766 94 423790263
887 843 999768581
837 150 999242952
452 88 975082996
812 576 389360909
553 769 236046628
989 951 435050063
790 773 981274938
185 609 525277375
940 936 60292174
973 906 657705388
993 869 747810221
644 489 510991760
129 472 785248209
546 630 322184560
451 468 999855694
451 662 311905712
613 893 193364759
940 985 886023379
685 792 20359695
592 362 677194920
997 860 169925544
507 403 999624913
286 997 76059824
110 872 945226566
281 99 718006933
720 374 344040792
845 916 392949319
724 374 828990016
805 903 816004612
964 960 484961042
902 699 824364232
833 906 999120506
914 37 301905746
926 685 227773259
910 360 940416434
661 639 302861768
197 418 628917441
986 974 655525885
853 883 748516207
466 686 221879325
698 694 937570833
700 249 136750027
439 211 420375410
654 990 999104808
978 562 368534927
600 47 867646055
914 953 315464301
946 144 794979593
459 501 345029638
556 670 686337229
41 722 751959887
801 992 508777420
804 800 946441365
353 949 509871553
519 129 479999424
841 884 856794310
981 664 957918233
592 248 893223761
985 995 299111900
928 905 793509787
791 860 919168461
508 635 199932083
422 412 9686260
926 979 235471928
93 972 41142891
281 868 616315806
930 881 842491600
849 527 822179330
833 951 123810154
598 371 450795075
730 567 247896134
955 983 489928272
527 814 117945235
139 649 246529840
43 843 345573373
633 733 60640438
693 91 60640438
920 861 511334531
721 710 355438273
714 667 964917723
47 515 392949319
448 753 811723587
863 842 999579964
969 308 946441365
864 681 629378682
762 417 7381866
688 669 793509787
940 934 348262594
421 988 322184560
683 387 367246074
583 13 752635996
441 643 919168461
548 940 152220304
911 859 999301647
967 922 623591787
457 257 999287289
315 805 329251277
608 819 664615707
910 930 718006933
337 288 813585063
689 797 704705820
827 874 655525885
362 493 887586977
350 854 780790483
156 214 585811617
831 930 551966763
298 931 214395755
906 753 678326647
514 634 402817042
710 717 999265938
614 520 780741629
201 883 107017276
690 957 517144202
838 759 431159690
620 465 522532630
750 804 476566420
337 557 802446363
793 489 368534927
935 671 409042913
847 879 227773259
712 952 12476862
91 629 663190524
670 974 402817042
697 881 998974433
636 718 260959499
919 908 29414662
570 820 836560201
890 787 999647369
774 195 158542755
609 290 662116893
858 703 999032494
507 388 677194920
627 842 743229834
713 675 77992084
983 887 550045159
404 433 906759213
620 386 561883670
469 617 947963152
227 716 348947518
815 190 620289749
25 793 460044141
898 986 795852684
768 719 893223761
300 264 452626411
470 344 557312400
869 878 775469148
860 608 655262134
889 923 201223050
754 842 509871553
680 381 76635484
593 690 662116893
814 890 999879695
503 306 311905712
962 950 150461157
424 577 999981556
419 715 423790263
959 555 169481899
984 978 999240978
356 452 999266372
795 886 240540811
700 488 913905173
195 825 999474327
453 279 383993642
841 504 413744423
59 305 195336846
962 536 531944598
438 500 72895848
982 54 492069046
40 390 999823776
972 762 718487207
828 866 466742573
986 106 453385154
490 812 368281266
370 712 227780547
437 674 176049180
955 959 531944598
731 866 730706177
847 874 376680618
149 91 622769625
553 919 937570833
144 958 999448012
543 850 197611342
40 352 60292174
694 974 811854613
191 361 12476862
346 288 47236017
952 944 773443337
394 421 999353400
775 352 721993194
154 371 598130368
894 338 975082996
57 833 117945235
554 430 828307476
951 895 942850510
1 508 999929574
382 462 8735374
804 548 194791096
904 108 846894342
998 999 991717487
679 449 348262594
479 740 491778367
229 742 82620816
959 887 999740443
357 760 458114727
962 690 408787592
204 741 998996808
768 694 628000158
715 302 909655607
323 658 999535697
899 140 752830948
368 677 906759213
960 841 206586459
940 901 523457663
475 452 534974895
901 852 961882422
630 700 131208237
844 930 554170746
333 488 945226566
795 144 622776525
908 931 446234740
449 227 743229834
26 629 564561374
471 186 246529840
337 747 620289749
747 276 999107300
962 915 622769625
790 800 576740766
482 487 306706680
961 955 823605873
723 349 85948937
736 732 390764038
283 303 402817042
391 693 268477322
967 951 289688285
234 650 989695834
688 993 73712010
109 189 76635484
768 411 44345925
683 926 730706177
907 759 941050478
542 817 392949319
700 847 523615438
632 179 671288578
38 199 246857894
786 557 535357502
795 948 172293378
652 463 587617626
261 597 523615438
842 364 678135002
673 381 143612174
916 867 368281266
909 995 999804159
760 738 537267361
993 970 20359695
403 58 302861768
927 982 389360909
914 445 453385154
751 836 822179330
378 240 345573373
988 806 622769625
591 471 514289382
330 796 117797532
998 937 947963152
955 905 116612190
995 880 999729647
873 501 517144202
880 615 491179334
44 356 999408550
676 998 82620816
780 975 221879325
686 266 184930506
990 400 65579970
355 646 998974433
904 906 821627470
252 869 246529840
139 664 871578190
941 671 667353912
955 945 522532630
743 656 616315806
803 877 162031013
890 768 999672458
769 721 957160147
36 82 263650729
478 928 227780547
796 360 179152710
206 435 391557408
1000 77 906759213
785 981 146945000
245 706 368281266
219 572 866335297
598 350 435188626
695 487 645661377
791 243 623440378
972 978 8735374
518 96 941050478
311 649 523615438
977 823 370869030
547 985 743229834
911 924 677799714
130 646 167529326
971 828 485034040
923 73 140410647
718 211 999868930
505 364 954942314
627 861 139068713
302 636 348231195
903 828 828990016
745 671 913358445
26 830 578862012
923 996 355438273
421 854 435188626
891 821 513009842
404 453 823605873
620 999 240540811
750 153 158542755
888 475 999132968
337 538 913905173
256 60 465303887
52 968 523615438
481 678 162031013
576 681 756664248
774 907 227773259
483 903 999533623
796 916 566496794
516 330 349482273
438 306 178496509
625 778 536694987
859 967 376680618
305 219 792205535
836 515 329251277
976 968 405157949
848 860 586688272
581 851 763681100
955 987 268477322
495 886 486844445
313 111 413744423
960 971 657705388
996 982 197611342
381 418 268477322
316 100 945226566
957 938 69180753
569 463 60292174
620 516 566975124
590 490 639582321
953 709 616315806
973 16 756664248
970 982 336159533
541 657 348231195
818 686 381748132
655 720 886023379
120 755 780790483
230 824 348262594
582 416 921204270
947 608 999755676
279 848 686337229
238 743 999216059
954 855 537267361
976 758 996390338
566 127 80202055
899 895 264492695
965 157 680479547
276 367 428680829
383 574 42296528
919 636 960323988
961 853 139068713
283 929 999654293
233 796 999902927
690 416 693701444
347 477 664783271
32 450 774083321
519 936 207307862
379 44 999617671
136 7 123810154
766 524 748516207
634 728 436549553
860 776 465303887
422 253 886023379
888 965 752635996
986 825 945226566
621 669 20359695
786 633 999857853
922 917 823605873
945 630 730706177
401 670 122320858
825 908 623591787
24 178 177920989
837 977 730706177
879 190 946441365
268 177 116612190
795 813 350680697
985 997 306706680
519 318 158542755
580 161 867646055
751 133 306706680
913 655 179152710
923 52 135342672
882 664 326592180
441 968 913358445
960 802 575892543
995 567 286154260
282 38 186948428
655 584 486844445
836 888 368534927
143 4 988351704
657 598 999976073
125 265 131208237
78 563 719345279
391 775 531314104
866 705 246857894
961 908 478067743
6 435 9372445
540 577 531314104
613 133 8735374
759 750 339924792
738 139 361363471
875 961 960550555
483 719 355438273
980 953 551966763
589 342 6182160
441 888 302861768
913 249 213462829
140 25 620289749
810 562 999546291
834 772 178105340
947 189 339924792
553 14 975082996
703 874 882483452
967 956 194438937
927 904 97143875
342 511 994894404
764 564 491179334
143 739 367246074
516 402 322184560
904 817 629378682
988 129 345060928
856 313 76059824
840 943 404178924
665 893 625546463
744 462 686337229
872 853 391557408
928 153 510366417
471 527 531314104
752 809 623440378
756 764 848530878
315 686 109500411
610 746 613946162
