1000 5000 0
587 940 659648875
897 282 319040478
446 495 145998352
703 744 585047807
818 115 43356921
682 21 270879871
524 675 407550302
141 524 379644724
596 226 824340071
345 509 811269103
807 285 228207177
924 827 907602854
528 922 587030011
867 512 438417836
604 626 1073897
512 120 412247935
922 57 882784558
557 859 463333972
550 933 837846297
955 178 282466341
99 31 416036357
581 208 578469095
213 434 69235107
951 678 14070351
889 297 957268649
523 170 589285528
257 8 661409746
943 122 981317277
420 233 913750556
521 43 436810773
49 201 482857972
65 118 659648875
947 762 528902125
607 807 696046413
953 803 804219684
443 442 579246478
396 704 288735841
441 798 592048126
223 913 377158670
100 463 883209927
15 382 910093846
519 387 938584122
569 632 532314299
12 669 956981888
3 851 677101438
681 369 366700025
849 650 368803391
406 768 49848325
833 189 444953390
312 935 542894274
469 871 438266831
427 957 925524023
568 441 460774385
755 234 349738429
356 130 461750094
270 559 274436570
184 372 713200240
812 379 756543573
300 602 550536290
829 683 707841344
728 29 102436947
115 542 145998352
250 113 856585264
28 156 721038490
525 209 835837734
829 106 613181362
87 518 306728200
143 543 267741808
417 919 528902125
403 516 704571060
23 310 6135608
102 603 438266831
749 571 402529945
808 437 245275899
205 83 630817099
486 17 617239356
856 183 532314299
599 429 824340071
659 76 981317277
737 59 10098808
345 65 809431395
839 744 15328564
730 938 333414624
212 561 619125759
706 507 667955897
155 116 400009407
582 278 395883506
828 831 340203765
623 129 180236098
885 134 588829152
489 838 925693
949 307 169485179
94 648 951266312
885 402 448182755
979 912 439224830
64 715 431706080
497 149 284740499
23 606 417960118
288 287 124726210
302 335 950135746
106 413 517033244
51 168 438967662
741 765 824340071
689 211 825610065
629 686 465747922
27 395 721038490
84 286 160187085
602 654 273798485
72 701 506456947
510 41 732620290
197 247 452647686
229 195 430546266
790 527 492475756
6 549 91798784
675 343 708367507
300 164 653988664
224 506 41636232
294 484 797203437
914 853 724378346
714 881 141455582
233 426 327018175
403 624 82772654
988 421 43129484
993 618 456430541
417 895 507482281
833 35 864951662
657 722 722091169
4 622 349738429
942 909 834591715
135 832 635352590
381 210 984832440
3 101 708367507
354 591 438967662
151 966 132113707
679 436 876864534
754 692 124726210
267 995 204941
505 410 875376390
946 476 168725682
448 218 217595886
981 130 243147093
912 846 205639429
301 6 153738036
823 236 797993971
249 455 674227550
67 189 234287365
38 646 653988664
750 165 108029931
518 479 424005508
570 860 917356773
987 220 586962721
742 686 45914883
797 656 540347009
670 303 1073897
76 146 204941
532 543 674227550
815 89 452647686
990 462 975407044
591 818 911531287
961 69 911531287
111 106 586962721
714 832 802579007
989 931 578469095
218 118 532022331
442 61 393797092
784 783 628878186
903 742 404018102
30 971 259156195
964 876 355921886
359 311 403604262
218 779 540347009
339 785 497080956
996 572 327018175
539 792 94301986
529 409 848401455
55 174 831147325
124 402 1894823
391 384 797203437
358 912 730365674
649 968 282466341
467 98 366271847
707 347 379644724
367 352 913750556
523 894 83614098
730 836 11438920
211 232 219151953
125 291 882784558
804 413 904174070
348 980 304304345
794 58 452161267
54 952 193330890
4 712 605466951
58 611 809431395
970 62 547258458
731 491 25936962
601 551 957268649
906 297 616378160
802 58 364999230
659 9 825610065
769 633 417960118
956 20 463333972
519 45 431706080
266 261 735013385
479 194 517033244
909 625 55736109
342 882 282128540
248 710 393797092
285 948 713608985
169 161 592345628
492 138 234287365
568 723 630817099
255 594 929811337
733 926 504076183
176 245 970812659
439 98 774174595
382 355 727629519
454 59 460774385
388 763 616340806
136 183 523778900
520 322 452161267
167 243 923171596
83 41 55736109
858 337 175349058
884 377 325634362
929 676 304304345
266 795 56192441
156 519 722091169
236 356 130937995
431 451 269542989
702 841 731193693
129 183 430546266
933 178 727629519
283 377 439224830
763 923 497080956
116 652 417223778
596 906 824588336
125 664 376799245
879 962 326073916
810 907 554991705
748 373 643984396
866 234 254643444
723 270 995135764
427 172 86416055
322 529 980221749
904 908 532022331
552 338 313057961
814 968 822402929
39 320 436770994
914 863 810364660
555 962 742649827
514 709 681119065
187 436 963402226
613 316 628878186
47 546 576817506
789 953 713023072
794 679 876864534
324 711 43356921
152 94 15328564
831 193 957268649
631 394 142189829
651 588 87176031
321 356 282200496
62 824 673670129
521 132 306728200
414 126 251767671
361 975 128192685
829 219 448182755
425 297 566152676
261 878 340203765
331 122 315963225
761 849 495116969
375 916 829316447
213 488 284740499
120 813 745453599
398 626 121729094
371 771 834591715
366 743 49026699
52 590 113654428
575 912 746336844
979 619 273798485
424 59 355921886
150 892 883209927
457 504 917356773
461 405 927028294
471 449 702455051
556 766 174283545
96 252 821516798
637 271 836137422
984 627 517033244
439 314 505232213
531 330 727629519
488 674 983530213
510 215 243147093
392 741 199240961
610 749 378730236
80 683 504076183
687 258 282200496
629 211 75261763
185 401 160187085
865 938 804390986
505 815 99076793
386 802 117228551
881 941 40895989
219 225 355921886
578 563 353934322
236 912 857602401
603 445 875376390
316 262 745453599
170 1 273798485
850 325 537677879
72 153 368803391
356 378 482857972
820 275 543948063
669 589 170541593
177 713 255021406
335 695 604638164
326 333 731193693
127 564 338585233
269 567 433092836
672 972 448182755
675 389 542894274
46 932 732771749
659 158 174283545
465 326 55736109
193 804 141695726
985 86 204941
317 426 653988664
108 246 43356921
523 315 963044294
939 284 652871164
390 131 132194297
179 212 301788326
980 728 593764288
584 482 907849728
897 307 424005508
413 25 898011606
683 306 874078670
959 221 402529945
844 79 448182755
691 464 118468866
418 677 236072613
580 54 643201700
137 701 309218243
1000 254 355921886
610 598 259953332
398 22 883476181
130 657 672100831
909 974 465747922
592 134 259156195
314 936 5812937
740 981 400009407
385 584 540347009
838 343 204941
183 945 837846297
824 157 749556024
884 72 845312031
651 917 273798485
708 839 204941
985 452 164402600
234 521 187442084
651 284 911858665
675 691 292661766
399 937 208030467
773 135 5812937
82 598 264782966
851 894 448182755
848 970 178674759
786 870 175349058
323 875 707841344
968 709 142189829
300 783 282200496
981 191 347805483
841 623 568881200
140 185 531413907
234 963 132113707
670 156 39515867
541 820 948969057
660 410 259723828
323 579 886447853
269 870 653988664
134 734 160187085
228 777 259156195
332 380 794782136
634 914 604638164
463 238 39515867
166 846 524607681
960 841 864951662
92 312 62022922
404 980 325634362
203 545 732771749
295 506 898178061
103 998 547258458
160 164 669412025
915 331 193330890
383 772 842764344
453 365 31479742
90 453 543948063
96 755 241449153
6 457 431706080
220 912 181604473
182 920 246679711
450 557 2885470
129 801 746336844
68 918 292661766
718 962 1894823
360 137 613181362
450 46 341299273
723 996 204941
616 835 281176791
968 352 245275899
162 186 253294625
703 398 141223038
977 861 521402436
383 308 61113057
14 842 929811337
934 624 592048126
261 486 659648875
900 91 342161987
500 274 338443785
56 408 829316447
982 828 87176031
622 470 936798548
460 268 131345217
236 370 732620290
291 697 586962721
548 603 585047807
692 553 174283545
34 678 436770994
884 202 6135608
6 764 824837518
851 563 11438920
196 906 938584122
169 475 594086221
506 969 422390793
119 971 189474128
547 139 175349058
157 384 578469095
638 599 948969057
689 493 255021406
176 88 934575716
513 271 209370781
270 363 530545603
730 976 83614098
768 475 45808983
71 300 182874039
739 427 740200949
867 355 62532309
26 243 759502860
450 1 1894823
397 645 517630220
487 219 972361647
433 41 942460043
950 730 742649827
693 223 594086221
732 399 910093846
916 808 481932413
412 12 746336844
635 982 284740499
991 806 875376390
81 109 478580544
871 199 631721630
486 258 964370185
882 423 521604990
73 229 683735339
687 639 652871164
422 169 713608985
102 660 797203437
271 770 630981130
963 419 180236098
912 819 424183900
897 933 848401455
143 278 690859662
364 458 708367507
145 512 837846297
268 488 145271883
536 800 452647686
634 682 180236098
431 755 956981888
968 912 948969057
661 38 604638164
876 383 938584122
565 833 132194297
633 685 667955897
239 808 732620290
176 629 963044294
448 560 426806928
575 624 330609708
357 332 259287052
40 70 282466341
780 41 417223778
394 752 349738429
564 53 542894274
44 477 923171596
808 70 175349058
466 574 301788326
943 207 579246478
603 965 696046413
128 318 446883996
679 691 898178061
234 804 326073916
126 747 935162239
412 837 643201700
71 18 243147093
152 716 45808983
456 2 863056774
587 139 963402226
844 838 797203437
99 864 187442084
659 163 430546266
27 891 920956629
480 405 911531287
438 313 732771749
733 303 402529945
248 787 15328564
425 409 438417836
625 653 347805483
742 910 849044680
463 896 731193693
107 885 273605919
767 612 883476181
223 680 349738429
141 253 353348214
396 778 776026378
553 944 521402436
495 472 755153357
16 226 849829905
677 242 439224830
345 554 327194691
703 826 495116969
509 468 225938036
511 124 403604262
532 772 292661766
918 967 460997752
613 49 578469095
200 143 509556085
553 496 972361647
47 474 794782136
749 20 616340806
673 574 948969057
303 872 141455582
427 377 117228551
132 447 291846204
208 191 836137422
95 412 901048381
206 6 794782136
883 703 795283020
928 476 832197964
331 926 735013385
407 685 169485179
27 97 491252290
415 140 857602401
999 398 765939902
71 894 430546266
570 229 587030011
2 967 422390793
566 815 262430538
954 638 387077608
407 105 721038490
78 604 174283545
317 390 292661766
154 174 821516798
658 980 259953332
799 326 505232213
762 991 366271847
362 742 319040478
896 24 175349058
898 508 604638164
892 665 9055354
227 521 145271883
277 874 980221749
75 446 306728200
234 774 309218243
737 256 765939902
498 812 114329836
472 862 517630220
181 431 910093846
417 167 589285528
884 724 832197964
359 296 810364660
142 519 963402226
761 11 702455051
440 380 677101438
759 173 203831832
293 303 174701750
244 265 755153357
774 561 80617532
6 89 586962721
198 281 203831832
822 679 338585233
821 646 315963225
148 891 713200240
292 849 6135608
157 309 290932565
330 494 724378346
661 313 643201700
7 608 31479742
236 38 57719382
151 564 515743358
592 400 707699240
390 989 422390793
809 609 713023072
419 48 381613183
327 89 387077608
50 344 713200240
280 936 212083209
169 55 284740499
892 751 448182755
888 777 779979899
333 260 835837734
672 521 816933407
278 830 595247732
537 533 824837518
46 975 759502860
56 68 883476181
97 528 589709484
264 296 523778900
769 419 516838002
459 499 208030467
710 893 366271847
806 873 187442084
630 335 517033244
84 834 481932413
793 237 594086221
741 35 401267786
37 905 281176791
320 721 635352590
222 854 347805483
697 227 898011606
253 576 203831832
962 41 438266831
986 325 355921886
405 285 953266252
862 74 273798485
157 781 14070351
403 305 589070650
11 479 978727921
140 688 91798784
964 33 94909278
876 531 1894823
590 978 142189829
668 732 40895989
738 683 515743358
912 257 861067112
337 330 667955897
855 175 189474128
863 44 904174070
573 65 407550302
526 253 80617532
571 222 319040478
754 810 614146094
473 673 724378346
39 571 145998352
977 849 102436947
478 431 199240961
936 736 979038154
645 349 631721630
259 734 984832440
765 263 245275899
400 781 331905798
276 503 304304345
371 541 727629519
913 88 907849728
967 893 438417836
231 125 273605919
85 381 25936962
322 54 979433259
569 847 169485179
893 728 523778900
214 574 515743358
65 933 505232213
983 637 589709484
962 636 956981888
346 344 170541593
320 192 255021406
456 485 948969057
53 713 979433259
663 753 586962721
925 586 431706080
128 405 475712272
665 248 521604990
921 374 842764344
208 699 616378160
55 862 661409746
730 475 643201700
738 279 25936962
562 463 245275899
879 427 436810773
656 824 168725682
10 283 516838002
232 139 996546662
857 130 540347009
7 620 282128540
621 114 616340806
669 421 288735841
800 517 929811337
123 65 463333972
535 234 132113707
564 792 426806928
261 73 39515867
459 585 795283020
497 531 804219684
231 887 589709484
420 963 14070351
590 167 713608985
311 117 160187085
640 593 722091169
435 618 439224830
198 401 517630220
19 614 174701750
637 326 824340071
351 587 951494426
271 152 282200496
902 687 849044680
8 235 849044680
269 636 569488186
359 817 715628066
1000 167 589285528
385 748 515699742
522 299 478702027
148 695 616340806
128 655 114329836
65 471 264782966
833 540 325532167
662 634 740200949
527 380 635352590
325 806 587030011
330 304 794782136
561 577 145998352
52 5 288735841
697 462 904174070
643 806 857602401
857 104 831174944
175 645 304304345
442 105 11438920
4 886 619125759
803 642 922714359
37 933 284740499
673 888 241449153
840 637 18000820
154 965 363983981
382 30 400009407
110 66 41636232
385 132 117228551
375 621 290932565
819 34 45914883
687 305 822979808
666 416 377158670
927 552 794782136
305 353 702455051
91 329 927028294
213 130 238676303
240 967 643984396
222 381 783831999
697 93 857602401
534 195 400009407
184 126 481967209
215 119 832197964
222 403 924142797
436 393 25936962
34 42 444953390
876 144 430546266
622 605 309218243
908 616 784457200
765 87 521604990
533 241 659648875
319 544 41636232
113 253 102436947
276 927 543948063
715 977 804219684
190 93 160187085
143 645 431706080
597 644 292661766
455 167 313057961
409 593 9055354
602 366 506456947
311 717 951266312
663 31 446883996
688 967 783831999
350 70 267741808
629 595 55736109
322 432 507482281
325 994 319040478
139 171 705560105
660 92 422390793
483 765 874965672
416 251 566152676
788 984 424005508
380 292 452647686
247 322 666174973
819 344 253294625
490 704 219151953
714 776 269542989
973 671 901048381
797 715 460774385
536 981 452161267
287 832 579246478
350 705 672100831
308 641 417223778
104 583 251767671
114 459 837596154
204 745 141695726
479 217 964370185
894 216 90105003
874 780 568881200
81 105 980221749
651 287 589246661
567 618 61113057
889 428 342161987
427 607 333414624
47 756 774174595
186 158 739938823
966 880 616378160
286 992 10098808
395 570 452647686
294 933 604638164
826 729 588829152
854 983 631721630
551 399 919995621
319 994 732771749
336 95 557561989
667 203 403604262
760 62 499783959
261 114 984832440
531 77 980221749
121 901 236072613
347 687 617239356
856 188 980221749
727 451 727629519
219 694 306728200
922 276 436770994
842 595 957268649
594 488 301788326
232 793 630981130
23 232 951494426
65 66 94301986
825 603 821516798
641 258 917356773
533 765 907849728
816 368 774174595
268 180 922714359
684 744 749556024
944 821 517033244
722 958 259953332
638 961 628878186
454 441 911980933
890 322 489852483
898 506 735013385
777 930 225938036
173 899 586962721
481 970 504076183
249 719 935162239
785 300 923171596
409 920 424005508
322 713 145998352
760 51 1894823
916 556 102606249
833 744 199240961
227 617 659648875
758 601 925693
419 360 127043996
877 476 366271847
405 341 586962721
962 622 589070650
831 973 333414624
925 120 835837734
798 605 6135608
61 32 923171596
746 607 592048126
515 995 732620290
746 273 475712272
936 965 438266831
936 737 842764344
791 962 923171596
453 362 614146094
726 56 14070351
203 157 439224830
652 322 82772654
931 372 504076183
209 662 927028294
622 112 102436947
720 215 124726210
272 371 585047807
904 376 804390986
130 298 181604473
502 224 491252290
316 1000 857602401
680 538 445374895
31 703 632578008
670 796 742649827
696 401 80617532
841 204 739938823
809 757 270879871
117 847 142189829
927 893 867487945
768 500 259287052
803 234 21819222
959 606 732771749
731 179 673670129
690 742 660145331
18 12 132194297
59 133 306728200
871 319 132194297
496 634 180236098
742 328 57719382
818 854 80617532
609 215 424005508
804 647 364874989
387 287 43356921
86 496 15328564
827 677 152241006
117 766 594086221
265 319 219151953
110 895 759502860
60 288 212083209
834 921 743998238
996 612 57719382
763 134 273798485
579 611 446883996
334 909 917356773
188 423 953266252
108 768 41636232
223 458 460774385
91 65 174283545
546 859 576817506
234 396 802579007
939 349 756543573
706 912 589285528
860 530 2885470
525 681 948969057
732 745 259723828
618 88 951266312
201 635 660145331
734 7 43129484
520 648 774174595
444 956 40895989
544 230 728216824
911 689 759502860
470 732 816933407
659 477 444953390
868 675 616340806
275 750 69235107
313 735 396324669
921 933 984832440
723 929 169485179
380 845 794782136
729 63 911980933
30 975 402529945
904 8 677101438
614 955 273798485
257 411 401267786
592 603 460774385
901 1 199240961
766 850 588829152
984 260 217595886
593 558 492475756
999 147 531413907
541 600 938584122
138 583 290932565
816 42 981317277
953 843 907602854
409 995 366700025
159 16 794782136
140 628 122937846
805 987 160187085
289 467 436810773
811 952 923171596
448 103 381613183
408 997 119352126
334 123 705560105
552 698 152241006
405 666 14666739
200 498 886447853
13 531 387339899
340 360 438417836
94 36 281176791
854 597 4659446
405 295 883476181
331 869 755153357
677 382 25277029
690 852 979433259
782 993 436810773
430 856 759502860
888 486 436810773
290 369 619125759
420 541 635352590
725 543 785752859
677 501 979433259
422 844 482857972
631 633 713608985
877 6 489852483
954 733 707841344
166 173 927028294
235 299 117335930
257 711 136587739
775 655 333414624
562 372 524607681
629 799 929811337
700 317 340203765
854 615 798861051
670 778 999558987
736 756 999481767
946 998 999883061
117 699 874965672
888 968 593764288
304 875 25936962
597 454 999463647
45 615 999570954
862 495 997096627
993 894 831174944
638 553 400009407
643 742 314221088
782 931 45808983
766 219 786702397
1000 383 997371361
823 810 997645764
57 411 774174595
797 357 745453599
201 819 664973530
551 892 243147093
871 782 999001546
406 360 509556085
980 681 845312031
985 320 708848830
986 536 998311277
777 964 998717825
684 622 56192441
410 758 996800032
950 917 999560744
962 349 997443583
372 869 996958025
616 816 999710315
902 951 997512521
113 954 314221088
313 753 997166990
888 826 677101438
952 944 465747922
766 650 997134585
690 946 635352590
571 163 837596154
331 916 997091520
703 460 998311410
989 971 998022383
578 234 998845793
796 813 996889683
832 917 999212594
982 495 495116969
997 846 999294447
911 866 997358842
284 906 325634362
332 775 980221749
788 608 997176639
713 936 282128540
312 230 998174193
926 991 883209927
792 658 456430541
995 259 585047807
528 56 999313760
666 311 776026378
486 764 998987669
809 822 998732333
967 996 998104401
869 922 999429938
299 492 998057973
385 862 118468866
901 914 424005508
712 378 756543573
477 532 2885470
576 208 998280548
962 524 964370185
864 852 417223778
248 125 835910151
11 338 997282801
688 915 997316532
730 795 996770663
670 408 824588336
792 796 479347990
993 968 997409098
713 371 997692114
171 964 145998352
256 835 533218195
843 908 998432845
964 312 532254590
565 958 43356921
256 710 39712491
971 451 997137517
344 617 519709076
988 995 999794010
975 957 783483166
557 665 999552232
72 571 998386842
358 476 713200240
902 910 387339899
671 833 998509094
30 495 528902125
940 964 39515867
675 703 589709484
988 818 997815370
640 604 783831999
284 574 907849728
543 514 117228551
869 878 999051395
808 770 82772654
394 524 999267028
955 982 564960520
371 273 632578008
572 975 677101438
302 526 996586471
553 62 452647686
726 279 664973530
225 973 999753264
848 570 999949817
840 727 999752272
847 815 999960622
830 802 669412025
992 962 56192441
485 784 997160532
433 404 998871607
624 536 887819539
965 995 997876630
937 803 997782145
989 901 997013613
750 234 999125193
543 163 387077608
291 678 919995621
374 542 999284790
234 970 999109255
291 666 704571060
647 450 998040098
382 180 997300501
428 513 998354092
313 515 61113057
886 829 325634362
824 216 998634929
663 717 996667035
962 730 936798548
864 912 412247935
851 815 998948211
348 194 996966613
408 502 349738429
824 956 998885114
996 933 996586983
759 823 997755914
1000 984 270879871
210 251 794782136
902 543 996726098
402 965 997939555
994 991 999064376
734 852 998041227
356 665 426806928
439 162 1073897
289 548 262430538
787 704 189474128
161 43 404018102
266 289 997211664
615 930 208030467
937 241 153738036
550 378 182874039
625 212 366700025
996 927 998560467
725 384 141695726
401 691 996977127
815 708 794782136
910 912 2885470
482 553 379644724
975 238 445374895
171 288 802579007
780 792 822979808
843 767 998221286
387 785 491252290
945 762 996915893
213 864 998585291
849 686 743998238
959 966 998222649
851 684 857602401
911 421 429461595
822 785 142189829
382 785 999563848
719 218 997163573
431 367 998234926
975 736 203831832
81 293 998152676
980 200 465747922
646 233 998784078
769 755 152241006
21 356 999755213
853 825 996586266
300 835 998192193
852 886 998719159
590 500 999485872
519 627 821516798
594 915 998988027
767 281 783483166
528 429 62532309
536 734 341299273
464 572 997849272
353 797 997828572
265 698 86416055
825 622 997993446
384 80 475712272
853 538 141223038
575 668 589709484
157 477 628878186
525 550 917356773
269 828 996996136
219 433 783831999
552 591 998202358
236 693 832197964
692 689 883476181
679 229 998519172
999 956 997334607
947 379 313057961
862 672 132682448
672 546 999699295
447 789 998448537
78 215 997913452
925 515 309218243
5 268 996626512
452 490 507482281
501 851 919995621
465 850 136587739
22 100 578469095
642 938 797641670
111 578 430546266
896 578 999640908
288 722 178674759
328 638 996634935
76 149 996764714
956 751 999060693
23 453 632578008
874 561 997847113
231 763 532254590
616 710 999228134
570 940 996900333
947 929 208030467
437 468 999279091
833 835 922714359
326 721 998070954
638 177 516838002
285 449 135870803
579 378 999210838
552 908 999856110
187 772 917356773
665 625 518571653
991 996 999356884
558 737 997924563
647 943 980221749
911 987 997494621
31 341 999416552
614 882 996742439
807 913 433092836
773 639 436810773
409 859 996922814
319 741 998790747
951 5 998510338
147 611 997719600
776 767 963044294
370 432 632578008
164 23 667955897
736 370 997833061
897 281 455873628
554 919 795283020
481 648 997056818
218 579 998260566
905 943 998855956
141 550 980221749
901 890 975407044
992 946 259287052
936 934 39515867
858 11 832197964
416 120 588829152
90 858 999112108
239 91 259723828
98 769 996766783
143 754 234287365
356 796 997233470
195 454 131345217
769 896 160187085
182 735 996815052
989 723 130937995
904 891 998026471
958 806 998469875
765 310 114329836
620 979 997148748
761 241 999152135
457 433 145271883
638 824 594086221
948 882 705560105
740 872 999850932
60 972 998322077
173 508 910093846
861 877 49848325
938 827 628878186
273 926 997472538
958 926 999558678
654 907 999987304
758 436 49026699
910 66 997222744
945 865 999285609
648 874 997220693
756 915 797993971
626 768 25277029
918 986 998584733
371 683 998511606
931 944 997628357
907 945 997949768
845 710 997913452
829 594 998419975
580 569 996853864
843 739 998795487
274 188 998663495
255 657 998187146
51 139 797203437
697 755 182874039
354 935 1073897
947 516 842764344
725 773 997265378
854 161 264782966
876 116 659648875
875 428 999792911
22 585 999536421
455 591 997677525
893 813 117335930
356 932 978727921
218 129 999549155
771 940 996610214
783 827 998833121
79 787 127043996
670 779 613181362
361 151 619125759
500 150 264782966
284 522 407550302
87 749 911531287
83 265 996831160
174 911 997597310
965 691 570829018
987 906 997612615
899 968 998847835
621 913 378730236
900 772 923843900
29 415 39515867
63 720 997078051
675 355 740200949
499 595 387077608
164 982 429461595
820 910 506456947
965 814 998286839
919 974 875376390
69 517 217595886
367 605 874078670
972 986 403604262
988 652 997978960
998 986 997564608
449 215 673670129
267 192 999461981
317 431 999983926
975 983 644870560
32 81 998694015
36 832 141223038
974 988 804219684
668 616 401267786
559 501 998201826
190 879 998041743
579 418 999111712
808 670 589709484
682 627 837846297
317 864 521402436
635 167 999352784
25 621 999117549
117 487 452161267
768 629 816933407
646 854 999888620
936 947 998451685
930 915 756543573
994 930 998685974
447 826 515743358
407 288 6135608
966 378 461750094
312 762 997741496
970 64 997462601
686 872 573245475
44 349 999706871
956 891 998547749
1000 964 997506599
793 626 187442084
693 906 997549567
469 23 378730236
589 847 845312031
269 732 169485179
382 302 997844571
720 777 942460043
634 178 997301511
510 531 913750556
948 931 999271688
409 207 128192685
545 953 999839897
101 560 90105003
892 210 90105003
962 754 882532100
263 913 236072613
611 653 267741808
327 94 174701750
207 804 849044680
96 139 145998352
4 75 635352590
767 593 997021229
964 907 82772654
411 186 517033244
584 885 998176651
647 673 506456947
539 983 997279948
936 962 516838002
811 37 499783959
182 148 996990388
557 634 979433259
398 690 782281976
852 41 707841344
454 707 61113057
954 536 568881200
308 571 998816361
545 881 189474128
989 969 585047807
747 694 999280023
836 696 41636232
490 540 996720330
997 245 999444833
437 957 721038490
667 916 963044294
163 381 997923245
616 23 193330890
531 906 998898548
146 459 121729094
697 706 998149505
718 720 999788306
441 729 997385134
935 561 996658724
114 955 999417685
914 865 997003742
592 775 924142797
790 380 270879871
453 521 999816424
636 342 996854894
668 23 997335959
205 570 532022331
834 939 898011606
959 850 997178807
513 254 550536290
981 288 997136397
450 48 998959969
836 828 996784027
360 536 802579007
562 649 996983998
569 607 262430538
335 653 152241006
782 907 259287052
914 174 998462133
751 450 997546593
870 936 997512579
793 829 999836444
176 611 996885467
559 481 998356898
557 207 998699054
988 976 997366038
169 812 730365674
941 960 132194297
74 345 999688360
775 485 996546662
735 621 999917820
590 901 804390986
808 822 999420933
643 834 997771220
62 664 996988620
951 961 998246502
60 653 142189829
841 815 996746385
198 94 481967209
342 869 102436947
990 833 199240961
271 315 997079899
750 703 997621263
883 187 547258458
60 216 21819222
772 694 999613318
852 428 794782136
618 663 21819222
987 769 999852195
660 356 438967662
686 370 997789882
231 74 479347990
958 928 997398093
889 868 49848325
35 52 731193693
59 778 999775082
663 228 998281020
452 777 998270094
980 996 755153357
279 200 996902889
727 802 141455582
602 867 169485179
967 977 331905798
587 3 834591715
866 613 996710425
942 911 180494072
119 471 281176791
698 740 327194691
488 908 49026699
820 821 999119651
777 1000 774174595
960 896 269542989
672 901 997855615
224 101 997609860
18 786 169485179
595 927 999310185
165 774 174701750
821 140 999177361
95 978 998790475
699 988 254643444
885 648 82772654
470 236 187442084
779 889 127043996
210 47 999025784
880 982 999984289
597 595 999714306
133 172 998779671
324 984 999952350
623 398 999354145
919 653 999045840
860 852 996842156
730 850 999108292
151 233 174283545
982 986 997074116
327 50 917356773
328 304 951494426
394 727 970812659
161 405 999607955
153 99 997026866
635 668 497080956
560 734 31479742
689 881 996886301
985 996 786698593
219 452 349738429
522 632 387339899
339 744 874078670
821 877 999165396
575 165 653988664
734 372 594086221
806 989 821516798
741 285 997108700
761 722 998078410
481 676 821516798
969 318 996928483
991 950 589709484
873 381 80617532
846 669 999747541
741 841 998243658
974 573 998244694
936 619 997297297
949 973 998660097
790 974 999262387
940 868 566152676
15 971 822979808
720 665 533218195
397 498 997013852
318 539 998291621
605 333 999956934
708 452 963044294
573 787 959545823
263 514 45914883
996 232 170541593
779 510 740200949
988 865 799520644
335 842 460774385
903 614 540347009
113 287 999768569
435 588 997305633
792 456 446883996
778 960 118468866
811 906 997215211
763 807 998137427
906 870 731193693
41 807 999081316
252 571 998773306
735 749 996647034
188 328 99076793
701 827 997022290
463 703 910093846
877 880 273605919
766 36 997172080
181 576 301788326
287 839 998142406
928 378 999988940
805 408 353348214
705 458 749556024
559 392 319040478
164 1 91798784
392 326 396324669
559 819 999996158
828 510 999243261
462 508 925524023
80 663 999568900
998 205 997247237
487 780 401267786
700 19 997619599
575 374 998956939
899 918 999572406
784 735 970812659
234 849 999160889
349 550 491252290
918 843 997645618
994 679 251767671
557 995 628878186
974 783 94301986
610 500 403604262
582 477 430546266
141 705 749556024
104 716 999954730
871 839 811269103
465 879 492475756
520 693 997212048
892 691 998249706
940 892 785752859
200 254 999203942
947 592 998760378
94 41 395883506
490 202 515699742
826 882 970812659
911 622 998357468
360 649 730365674
813 874 856585264
761 909 79112138
984 350 6135608
272 806 997172119
706 887 996964494
113 700 996777215
83 74 997194462
743 95 999236377
826 983 996801856
803 983 783831999
206 452 330609708
912 798 997040297
611 669 507482281
959 917 25277029
12 317 999193076
565 568 998682900
916 74 998971944
865 864 368803391
272 570 517630220
879 889 696046413
982 922 997751606
660 980 452647686
535 985 540347009
912 904 997632033
756 941 495116969
85 4 999275205
531 769 999518242
547 386 997437674
372 673 617239356
484 622 997670088
954 795 41636232
850 992 998261936
951 909 998592166
920 887 708848830
128 446 798394931
624 942 998236410
527 740 702455051
853 894 319040478
986 984 997497530
924 888 999696486
654 601 997064315
982 782 604638164
733 757 999556193
155 121 927028294
794 358 997110148
808 739 998732873
338 188 491252290
906 863 999828226
373 382 998311237
995 944 999600834
394 758 999370607
984 858 998324857
55 28 996865483
971 884 997230715
901 183 999970734
897 942 301788326
707 925 666174973
666 517 997382460
823 466 212083209
740 595 999262752
144 328 995135764
255 671 996948758
1000 735 999787803
156 131 997847816
857 910 832197964
872 988 997475083
307 426 592048126
391 205 984832440
995 295 997779470
736 323 811269103
971 305 998556672
366 96 786698593
398 627 330609708
24 990 907602854
15 780 205639429
928 637 635352590
686 441 739938823
924 834 460774385
83 232 251767671
531 241 996720561
905 744 136587739
386 858 569306526
977 578 783831999
523 999 999805403
96 840 996928191
924 869 996649822
649 852 997559008
577 800 21819222
272 498 998625164
303 948 999739302
903 889 998506037
974 947 996889393
58 808 141455582
901 340 863056774
12 783 251767671
70 454 999072118
663 649 169485179
905 707 999957879
434 493 94909278
898 211 331905798
775 953 402529945
481 607 999969842
567 804 630981130
977 767 874078670
497 646 238676303
723 444 182874039
771 573 999475157
468 711 217595886
441 713 999578663
795 686 835837734
942 802 366271847
921 617 999428890
846 835 998315602
756 925 504076183
877 917 997907404
307 680 997776427
736 146 934575716
659 581 41636232
638 351 180494072
148 644 83674413
538 115 999587529
399 884 524607681
842 994 259156195
261 885 108029931
728 979 444953390
826 924 102436947
791 570 1894823
229 604 25936962
760 724 69235107
721 403 999474962
74 499 604638164
145 370 452647686
642 41 199240961
874 865 997941441
966 792 722091169
953 328 214034390
687 501 999233557
25 609 614146094
333 489 997594756
985 754 309904432
490 795 724378346
776 974 482857972
442 565 460997752
930 802 731193693
749 554 996557089
750 151 998964185
200 477 997894897
751 899 999240853
754 876 998547317
799 939 999069362
447 751 934575716
931 723 997084023
945 486 996711525
835 493 998678879
189 386 540347009
620 703 631721630
9 211 524607681
86 853 998151670
934 558 543948063
931 918 997370410
949 392 460774385
12 325 75261763
700 986 963402226
513 852 998148971
727 856 999937610
759 954 349738429
358 404 704571060
663 940 863056774
794 922 998168958
953 704 963402226
965 653 677101438
906 878 997268557
245 914 996738654
961 996 999221453
918 335 996647780
764 302 956981888
446 356 94301986
949 772 576817506
189 545 799520644
110 241 999341646
803 389 999507519
424 621 83560025
181 949 999119552
666 95 424005508
979 56 999121864
201 567 998691651
814 79 997497490
974 447 998791552
817 818 997847441
964 795 774174595
155 959 913750556
410 659 998304332
738 685 205639429
842 476 794782136
491 577 997135581
915 885 999937890
733 222 269542989
940 838 997494279
363 133 998826421
941 722 426806928
205 474 234287365
579 408 404018102
5 259 141455582
927 290 721038490
714 834 997127761
814 955 998115750
827 729 998915635
485 440 997030454
345 58 972361647
842 273 824837518
824 359 786702397
823 980 592345628
511 512 998771395
917 760 997489131
576 624 31108221
398 424 934026451
728 948 834591715
411 711 41636232
387 53 999863191
511 805 999124253
123 990 465747922
731 497 997029068
860 650 998268609
979 931 910093846
722 327 236072613
711 745 998650616
676 475 998575909
75 346 998571553
785 834 998596265
666 519 593764288
976 982 998888589
895 713 550410991
733 389 269542989
173 383 996857111
944 555 783483166
834 486 460774385
879 941 783483166
124 217 997750415
50 880 997001453
861 267 999405362
839 974 999198726
980 987 999375199
963 911 996921356
489 556 759502860
200 507 543948063
300 180 999273234
818 793 999530000
271 447 996682052
725 674 452647686
615 909 999546716
904 988 998732039
627 890 80617532
929 978 997189550
486 784 998093102
138 402 998365402
810 162 997474932
758 697 997195932
989 954 49848325
915 244 996576412
231 233 919995621
853 608 997285079
893 716 228628826
582 631 929811337
890 939 972361647
937 891 456430541
338 134 999952498
483 364 509556085
878 723 996920066
537 185 997374552
649 822 779979899
882 919 997443988
368 151 997412739
755 992 518571653
78 72 997742619
916 170 998240845
812 642 998680406
704 256 997403638
795 938 998121061
764 566 997921276
364 493 522400160
959 931 997331739
677 7 874078670
825 235 319040478
875 827 55736109
1000 989 497080956
946 717 774174595
890 573 999506371
700 528 664973530
914 843 923843900
526 93 998208939
894 779 997214141
991 978 749556024
389 963 521402436
312 461 999334737
98 515 963044294
508 544 998689158
797 728 997442034
654 909 998630208
141 339 262430538
976 989 660145331
905 881 997241324
259 328 999358797
562 749 309904432
529 695 282128540
135 376 998654631
66 221 927028294
465 287 998495071
873 849 91798784
69 806 997725623
898 540 999186169
937 726 998843097
966 989 83614098
237 84 999471989
379 250 728216824
720 461 996724540
409 226 997022644
803 744 997064931
677 744 996620736
521 595 925693
737 553 532254590
983 26 212083209
966 967 412247935
347 528 79112138
321 718 997636322
700 411 481967209
607 774 998923679
1000 998 998677950
130 688 856585264
559 727 998128142
793 738 999207773
694 963 997076054
634 917 998328193
669 537 1073897
219 574 386120665
314 657 795283020
370 691 999642151
360 281 998474816
896 832 659648875
986 667 452647686
906 567 824837518
72 709 824340071
584 228 811269103
91 296 153738036
438 820 495116969
186 680 605466951
297 449 460774385
896 915 999351336
496 709 999010319
971 954 205639429
913 743 108029931
452 768 660145331
108 621 997287558
493 436 141695726
265 612 83674413
282 529 236072613
966 863 254643444
774 548 996740163
164 685 997579311
913 622 998066118
247 244 214034390
740 249 953266252
839 853 393797092
976 229 999072150
80 604 997778409
168 94 997937084
240 503 43356921
628 600 708367507
981 816 174283545
298 531 996967293
466 478 998679539
510 703 997886311
949 880 1073897
56 274 999809981
899 905 273798485
930 825 997136471
400 364 996997209
924 939 740200949
997 942 661409746
995 969 998651027
920 906 997608778
685 487 342161987
969 878 349738429
130 105 439224830
976 891 180494072
680 716 145998352
177 733 5812937
861 62 999127618
281 932 978727921
713 294 592345628
558 556 592345628
216 300 130937995
690 631 243147093
376 837 998449366
850 739 569306526
916 764 141223038
766 800 102436947
552 210 996568897
978 491 996811077
740 870 245275899
444 587 999620968
902 113 4659446
698 586 996729557
400 339 21819222
953 541 883476181
735 994 999635093
292 922 452161267
967 615 997069755
305 200 528902125
255 35 178674759
951 989 102457083
412 808 631721630
628 844 904174070
675 89 982330641
832 37 999527180
463 18 998546351
897 990 816933407
932 883 999285987
568 404 998203562
667 728 925524023
909 759 925693
850 757 306728200
707 982 999123575
624 115 907602854
340 269 998872447
519 249 996910900
975 699 998713206
954 994 998975121
981 997 121729094
954 787 996830904
630 878 141223038
827 715 997822883
193 983 996546662
217 216 998589121
938 922 353934322
662 546 998887942
734 767 715628066
382 668 998955392
258 276 644870560
836 937 999278061
253 82 1894823
198 977 57719382
885 663 524607681
517 631 997988798
956 691 326073916
953 539 677101438
962 986 997312073
631 454 999483467
527 594 199240961
455 795 996922264
763 824 998749609
179 968 999231488
933 936 999496763
293 529 589246661
761 719 667955897
636 386 182874039
301 869 997927474
524 601 999283839
606 900 911531287
286 399 997743347
372 597 997339357
971 968 294883318
707 864 997760881
594 869 333414624
231 824 998349522
313 219 306728200
31 91 505232213
792 291 576817506
855 993 416036357
917 517 998504674
527 194 999904029
938 906 238676303
969 893 848401455
994 747 999969090
970 927 43129484
395 138 957268649
837 699 366271847
907 984 193330890
43 623 786698593
374 150 829316447
77 937 997870783
204 813 997651109
886 64 998353968
265 834 782281976
570 231 219151953
978 995 998596144
474 220 998025582
502 135 436810773
113 307 999959209
896 358 765939902
913 888 996714190
885 965 212083209
897 969 130937995
833 775 999158544
287 941 997718139
977 642 999647586
348 948 132682448
767 370 997616425
828 918 797203437
849 360 999076180
377 278 997422227
1000 999 91798784
985 759 102606249
222 988 628878186
552 789 999782185
604 670 141455582
997 991 998555165
715 955 253294625
496 722 557561989
818 974 996881636
928 546 997988562
212 557 959545823
988 994 998414879
653 391 516838002
576 883 997188188
598 909 999348638
902 892 255021406
996 388 996953885
795 861 521604990
323 439 366271847
846 966 997693974
789 340 998821736
502 816 963044294
477 679 953266252
474 903 998963517
648 387 999103404
480 559 957268649
476 477 999683852
420 15 997918058
746 73 784457200
611 73 281797208
139 521 999484193
818 340 377158670
934 665 997190998
746 650 997319278
769 502 724378346
540 121 998607417
995 400 521604990
57 342 997403703
262 145 327194691
147 981 845312031
699 488 745453599
621 225 458937528
874 885 338585233
281 310 935162239
587 672 835837734
792 811 996993548
610 210 448182755
948 576 136587739
990 645 713200240
475 626 94301986
244 318 997412513
636 538 181604473
998 20 519709076
360 411 998784521
272 743 999598415
944 980 999470018
943 969 189474128
994 998 997104075
762 285 82772654
927 785 997508394
124 605 690859662
513 755 998465286
929 718 999955688
540 86 998468567
212 514 282128540
750 709 998219422
567 466 998791074
13 363 999855657
621 383 950135746
336 930 460997752
905 878 999118573
205 17 999935797
884 943 366700025
907 531 970812659
481 696 998000991
965 994 997312721
723 955 997657892
901 936 832197964
305 210 996793639
596 864 87176031
511 200 837596154
998 997 724378346
991 951 331905798
609 658 566152676
911 586 997570028
600 843 998254038
246 26 825610065
36 700 997715057
132 302 187442084
895 817 522400160
849 850 996730007
669 961 998980699
652 188 999397513
714 449 998659469
912 952 251767671
384 514 998190846
662 67 193330890
774 755 998407299
315 524 783483166
612 581 942460043
199 809 996877303
284 559 809431395
396 768 924142797
940 986 998403462
672 269 132682448
976 992 998304139
908 525 997949086
575 985 403604262
629 525 664973530
789 82 997317673
234 400 998253522
852 939 82772654
951 965 996745995
648 568 867487945
151 5 436770994
960 329 998751594
718 245 82772654
552 784 998532189
600 707 997303730
48 255 783483166
770 205 999248166
182 733 325634362
402 898 997193122
892 857 998580082
59 979 999598127
844 830 543948063
15 732 999027837
937 991 805384844
953 991 62532309
658 979 998746059
328 408 996740770
878 629 996616805
270 942 338443785
248 177 996670067
635 689 996914008
374 138 785752859
5 402 996851487
793 106 999697227
755 738 14070351
737 981 998917353
515 495 998957956
893 667 997309537
244 953 124726210
758 535 14666739
741 928 355921886
628 104 999806936
812 861 997896090
476 922 997732754
650 722 198696966
184 141 557561989
156 833 999117638
289 128 996985649
710 746 997391106
703 271 204941
991 838 998566432
181 517 997174729
579 938 998020398
227 518 998886525
608 957 999586971
77 975 997102140
175 876 999971814
299 22 376799245
972 959 999529095
810 878 911858665
79 937 417223778
44 680 387077608
897 697 997044811
798 177 664973530
884 849 998388239
458 641 998887043
216 604 998785269
769 480 557561989
94 214 811269103
737 904 999141772
891 631 999606194
193 35 998319980
905 405 785752859
832 912 996974967
920 926 998272189
772 840 338585233
495 715 997372603
748 461 578203004
984 138 284740499
193 833 445374895
392 491 998750702
320 888 929811337
65 188 925524023
633 488 998399724
624 142 802579007
238 877 475712272
645 405 550410991
590 19 824837518
916 914 882784558
863 862 997141903
930 124 979038154
765 949 998256297
944 734 917356773
387 285 997095919
411 403 997609530
174 525 998046372
946 936 999093781
691 635 997862030
973 976 999166191
788 889 997022281
480 579 347805483
363 115 999533625
526 493 997681598
838 974 997888730
210 620 613181362
458 981 86416055
906 955 997613372
277 978 387756348
753 800 999437513
378 468 883476181
444 86 996819372
557 142 998159461
9 671 292661766
848 735 998693224
44 479 80617532
589 643 911980933
520 864 999875058
84 31 999617934
827 898 998488418
495 909 246679711
873 660 997435540
264 567 998149999
758 164 998057156
707 878 999780681
922 509 755153357
877 989 355921886
845 893 259723828
988 606 325532167
788 777 998549463
390 871 997076562
212 715 798861051
764 859 997728664
191 502 996765742
51 183 998772260
847 610 724378346
997 367 282200496
906 926 999393713
824 820 997549075
865 342 776026378
435 451 122937846
492 983 448182755
851 122 996711521
390 652 396324669
186 261 998198921
617 34 996634703
887 880 984832440
759 773 995135764
613 735 998771031
895 243 507482281
814 861 79112138
914 165 274436570
485 476 999712028
974 978 822979808
810 908 998664195
860 23 996581520
88 968 208030467
870 966 997447934
919 633 291846204
973 972 57719382
653 992 998745244
946 501 996762582
821 402 996598414
910 520 132113707
577 555 998114125
370 674 999246186
983 949 588829152
761 987 904174070
355 663 997536489
619 371 135870803
153 479 245275899
823 743 5812937
906 928 9055354
863 838 997470678
646 836 31479742
357 629 554991705
851 534 999358757
724 914 461750094
782 810 999592537
841 517 998463076
340 911 669412025
993 979 306728200
869 504 999009679
817 208 898011606
468 561 456430541
228 265 292661766
968 984 998357252
258 101 674227550
103 870 998845474
655 590 997922872
417 93 999438585
60 759 999467815
693 801 963044294
517 565 999728150
76 574 997930155
855 845 998803765
853 755 652871164
965 973 998727941
906 847 118468866
518 439 403604262
746 659 997802667
936 829 999522142
582 316 309218243
195 104 653988664
831 898 997607292
535 130 761792850
294 212 996687422
485 173 652871164
347 51 507482281
717 364 282466341
427 289 331905798
831 577 999347325
25 440 822402929
518 740 507482281
968 175 998541920
588 318 327018175
770 587 956981888
233 899 180494072
866 958 708848830
405 380 1073897
4 543 94301986
946 996 998713575
958 393 997706022
244 575 998787284
5 593 999724813
361 902 834591715
385 348 999196858
553 589 999102847
5 739 364999230
183 762 998195503
995 966 997156641
599 990 999255535
889 952 998448417
883 787 774174595
332 127 203831832
463 568 236072613
932 738 999243161
544 457 997065840
683 614 727629519
899 478 997046936
505 527 900815713
416 913 999692602
584 439 996863808
393 852 998076720
40 397 282200496
866 739 998304533
462 619 997983102
844 975 996629612
950 941 996728997
53 838 187442084
989 977 341299273
683 949 999168057
940 804 998617380
826 268 999307798
992 1000 438967662
488 272 395883506
148 639 996588069
323 933 460774385
888 590 661409746
62 548 132113707
582 17 849044680
596 887 972361647
818 416 951494426
774 962 998266670
928 978 996950717
233 242 330609708
294 847 997921255
784 911 79112138
982 371 996968885
107 591 579246478
11 344 997609496
221 758 876864534
726 649 619125759
716 469 234287365
384 505 254643444
524 604 950135746
423 567 923171596
65 482 31108221
288 627 996609162
795 832 458937528
983 897 998804226
609 247 998009286
577 588 998098680
255 518 745453599
770 282 294883318
581 269 999931315
565 650 664973530
738 739 898011606
807 948 996555415
376 117 997591416
586 678 369043709
509 991 998725316
479 812 524607681
741 771 998616384
880 337 996716995
752 329 136587739
744 775 997365310
868 998 798394931
187 42 377158670
984 384 999517652
825 742 997970627
947 503 997582642
458 916 795283020
491 647 999592076
748 597 550410991
155 826 997637934
395 312 832197964
375 117 478580544
892 890 122937846
930 745 132682448
989 997 998760398
757 223 576817506
441 812 996650158
126 738 998801884
954 270 273798485
894 749 999692499
683 536 998602567
936 274 708367507
842 606 998530391
633 522 998030689
55 228 998211752
574 550 517630220
522 603 61113057
343 758 241449153
949 254 234287365
997 650 41636232
225 126 142189829
904 792 576817506
890 464 783831999
919 575 998237841
932 552 809431395
849 888 997989833
891 945 997360604
983 550 996832652
1000 950 587030011
27 301 998765487
232 431 55736109
445 828 842764344
413 943 338585233
539 444 327018175
983 919 448182755
648 383 999927036
113 953 998334591
700 457 999738983
962 970 999519617
528 183 708848830
841 884 705560105
213 273 963402226
510 529 997017534
771 221 999280803
133 683 996695883
759 632 690859662
563 987 998586426
617 415 455873628
952 844 998235641
607 712 330609708
630 697 998690929
575 334 141695726
822 842 761792850
558 297 794782136
583 459 119352126
450 580 349738429
538 717 516838002
862 877 313057961
463 979 998779653
817 968 925524023
867 985 333414624
823 648 996803308
858 901 998506573
326 704 997294822
709 113 713200240
967 778 998499343
380 713 117228551
950 787 942460043
413 703 996578542
951 980 424005508
1000 986 296226175
616 699 783831999
667 643 835910151
360 839 83614098
795 862 999207814
470 138 666174973
512 254 99076793
939 956 941641583
749 923 997212159
309 907 999304312
949 870 228207177
878 693 999995878
550 779 999758331
594 16 998052618
547 956 281797208
948 160 797993971
520 302 573245475
588 749 998177929
702 733 997279576
345 650 802579007
488 784 660145331
636 352 996771969
492 225 507482281
471 669 997173892
603 896 998564510
740 551 999054110
140 664 956981888
745 865 816933407
708 567 996884330
259 625 94301986
929 837 999079380
735 746 920956629
883 978 999190294
579 811 999438476
554 190 998527520
98 255 11438920
656 249 999137632
888 761 996546662
996 999 102606249
727 953 901048381
878 933 997365571
522 737 417960118
988 748 479164397
169 551 643201700
509 885 387339899
126 277 998984335
928 900 634511556
691 429 998495348
943 525 238676303
575 922 673657485
400 23 393797092
899 748 225938036
992 961 731193693
988 980 999292439
582 749 797993971
952 344 997116075
947 470 667955897
902 820 848401455
531 850 594086221
63 560 433092836
923 986 664973530
691 346 997764951
430 520 542894274
192 313 433092836
656 709 998658375
979 642 997366085
181 784 998463252
880 3 998719420
560 830 999641022
989 998 708848830
558 675 997425876
943 503 934026451
475 934 189474128
760 810 998297964
396 933 999726613
510 796 998141766
691 410 284740499
436 199 998736901
320 311 997887033
835 325 997539454
871 218 996599679
679 225 999955349
695 77 997709829
116 518 836137422
868 829 999720767
830 441 999395163
250 449 379644724
940 379 45914883
62 483 997634089
844 729 776026378
893 923 996702580
723 100 997930410
145 739 102436947
726 577 999723714
309 465 802579007
948 672 999715824
978 871 996851912
291 660 999371258
925 754 369043709
993 268 883209927
152 570 999940343
984 263 925693
135 616 997792183
114 820 605466951
799 547 797641670
847 825 996723211
698 911 353348214
774 435 997193393
763 996 152241006
766 867 997387372
674 445 887819539
986 970 997865372
750 439 145998352
365 981 998219843
208 954 998949546
884 516 998012651
971 955 980221749
943 993 997159905
277 767 999042729
412 825 998423946
626 884 94301986
405 865 313057961
418 840 309904432
440 445 795283020
744 822 187442084
672 706 999248805
490 515 997737670
994 977 997882026
821 490 997135561
249 243 998007233
724 385 998067491
425 100 619125759
303 366 999659007
869 918 996755309
396 480 589070650
910 867 515699742
765 951 898178061
800 584 436810773
399 954 996636953
663 921 911858665
459 402 997163874
645 442 997356801
128 1000 746336844
97 858 740200949
38 875 178674759
614 42 672100831
979 972 998765675
656 975 664973530
496 578 999452842
46 980 999507470
581 982 998084336
762 299 996547682
952 211 998323603
914 45 251767671
67 112 984832440
950 615 338443785
748 809 997343045
418 792 998999189
198 562 14070351
871 777 998934389
358 905 209370781
591 876 519709076
65 988 996645209
981 782 997851565
697 529 999883133
754 646 996588755
411 613 438967662
231 117 997788506
994 979 182874039
170 110 142189829
932 814 363983981
899 81 996937993
463 307 999974102
619 77 633337069
374 687 132682448
317 961 996699995
521 372 659648875
761 254 121729094
844 782 998900715
780 508 999017458
942 935 911858665
142 814 696046413
239 654 304304345
866 79 998026260
604 806 497080956
715 140 999409324
885 486 998234533
903 491 999531139
813 327 997622950
962 884 999303242
812 387 996565153
113 970 997905667
518 189 999906833
962 987 999069116
969 977 259723828
489 348 997216434
913 870 674227550
980 508 824340071
449 7 998326741
844 871 999134107
904 606 998354085
956 960 999439433
160 390 996635322
532 825 998455129
698 787 505232213
5 627 999173155
417 148 999746883
37 734 578469095
375 340 521604990
559 405 999697345
780 412 75261763
1000 996 294883318
416 893 876864534
505 807 900815713
194 150 997612069
81 675 998529582
811 156 91798784
937 161 996546662
414 907 433092836
771 862 761792850
911 696 80617532
985 702 998122510
809 566 6135608
636 508 225938036
923 677 996724035
712 679 731193693
361 127 999947428
207 108 998580438
524 742 39712491
419 509 523778900
955 996 721038490
352 515 605466951
934 965 996920526
622 309 333414624
986 955 193330890
774 592 997600181
898 887 998152443
942 54 532022331
669 975 996820590
712 900 996689179
58 111 996793338
997 778 997852588
945 953 774174595
462 838 998246801
751 108 998995482
893 694 996895944
924 904 999812158
592 341 997578961
685 137 31108221
654 307 325532167
973 288 713608985
536 873 999873926
974 855 696046413
955 399 999195838
999 995 999586444
346 112 997219128
276 169 180494072
572 399 999932293
738 428 998451467
327 392 999123931
443 321 94301986
644 491 997393201
892 644 996840108
937 648 998295550
999 807 923843900
778 982 997705292
870 894 998477428
627 651 999733449
633 989 835910151
894 828 997209462
985 393 999602366
775 723 282200496
632 739 998912079
313 824 999591833
178 28 998636777
117 954 997276769
620 242 997999728
924 203 997219017
609 544 998831723
306 379 121729094
776 910 997000037
356 758 669412025
782 757 735013385
516 902 999414521
211 747 998892060
494 511 824340071
353 44 90105003
941 934 997140617
966 785 630981130
665 845 997012125
957 478 998248878
811 317 999983365
935 417 998764339
681 874 999616672
570 248 998648205
334 268 713200240
966 983 997660012
351 234 168725682
990 980 364874989
934 901 998563852
681 301 997512205
845 693 86416055
68 321 998170430
477 670 951494426
531 737 228628826
144 467 168725682
819 371 180236098
984 962 117335930
306 444 997094991
306 570 921790567
218 650 282466341
764 970 86416055
991 992 997062326
512 805 333414624
823 653 998930924
64 360 342161987
457 736 4659446
654 638 327194691
510 431 997385311
817 853 273605919
918 844 998701671
915 890 198696966
600 839 997700224
221 692 999741437
479 750 998209265
67 555 998885472
879 685 927028294
846 844 999163591
562 814 957268649
682 561 99076793
961 398 999558080
981 529 290932565
402 955 999202716
591 790 628878186
541 692 595247732
217 937 942460043
431 817 991675478
597 645 417223778
959 864 438266831
416 517 835837734
543 823 983530213
220 368 653988664
163 210 999156207
883 805 543948063
379 872 424005508
737 369 387077608
302 546 998064823
843 889 913750556
396 584 999890158
975 943 997334229
552 289 479164397
269 23 182874039
42 604 118468866
124 606 429461595
850 974 998247061
741 789 883209927
996 249 997206500
392 25 999107233
593 508 395883506
648 868 998207302
422 594 998057144
309 572 999701959
651 80 102457083
381 216 613181362
962 146 786702397
211 842 634511556
946 919 122937846
394 232 998184095
27 147 569306526
633 672 309904432
189 684 998217436
654 834 253294625
911 926 500549334
949 525 997496866
151 257 996553953
241 662 999848682
565 724 997244019
333 436 998262388
964 836 592048126
531 767 164402600
265 639 616378160
762 696 998278278
926 545 616378160
389 604 900815713
553 946 69235107
77 190 999039563
769 474 998823277
690 959 259723828
435 740 996747147
143 99 805173342
647 577 997951663
979 980 997439372
472 349 997748290
753 475 996652787
765 210 504076183
205 582 756543573
773 713 794782136
402 973 996794323
975 407 259287052
568 774 436810773
769 580 999344960
698 959 998403944
922 837 998072893
102 85 661409746
97 999 805384844
838 815 975407044
685 594 178674759
884 405 998723395
916 846 831147325
714 850 798394931
610 646 660145331
591 217 997150565
687 791 997800242
553 782 998269792
411 652 160187085
890 145 999191614
688 979 56192441
176 135 998114975
813 912 136587739
896 928 465747922
776 654 456430541
693 802 996876693
515 679 160187085
495 508 997141519
991 945 189474128
503 833 25277029
71 342 999805695
946 930 999342023
969 354 998035511
85 317 458937528
194 854 164402600
121 145 996590621
898 57 997003605
266 369 228207177
3 197 997508423
837 255 31479742
716 859 4659446
984 988 998814015
865 799 882784558
519 171 996649929
974 844 999443012
871 987 997388521
68 459 999985614
885 136 998598203
761 907 998852663
848 780 635352590
990 962 824340071
788 599 669412025
15 372 417223778
5 222 997143958
525 967 999189505
860 909 805384844
566 115 999054746
945 728 998741187
816 941 505232213
829 287 633337069
976 953 783831999
698 274 674227550
776 882 400009407
800 893 999325531
832 596 181604473
108 932 998611860
216 145 253294625
638 959 997733605
487 637 576817506
729 307 998065993
911 778 175349058
922 830 919995621
733 889 997521056
323 966 141223038
920 536 816933407
164 751 996642195
438 175 997948690
932 949 797641670
874 809 997217711
872 869 999552575
615 322 805173342
143 2 99076793
967 978 455873628
780 406 783483166
910 855 49026699
991 987 925693
571 888 998928883
582 322 998515080
107 417 883209927
811 941 403604262
373 890 999087593
453 973 117228551
598 975 999191766
174 431 999894345
255 512 999313606
998 949 999672163
490 915 281176791
329 776 798861051
851 881 309218243
513 994 999498403
448 939 996822537
987 990 634511556
222 133 996685687
971 516 835910151
694 67 61113057
876 875 861067112
340 309 999008440
356 569 721038490
975 845 999937930
963 870 314221088
284 946 540347009
408 644 999951691
755 974 997640605
310 530 998183639
31 199 182874039
465 581 586962721
840 158 910093846
909 960 86416055
721 258 761792850
872 208 996979242
959 967 996653327
748 908 238676303
948 94 911531287
815 994 997188536
168 625 589246661
155 170 785752859
563 935 996573329
184 698 128192685
459 688 998510571
944 725 707841344
57 295 999611538
704 225 997767531
797 423 999166364
900 967 666174973
724 161 355921886
854 404 997291220
718 15 997334542
894 787 998398119
964 630 996580849
792 697 666174973
635 326 999086089
661 783 997046244
165 433 999314543
972 893 831147325
709 984 998943910
466 774 997376014
256 288 997631182
544 922 951266312
973 323 9055354
12 984 998241791
36 968 86416055
843 997 920956629
913 635 997793468
152 545 849829905
533 928 999115711
929 136 997125999
880 491 49848325
478 799 999105632
73 378 998443104
772 894 997570248
928 976 998656564
644 362 997872164
801 185 998733921
856 735 911980933
920 859 57719382
405 806 253294625
613 588 997646123
920 928 102436947
555 161 499783959
953 966 745453599
327 582 883209927
670 737 810364660
944 965 848401455
514 157 999859783
904 910 142189829
626 682 998870817
849 524 998674501
910 633 996675773
500 780 999421944
536 633 330609708
662 505 997785408
252 709 455873628
856 984 998667426
85 250 997341206
41 304 997761154
868 990 673657485
991 222 996982984
404 652 999544890
948 238 998344966
468 427 920780207
604 844 463333972
951 994 867487945
504 363 997871681
245 76 667955897
294 763 999859758
568 619 997245363
892 112 997150751
884 509 999113705
914 982 999688603
687 688 999854865
504 899 631721630
213 792 996795524
637 842 975407044
529 901 998680667
950 934 363983981
931 982 999731590
649 646 731193693
859 126 999620311
73 932 922714359
261 783 997700999
216 412 998538986
366 532 998351669
668 529 999803798
299 228 999763011
408 415 145271883
810 976 999082184
809 907 174701750
671 941 708848830
656 446 999710743
580 967 667955897
942 933 742649827
409 602 898178061
280 452 886447853
327 935 999506816
884 967 438967662
82 701 338443785
978 546 836137422
860 988 55736109
187 166 208030467
446 743 381613183
865 927 998647518
923 979 996637305
957 978 991675478
610 908 141695726
415 211 997812544
833 937 883476181
868 1000 999165882
676 799 997193871
926 964 997501903
857 622 997617298
725 768 325532167
624 195 507482281
943 799 18000820
935 726 715628066
238 402 999040604
372 362 259723828
189 234 837596154
540 984 998267623
997 169 996715220
669 361 721038490
751 792 998066378
44 877 761792850
655 945 998798347
134 280 728216824
859 979 999706772
306 492 997413212
280 980 713608985
990 997 998431891
789 929 997199602
735 904 998498218
801 802 341299273
768 770 886447853
979 715 948969057
687 648 996623662
457 617 759502860
636 602 824340071
998 978 999715181
689 191 999458043
906 838 999851268
506 386 174283545
53 265 589709484
594 647 243147093
969 958 863056774
914 343 62022922
310 472 998786996
176 286 999328677
694 545 86416055
872 874 999805615
416 622 875376390
758 322 997394336
413 427 707841344
980 699 341299273
869 479 342161987
175 29 677101438
917 296 999628543
518 797 996954517
851 430 997091973
45 404 630981130
974 966 376799245
502 918 246679711
740 866 502792100
947 917 997875605
972 945 198696966
357 882 999543696
971 666 998571965
806 105 309218243
538 832 634511556
239 568 999590446
668 308 998573743
965 984 119352126
900 986 997466073
877 641 479347990
50 764 999102302
567 435 349738429
929 697 999320902
955 716 998812253
904 437 507482281
733 698 999592602
799 825 353348214
988 673 998709367
821 783 898011606
517 640 426806928
580 417 673670129
265 191 997993156
257 794 997818765
990 950 542894274
671 923 998438149
311 164 996983187
973 676 998345967
953 478 570829018
400 216 998774255
921 732 999909768
971 620 996987008
968 111 998411873
731 413 999560436
292 570 491252290
588 410 998508733
605 49 180494072
919 849 132113707
508 658 181604473
982 983 999362034
974 952 980221749
138 254 832197964
894 546 160187085
362 485 776026378
302 287 619125759
865 373 999335046
699 820 835837734
568 886 438967662
754 875 784457200
566 977 998189263
996 620 997506327
682 783 816933407
566 583 319040478
552 561 997239603
528 338 108029931
876 404 998773957
99 602 998829344
401 718 604638164
510 939 929811337
163 432 999363308
342 162 996707267
838 885 998273405
190 193 458937528
333 454 886447853
284 450 842764344
207 26 996606556
661 918 998978449
945 902 883476181
491 814 999636887
106 127 996684549
578 814 578203004
16 907 997951038
631 237 672100831
64 800 998852818
804 996 997929326
962 880 291846204
283 990 999915362
243 828 713608985
377 982 999510044
380 388 643984396
933 494 836137422
1000 885 281176791
155 674 783831999
711 477 876864534
71 79 998154316
786 989 998216076
910 47 921790567
978 944 997665810
597 752 997791554
479 983 997833475
695 217 294883318
56 846 327194691
675 769 997481818
976 985 998623103
580 651 810364660
521 377 998953590
22 232 997775823
626 167 417960118
796 839 746336844
306 40 998147248
574 83 997309199
315 365 998191868
43 948 43129484
651 303 999489065
708 482 799520644
191 594 347805483
875 843 509556085
162 753 999919822
847 820 998938862
954 951 997264792
697 747 997361795
185 604 997051674
811 687 515743358
996 892 996683888
761 659 997931971
868 160 999101901
979 853 117335930
897 803 122937846
550 676 761792850
997 995 999150049
410 92 998495119
633 429 998500545
624 435 996748225
801 595 589070650
381 394 251767671
851 908 57719382
913 908 417960118
653 667 672100831
567 803 999451913
495 345 907602854
95 550 999900770
978 969 998924806
640 158 83560025
694 537 996954141
284 922 672100831
64 515 996626951
249 620 997562144
964 774 579246478
525 857 998544945
745 485 997927313
555 988 998635702
822 617 999491416
234 924 998014711
765 637 849044680
146 342 998169554
975 953 998922173
825 628 643984396
857 931 86416055
944 860 91798784
63 642 996799590
262 449 40895989
373 132 49026699
500 172 314221088
566 12 997810113
981 638 674227550
716 354 998518757
622 695 999154359
929 470 708367507
25 439 998028320
583 679 999202486
813 251 996586683
522 988 998960786
317 753 517630220
841 813 999673508
983 734 739938823
438 930 702455051
708 50 996982576
197 590 998213461
843 847 996812099
491 849 998620104
278 630 824588336
978 371 530545603
720 411 998528742
536 664 831147325
830 967 446883996
625 368 759502860
936 731 874078670
600 201 907849728
964 950 996631687
658 777 997459252
673 734 999382146
803 695 739938823
260 397 113654428
690 816 998225769
484 691 199240961
147 650 998820875
978 903 142189829
765 959 997432703
312 447 998079861
48 824 998375240
646 486 776026378
743 15 998331838
689 518 998704297
442 226 39712491
810 525 180236098
469 376 996662359
505 814 327018175
968 988 975407044
14 572 997921059
621 619 924142797
609 406 381613183
956 806 294883318
151 91 999194074
992 993 290932565
87 226 424005508
182 696 917356773
804 961 997407739
876 902 589070650
699 153 87176031
160 663 999762973
810 19 199240961
295 433 998476322
887 954 996843286
846 560 999622561
970 902 837846297
187 104 90105003
283 521 458617804
816 492 999758451
878 875 998088119
703 891 21819222
790 920 998753797
220 232 130937995
738 144 497080956
306 960 481967209
358 605 999064597
873 531 997673164
77 419 944498808
616 880 438266831
654 412 4659446
773 592 999012113
389 987 998306714
749 962 681119065
759 502 739938823
693 187 997595183
947 844 998644414
188 358 999791818
96 953 997048962
436 872 864951662
540 410 500549334
804 807 999066653
785 884 998511463
755 167 996666783
587 594 998148295
105 426 825610065
493 189 731193693
421 759 998465443
988 977 999027143
680 855 922714359
528 880 108029931
555 764 759502860
834 443 209370781
976 311 923171596
894 860 569306526
912 876 400009407
652 722 532314299
509 72 422390793
547 655 997426845
964 932 998431967
858 889 634511556
692 526 999175392
326 980 999908295
982 988 999471753
961 957 997812255
987 194 999199719
36 831 921790567
140 425 984832440
997 994 999273069
149 724 999477483
415 412 264782966
984 505 783483166
462 707 998036974
107 447 999517759
680 823 997492733
142 394 998363775
953 667 998068347
929 893 381613183
479 745 996598948
984 668 805384844
860 971 998437385
321 907 997346539
263 276 628878186
16 232 998462171
756 602 669412025
610 420 661409746
223 699 997729175
413 428 619125759
912 964 118468866
663 575 996705159
336 472 883476181
978 956 999673170
362 441 998622902
308 854 997318785
265 626 617239356
405 619 282200496
900 774 368803391
771 462 997228957
786 139 997764204
820 853 281797208
894 711 997962769
823 919 963044294
247 420 996830357
997 996 999542317
184 749 911858665
519 870 353348214
782 873 997145846
135 174 998236073
710 418 998970428
995 983 445374895
214 73 86416055
788 767 704571060
886 958 999455175
750 488 587030011
958 391 333414624
257 356 999064560
834 854 997705713
997 986 996565978
589 737 998550934
456 944 542894274
909 547 998498656
919 962 666174973
917 779 845312031
90 98 997932418
5 617 113654428
980 801 951266312
627 308 631721630
115 264 998912904
641 457 997687527
161 559 917356773
821 230 999546604
471 819 849044680
697 491 998779883
153 673 998176256
614 536 999753919
693 481 996621616
436 726 589070650
483 942 80617532
630 793 997199072
919 834 999334500
276 407 996831604
205 855 18000820
870 946 998036152
966 954 996785086
219 663 203831832
475 58 998181865
936 854 999996018
944 884 713023072
923 937 506456947
486 560 996844326
604 966 998941345
264 369 998299893
723 734 998133898
224 546 996927680
721 791 119352126
210 914 998547609
970 987 521604990
503 375 999725129
258 729 999056579
929 937 963402226
494 690 702455051
729 897 997780551
318 151 400009407
899 160 999331362
286 282 251767671
705 412 998724711
922 34 998056858
3 208 587030011
317 140 996598589
994 943 79112138
911 679 61113057
995 961 160187085
64 52 515743358
972 244 121729094
456 933 997115607
141 848 327018175
618 717 997452739
773 260 797641670
877 853 630981130
887 586 152241006
795 777 997308006
944 606 515699742
920 978 998140444
921 707 62532309
442 119 998819594
967 994 997959749
359 44 999215208
470 825 999563454
815 831 593764288
157 357 835837734
917 751 998275596
466 187 997214828
317 661 996609667
892 137 998829003
96 658 837846297
930 986 996773801
880 480 831147325
808 717 998781368
818 916 997637655
117 589 999469151
721 400 997846528
860 997 998538256
939 915 997943958
846 511 605466951
322 369 999485259
937 632 998080360
705 775 999463099
128 873 998941778
490 724 83560025
591 262 999565818
792 514 996806879
928 987 214034390
240 878 999680588
231 95 604638164
253 584 507482281
196 290 214034390
191 625 589285528
712 535 677101438
449 499 996936240
846 791 923171596
266 836 238676303
922 718 997887024
710 909 999754887
987 910 426806928
406 305 429461595
438 382 997839270
884 913 941641583
577 599 999156582
872 511 999079704
914 477 86416055
943 760 998400491
803 964 999344164
280 96 90105003
352 779 997727018
760 683 997166305
256 475 4659446
991 925 997087026
807 1000 999765770
959 724 228628826
944 997 479347990
227 667 999710612
479 105 997589679
357 352 568881200
913 996 995135764
964 865 145998352
53 623 605466951
373 960 605466951
946 906 829316447
266 788 997313616
996 940 997080238
888 512 722091169
455 800 996992474
597 451 205639429
338 328 57719382
847 807 979038154
889 842 2885470
842 960 999834747
503 373 426806928
987 934 997252689
968 706 997272103
441 354 996591320
266 169 996764638
986 803 999738666
826 461 616378160
838 821 999631489
954 482 998396367
884 972 243147093
625 521 505232213
907 721 998656595
993 546 463333972
656 331 523778900
865 795 907849728
660 98 829316447
987 922 998140609
450 156 997598791
569 595 998081983
293 902 364999230
375 144 587030011
944 971 259723828
800 894 797993971
985 999 998842919
92 329 56192441
124 995 951494426
80 922 999340601
772 189 366271847
138 494 515699742
342 958 997270980
78 751 999868766
136 500 296226175
639 460 997120265
836 968 1073897
683 978 998564004
475 874 998723840
974 757 424005508
682 478 979433259
572 383 804219684
536 844 999408143
99 148 999829381
672 233 570829018
983 850 810364660
332 501 424005508
411 985 997077195
138 299 972361647
312 764 997819186
680 842 887819539
868 972 416036357
755 522 739938823
422 262 998378071
212 599 996614178
544 610 996635451
954 448 463333972
962 671 997871622
478 470 907849728
946 980 99076793
967 922 996767520
866 404 997584919
395 560 461750094
335 483 997050901
783 650 290932565
126 51 219151953
316 379 82772654
166 675 999593597
536 905 86416055
877 848 579246478
994 884 832197964
715 274 587030011
311 377 550536290
254 718 49026699
343 613 998850102
699 221 996950091
498 995 804219684
976 353 997500495
451 688 998806008
260 219 592345628
962 956 901048381
905 717 998971879
170 841 576817506
933 981 997560692
350 690 997607030
553 133 998007062
637 828 835910151
970 982 957268649
638 895 589709484
507 873 999210495
209 783 234287365
847 931 998918569
669 627 273605919
942 472 999737067
696 490 681119065
71 539 39712491
906 455 616378160
855 423 999228073
260 514 75261763
916 887 495116969
255 664 997680543
971 803 997408064
925 382 997020134
763 659 509556085
799 784 259953332
997 31 999806443
810 944 999917168
4 797 996887288
985 992 114329836
382 239 996900379
99 307 998068878
969 150 568881200
490 598 997201597
781 748 997991943
25 524 9055354
819 852 347805483
730 525 925693
879 625 811269103
947 682 998951166
198 261 528902125
443 628 798861051
408 754 530545603
908 257 999129181
57 792 456430541
479 914 214034390
815 860 997049820
973 988 805173342
371 464 999352626
697 585 997597933
140 270 509556085
157 564 999596527
207 711 999869930
513 270 997050415
956 997 997139101
778 766 999525422
575 931 998580367
614 921 997138414
968 922 564960520
942 951 997176595
868 879 304304345
1 343 245275899
566 354 900815713
511 625 542894274
747 147 509556085
18 657 998857291
310 374 998661509
964 390 999448998
576 955 532022331
459 927 996888517
930 928 996840302
987 479 996674882
510 565 997519543
996 843 45914883
943 522 997098127
820 869 530545603
960 952 999482068
357 287 281797208
325 522 997892006
984 945 998526116
394 917 86416055
99 336 412247935
846 455 996654060
301 501 997232374
951 981 999302827
151 473 281797208
494 104 999337027
794 325 94301986
589 837 997462562
260 278 997687478
701 352 999605870
839 304 999385279
558 785 822402929
21 809 999472332
928 971 998351070
752 805 997585604
454 761 923843900
719 410 998493349
845 525 264782966
814 798 996697936
454 524 997197267
918 549 708848830
21 97 999238138
959 593 998613040
735 118 998492093
919 732 998614784
248 37 857602401
421 695 251767671
11 937 708848830
908 798 118468866
946 973 999943306
996 915 809431395
394 998 998544556
332 766 338443785
975 966 333414624
232 682 997465331
887 581 998579637
485 389 999757646
580 339 417223778
333 723 998586157
345 300 998107721
686 935 996718308
954 833 883476181
616 867 259953332
770 902 478702027
822 422 999401457
546 473 998835943
785 910 996625113
678 846 203831832
790 741 253294625
535 720 121729094
739 721 998887240
564 422 433092836
776 567 445374895
729 755 981317277
938 748 999404916
971 454 672100831
712 304 998951397
715 575 997105549
242 490 21819222
982 965 997509267
703 954 10098808
769 390 998903732
905 896 997434147
975 861 998178323
783 585 666174973
623 781 997879766
865 955 505232213
998 585 999392920
175 905 14070351
46 416 62532309
870 933 835837734
607 479 999170301
884 947 713608985
462 676 301788326
633 245 996904342
456 675 999211519
992 672 644870560
291 797 882532100
650 661 997491106
908 590 117335930
744 147 998118999
862 571 999401498
138 974 887819539
438 686 996698189
183 103 333414624
221 91 79112138
848 891 132682448
987 997 997950114
968 966 39712491
598 304 996592872
487 732 368803391
153 367 633337069
861 787 999490011
638 170 799520644
23 127 669412025
902 832 708367507
723 16 327194691
83 979 90105003
716 993 999234345
416 553 998633214
454 472 259156195
392 624 402529945
987 983 997951336
476 310 634511556
923 687 998485111
917 944 705560105
771 554 997310818
102 439 998211854
737 666 998700524
556 446 911858665
745 349 919995621
866 98 923171596
902 977 262430538
914 985 996975138
990 999 997788837
272 339 996863969
25 800 667955897
992 994 643984396
588 28 996897025
787 910 996788390
298 660 363983981
655 850 524607681
583 742 998949845
342 954 569306526
440 471 999789042
290 672 883476181
826 881 999656664
404 438 998419927
839 1000 998730834
940 626 998392634
862 861 521402436
333 588 56192441
623 821 996666644
840 910 524607681
907 66 481932413
997 842 998239840
899 908 652871164
897 667 998463331
164 508 845312031
799 782 204941
535 79 975407044
537 404 999431643
759 528 999986678
972 907 998687627
692 461 997322958
579 385 553751483
39 600 998400863
546 525 999381600
972 700 921790567
457 267 998349332
993 662 999096053
193 575 455873628
151 515 342161987
701 684 999806936
941 750 461750094
960 582 39712491
906 896 281797208
490 874 997740543
828 310 804219684
413 183 999728830
258 175 136587739
618 941 998323179
604 176 898011606
790 245 999139339
550 882 783483166
999 998 482857972
29 686 430546266
982 600 786702397
982 953 999033479
850 208 997999321
541 844 630817099
988 807 999121532
686 665 999590691
442 825 130937995
723 759 999530867
617 857 724378346
531 838 900815713
935 348 999579486
136 590 338585233
703 705 998759858
906 812 234287365
989 984 998870160
469 977 804390986
282 678 996584260
815 759 587030011
933 365 999151922
970 955 49026699
637 830 910093846
754 733 547258458
746 810 999881213
236 534 746336844
975 760 998391384
27 903 998095003
18 459 319040478
976 968 62022922
614 864 873710776
402 455 999204270
571 374 999699053
106 13 825610065
150 775 630981130
974 885 253294625
939 838 996771439
65 491 998907849
578 952 377158670
445 358 999069093
937 898 997652809
241 440 259287052
686 343 998367128
332 616 999228751
441 689 999291461
517 455 998694395
360 154 913750556
621 101 996701493
751 965 864951662
167 851 996561477
903 438 94909278
6 439 998215791
874 863 991675478
719 522 1073897
802 721 39515867
374 493 141695726
924 250 713200240
638 619 998745948
334 445 837846297
803 854 628878186
521 686 831147325
581 956 355921886
858 516 996793398
948 1000 997089962
850 875 999481023
480 535 164402600
630 819 755153357
903 968 14666739
473 886 824340071
827 355 999106854
898 633 998688016
993 339 178674759
424 95 715628066
995 710 234287365
412 316 911531287
909 946 998376469
604 647 996985717
968 251 652871164
96 221 376799245
856 748 998043808
813 923 243147093
853 908 80617532
658 553 6135608
962 989 542894274
982 611 659648875
907 451 999096955
961 968 998010136
409 691 996950980
119 984 997916472
987 993 543948063
141 873 614146094
103 318 997735873
999 410 997094322
952 929 677101438
801 829 997674400
151 180 997894969
138 533 997764911
701 129 998819030
544 406 997658745
530 648 999226026
948 937 997922339
186 875 998196438
615 860 550410991
758 461 998399906
606 285 458617804
10 755 998331359
958 839 999866947
465 139 378730236
193 186 998825687
170 431 478702027
726 321 883209927
783 166 592048126
752 812 393797092
854 685 999558226
956 897 80617532
995 27 436810773
339 727 911858665
624 906 87176031
180 74 673670129
214 995 540347009
821 792 31479742
907 496 999858331
768 940 998123103
184 89 43129484
547 37 325634362
550 255 131345217
168 282 900815713
112 792 998183665
987 982 898011606
552 681 998865035
969 608 996728126
717 515 998854018
124 950 180236098
646 925 998128642
434 814 999704886
12 137 999002583
174 183 387077608
873 309 999679890
215 836 355921886
957 892 927028294
968 923 306728200
351 664 728216824
232 294 426806928
836 728 998998941
165 58 798861051
836 611 212083209
977 942 270879871
908 930 998673524
831 966 999018786
778 926 805173342
52 641 999712985
818 140 999664654
40 107 208030467
569 509 917356773
638 888 999643379
499 301 547258458
521 173 187442084
593 378 634511556
546 11 998443506
733 969 999305111
779 954 998092284
949 960 997890706
951 615 996946448
866 988 532254590
493 631 997150537
543 909 996716650
72 319 998155995
954 423 822979808
277 684 482857972
386 834 996907434
232 412 550536290
780 369 999628010
498 585 938584122
229 724 141455582
656 1 999137233
841 774 431706080
956 126 998828558
688 722 998985388
728 608 996857816
374 317 936798548
984 975 331905798
884 816 386120665
625 746 49026699
959 282 614146094
584 562 999452998
722 123 446883996
744 611 404018102
783 989 83674413
773 535 4659446
5 715 364874989
286 427 956981888
177 561 997330696
460 173 910093846
628 826 430546266
600 750 62532309
990 500 875376390
85 172 145271883
372 364 948969057
31 231 292661766
825 598 999680849
954 998 713608985
615 871 153738036
952 971 997334601
405 437 417960118
539 383 325634362
857 624 39712491
189 897 999129542
872 898 999136764
89 856 998197334
370 328 727629519
52 301 997312834
790 549 999130888
395 392 999013091
547 76 532314299
667 480 674227550
887 925 999139502
348 415 634511556
868 786 848401455
956 877 253294625
696 902 996546662
681 729 592048126
713 959 499783959
589 46 996707676
992 997 998612145
827 998 963044294
265 865 2885470
444 326 997983905
721 418 996940106
749 826 282128540
657 428 404018102
520 742 136587739
49 279 996975525
302 49 999829752
289 360 998866847
759 776 996951979
629 748 269542989
985 987 452161267
732 787 281176791
574 39 997393573
906 779 554991705
779 439 999107349
834 6 970812659
761 605 253294625
496 147 883476181
811 645 319040478
731 815 996854910
5 956 707841344
359 753 999505083
111 986 439224830
714 932 997449868
862 634 996922812
962 965 998584212
894 492 998414888
864 907 999139693
458 585 999874545
291 142 997883131
855 767 998843040
822 603 999707893
42 6 997549191
274 262 999374785
608 515 998181911
816 547 997946403
446 901 996767245
2 235 1894823
588 284 999928072
859 783 996911289
931 629 436810773
937 932 416036357
817 420 999825796
711 697 997236765
310 541 996570768
888 56 923171596
586 800 998558383
203 479 811269103
801 761 999112753
171 522 998906096
831 935 282466341
785 783 921790567
804 908 998626196
862 907 2885470
389 507 377158670
378 624 998991148
618 421 187442084
968 937 400009407
670 485 999831506
702 850 315963225
752 278 998221928
930 901 999831934
919 921 999104883
880 892 554991705
654 51 613181362
593 887 619125759
861 20 998700206
770 941 997308750
197 196 999296807
735 770 445374895
94 199 730365674
957 826 102436947
422 109 465747922
938 541 957268649
816 504 131345217
439 782 219151953
817 890 141455582
477 361 998525956
654 341 999454171
23 630 984832440
937 846 997312130
867 877 867487945
19 76 592048126
964 922 997285639
695 799 999498873
739 405 550536290
920 842 366271847
365 138 834591715
788 176 923843900
261 611 998089434
115 894 998156388
120 786 996992980
61 676 9055354
247 384 117335930
937 780 998685395
833 454 997926668
743 838 999089136
590 932 174283545
918 299 331905798
914 919 997954744
546 21 424183900
680 34 672100831
845 776 998507756
248 361 164402600
422 948 998487227
99 961 617239356
691 873 765939902
311 124 999175342
939 889 554991705
129 87 998072562
621 459 998653901
674 374 998288857
920 955 883209927
984 185 998270424
918 584 942460043
990 965 963402226
829 867 996715113
260 592 438967662
883 813 811269103
320 333 436770994
631 704 127043996
973 678 999886022
863 424 91798784
952 253 445374895
260 819 998403560
813 576 142189829
903 982 998856297
500 587 856585264
807 925 430546266
840 898 998345487
789 497 999066605
335 702 417960118
912 360 281176791
662 393 178674759
284 292 999054869
925 950 338443785
102 644 925693
984 983 234287365
278 781 387077608
975 974 132682448
254 305 998768964
777 696 267741808
151 774 929811337
137 863 997701377
114 743 998842357
629 83 997205454
383 887 284740499
828 928 999628013
715 332 996755310
951 707 99076793
441 807 366271847
695 901 18000820
903 733 996891560
793 746 997354913
865 923 228207177
638 834 999139947
929 540 998610009
823 282 831147325
970 936 80617532
853 529 998139106
387 990 475712272
988 392 452647686
251 225 997788159
645 790 254643444
558 908 673657485
886 993 996997990
887 939 999389637
733 353 811269103
767 373 182874039
369 852 619125759
373 953 997458243
701 671 131345217
214 493 998050303
995 954 643984396
544 821 376799245
615 933 519709076
974 860 997028404
410 180 124726210
381 637 669412025
699 600 998314390
9 895 999017730
545 687 998769869
457 656 999492054
379 559 131345217
984 981 999516474
979 982 124726210
518 367 592048126
313 995 402529945
461 361 997453911
979 713 998899829
287 537 997012401
422 767 294883318
811 833 997752383
920 949 181604473
483 508 652871164
946 837 997521850
413 841 794782136
891 435 340203765
845 846 542894274
852 966 631721630
360 118 306728200
825 823 907602854
639 734 999936219
977 1000 91798784
934 259 999380504
813 47 998677157
521 941 45808983
365 410 999241508
779 775 402529945
774 730 4659446
765 696 997179771
523 764 436770994
890 908 79112138
390 900 708505035
161 498 938584122
834 881 998055513
240 199 998238589
221 151 996959132
562 162 999028074
991 879 102436947
663 547 18000820
969 269 999056479
643 814 997761093
330 154 433092836
983 861 550536290
71 525 996716879
705 899 999421934
243 713 570829018
915 768 998979816
966 939 999854516
141 288 997493870
809 641 326073916
130 13 999633593
932 427 997543075
940 955 735013385
588 685 400009407
902 771 999233712
334 825 795283020
132 329 998563187
569 785 956981888
975 218 228628826
608 879 393797092
757 926 997263404
766 659 236072613
781 584 363983981
485 644 997443356
735 976 313057961
345 1 923843900
950 443 281797208
211 378 127043996
859 155 898178061
575 635 996843700
243 890 433092836
631 212 117335930
803 423 533218195
963 966 482857972
28 796 982330641
734 989 997263191
966 724 999933647
309 925 998856316
928 104 957268649
901 851 999532194
524 548 996748820
776 997 997864379
542 597 845312031
52 837 402529945
191 59 554991705
616 260 997826123
968 757 387077608
292 288 214034390
103 946 996743170
210 667 999088507
963 943 999215301
127 632 291846204
841 711 997149649
700 319 553751483
700 418 669412025
813 767 999829069
14 750 225938036
287 822 997081409
648 774 996594114
650 852 999390066
85 959 997270722
774 2 292661766
344 900 376799245
598 756 594086221
150 66 996916732
143 76 999104394
681 816 141695726
900 941 999859472
683 700 436770994
518 125 998163340
656 174 999156580
318 975 996759757
332 685 998089476
734 725 592345628
129 604 816933407
755 839 997209599
201 815 997397110
658 389 387077608
936 935 824837518
919 612 999346226
413 931 837596154
890 449 152241006
609 668 521402436
626 574 998737486
938 244 458937528
866 337 327018175
925 982 951266312
941 856 997313954
109 558 999608889
689 537 996548899
909 900 245275899
921 466 997578538
962 786 998652269
169 247 935162239
960 721 999736138
941 943 999819505
117 801 18000820
453 749 856585264
452 19 999386036
501 694 999737574
930 871 998475077
286 414 364874989
885 945 49848325
454 688 481932413
724 743 131345217
443 375 11438920
150 365 401267786
864 981 489852483
355 347 586962721
74 859 661409746
869 933 542894274
626 572 998646075
416 639 999630992
880 753 997211742
170 347 963402226
398 843 998443496
895 463 998263601
947 701 997527172
925 917 804390986
940 875 402529945
798 949 797993971
149 123 998042904
317 245 998012204
855 856 824837518
929 917 759502860
871 922 996822354
440 98 616378160
859 340 170541593
741 726 998535045
146 703 132682448
573 162 998088365
122 222 635352590
797 868 999755743
663 558 998370411
653 482 243147093
483 402 387077608
980 956 117335930
706 642 999233381
866 711 999036168
757 116 181604473
918 364 997060554
384 440 135870803
839 769 21819222
207 463 999930212
858 847 982330641
590 115 997341146
429 846 431706080
408 824 617239356
876 256 999275956
443 427 996723191
240 205 996605125
411 747 999073487
860 451 1073897
947 978 997676125
817 383 998926765
729 885 592048126
976 962 999165789
879 669 923171596
785 663 998379035
969 849 393797092
843 782 999695437
465 407 338585233
655 752 997943830
606 906 996969874
806 884 997878761
847 215 438417836
669 34 595247732
945 987 997614830
431 176 997428009
829 922 333414624
646 642 919995621
839 921 997054704
755 577 721038490
683 891 708367507
883 504 996604469
345 354 997615154
977 613 998017353
311 572 251767671
87 934 653988664
980 481 997418079
336 878 998110186
911 947 816933407
479 189 999592259
985 970 998115630
975 971 589709484
643 493 996728315
631 871 713023072
431 577 999084640
600 549 708367507
606 614 499783959
543 582 996897534
923 289 811269103
494 877 998974542
886 894 831147325
299 69 234287365
128 43 193330890
454 53 15328564
982 900 996662819
92 541 998608151
996 775 998561880
809 782 83674413
772 528 998144885
102 147 270879871
844 868 951266312
507 948 999356078
711 181 228207177
718 629 996655625
579 911 975407044
801 616 999424931
992 990 964370185
563 523 997253727
914 775 630817099
703 910 996604702
889 379 999150600
141 947 996753995
846 833 999253888
862 896 824837518
596 592 39712491
305 327 996849381
557 890 834591715
422 894 998468238
479 711 824837518
822 815 997160179
19 805 997204339
288 394 118468866
940 427 999889855
756 651 456430541
829 957 997549361
936 775 998425848
909 106 387339899
223 500 130937995
594 386 499783959
41 437 984832440
775 984 532314299
611 631 998972403
393 607 102436947
851 994 998015244
680 219 90105003
744 817 996546662
217 701 999500083
820 796 998012999
396 819 605466951
204 281 997555631
837 763 997869764
583 818 998404477
732 359 998993210
167 179 175349058
654 889 999555069
129 913 999399697
984 656 783483166
445 706 998313343
984 875 45808983
969 490 707699240
752 409 997193411
48 490 998784238
806 523 999121370
892 843 979433259
798 130 259287052
128 489 999227256
22 907 118468866
619 183 422390793
653 655 805173342
968 957 643201700
938 921 998458508
988 742 999938507
899 475 886447853
342 253 998682650
720 554 999229820
436 4 630981130
842 491 595247732
945 702 175349058
695 934 749556024
921 837 262430538
623 915 634511556
990 328 998075538
266 822 999311390
337 211 997558824
799 887 999148027
841 977 998245717
794 799 829316447
996 868 683735339
730 939 631721630
12 128 997657328
758 591 997461244
653 999 475712272
948 956 83560025
883 831 660145331
601 959 802579007
511 461 785752859
677 752 998917058
124 626 991675478
455 853 997662214
112 120 519709076
375 366 997628305
730 457 628878186
447 925 998885792
970 959 386120665
784 406 631721630
871 901 938584122
916 956 999668993
126 288 999538892
733 294 182874039
813 826 998843979
226 194 997668010
352 894 228207177
936 786 4659446
242 148 997052119
764 394 925524023
924 720 236072613
803 838 290932565
621 521 502792100
204 372 713023072
827 823 997304078
501 836 804219684
929 596 997485784
787 816 997783255
452 247 997379943
112 4 997772130
754 512 353934322
724 593 997641625
112 618 997970900
438 255 142189829
873 882 89726323
588 681 998387202
624 750 998605284
889 789 456430541
580 559 204941
788 954 174701750
269 158 996811081
792 262 919995621
369 217 998293843
848 700 999298767
658 726 983530213
866 562 245275899
950 838 996607753
440 66 569488186
32 672 142189829
604 525 831174944
346 675 135870803
357 852 996966700
591 918 666174973
544 217 863056774
208 135 784457200
788 936 802579007
726 174 797993971
979 98 669412025
352 638 997087846
820 379 313057961
158 155 997911024
802 831 981317277
565 532 997910461
720 900 236072613
984 972 999032156
860 977 875376390
430 216 996832162
135 444 997821737
328 988 999940374
886 333 5812937
959 923 795283020
717 820 424005508
853 420 998585295
983 992 579246478
866 254 997269407
708 538 997749053
223 274 386120665
340 167 996877669
676 788 579246478
394 613 589285528
75 224 998907517
986 948 996907933
440 423 998202687
848 645 175349058
433 31 589285528
471 689 999416640
839 846 438417836
363 742 500549334
791 999 130937995
736 162 999174012
988 940 927028294
902 983 644870560
173 523 521604990
605 259 997217420
466 933 424005508
885 876 593764288
823 595 809431395
136 704 998455400
690 950 443052166
613 759 4659446
555 498 507482281
977 985 570829018
954 980 999445193
709 568 864951662
728 933 497080956
564 627 999192989
967 989 999687925
974 886 576817506
964 954 304304345
625 53 999821460
441 471 4659446
583 935 587030011
886 841 521604990
831 522 438967662
367 720 301788326
755 925 281176791
321 149 696046413
925 933 576817506
976 925 921790567
983 853 595247732
769 534 631721630
208 494 259156195
898 826 660145331
732 92 506456947
38 855 999507769
534 393 997940262
691 786 998954875
503 13 997248319
908 857 997801200
373 610 822402929
969 645 426806928
948 922 659648875
230 338 983530213
409 862 998463679
949 987 822979808
455 809 999708270
884 526 998837720
739 552 742649827
989 655 907602854
384 469 997540721
445 132 401267786
428 881 387077608
256 983 999175261
874 777 998712858
768 40 997045287
956 177 635352590
898 881 592048126
313 962 934575716
980 773 56192441
210 815 997082765
891 225 999224206
753 848 999002579
997 982 262430538
3 136 550410991
765 188 998175598
702 960 199240961
702 930 997073196
151 802 861067112
597 477 259953332
773 811 997049389
710 898 998905407
894 5 996779133
177 374 998100484
935 952 755153357
571 864 997926735
761 694 950135746
482 975 797993971
570 692 999755061
833 410 731193693
757 661 837596154
513 594 998408759
280 919 999825624
171 382 980221749
914 17 996959803
367 788 998646369
297 415 141695726
65 381 326073916
56 583 996812499
141 367 997708422
64 559 94909278
303 209 882532100
856 706 999012366
718 439 999426991
961 952 145998352
932 956 502792100
990 991 43356921
578 942 999260572
519 159 219151953
289 975 997450202
44 199 997743451
635 954 998212686
926 980 998755433
447 599 631721630
129 259 749556024
