1000 5000 0
259 236 834662072
885 82 786158641
572 251 525147698
922 793 369826967
658 341 314593160
26 538 523755457
373 602 466710732
985 771 925174892
479 214 649764465
134 952 482787789
163 885 350091667
947 593 880221333
847 85 523755457
87 255 983362902
312 887 350514790
739 808 649764465
503 291 953573174
623 847 605073576
640 742 310251131
877 941 864204810
64 788 218028199
777 915 226159825
600 931 179576377
873 19 800607027
345 466 362687171
896 529 749616419
207 90 809745852
492 214 852185063
62 948 635646780
928 572 173150808
150 434 374912802
193 913 290231800
653 121 241638151
715 107 413831955
201 627 86255817
480 670 93941651
407 864 111566402
150 470 749616419
386 725 669901075
266 997 582434808
94 944 384686343
301 897 757197720
968 351 855964895
543 101 161773090
251 974 11453213
526 730 316643662
295 840 674968898
98 657 467114026
246 254 533683581
732 1 420141815
985 909 983362902
356 616 332395061
166 61 294993670
953 739 23503430
84 103 674145920
817 633 160016440
374 715 915142124
371 213 540233780
510 656 274657344
393 401 897750620
757 759 513292372
477 65 431265957
696 486 408289237
329 348 85059494
196 543 85059494
647 512 530215777
203 591 923851089
349 472 530215777
215 529 777063696
764 557 77531037
418 841 533683581
989 216 218619326
822 837 649499272
107 160 196333835
832 765 533417701
541 78 822344564
878 730 343970279
763 288 718808311
97 672 560681266
485 514 536777251
762 104 498073739
473 972 718808311
116 541 492604031
298 971 925174892
776 229 888479348
170 323 388802265
709 666 997887295
731 79 350091667
359 474 482787789
559 881 888479348
138 15 148665694
415 665 957326891
211 891 372381435
944 406 772300238
636 439 148665694
554 969 800607027
485 177 674145920
113 626 605073576
593 764 1950068
343 618 481833180
841 412 169464851
18 732 25635723
774 771 30076029
362 256 316643662
849 454 318023111
317 72 305468346
920 609 422648469
571 569 811370444
927 122 571709131
250 924 753405564
467 278 932220081
629 956 903536350
531 837 192709216
779 549 903536350
428 658 995026367
43 953 108069575
169 979 4564142
559 945 640758966
27 873 113594559
649 257 335838540
45 472 290231800
978 328 422861195
498 475 822344564
878 836 820483210
735 381 172530251
952 653 812965685
126 241 369826967
429 931 275223263
365 271 851987365
905 762 650153329
148 740 859619154
922 438 549608061
518 536 626077095
854 79 115639215
815 342 251274279
117 827 854465637
667 894 938746148
181 350 604809558
346 318 716814217
422 152 272988317
953 487 328999718
764 546 791962489
20 858 513292372
366 463 852185063
834 600 237731806
985 810 995026367
383 596 859222531
52 3 583859468
150 19 200985090
773 197 269130455
879 355 658093060
289 708 431265957
246 60 9245325
498 829 494132994
279 490 85059494
828 364 85059494
563 58 305468346
670 370 388802265
748 777 897750620
195 575 18069894
638 128 849702581
689 673 839461611
631 749 859619154
225 576 154223682
989 578 837247892
534 369 520852923
476 409 854465637
562 316 411026960
777 81 345897483
859 72 257384476
207 972 791002487
447 596 602281351
807 403 800607027
755 227 776452379
495 474 385293697
321 247 934119670
680 375 883163018
72 9 187546411
544 287 78532550
48 71 962384433
908 356 314882452
477 282 250410339
750 112 913660909
387 88 785168653
114 965 972056721
249 41 649764465
737 247 465007655
70 847 420141815
432 472 308831908
637 76 419394493
535 867 382741875
763 505 308831908
787 404 158128628
163 994 49056674
33 319 624082080
126 951 196333835
545 641 880221333
683 752 9245325
602 998 934119670
887 152 716814217
800 996 902190307
500 546 119343754
966 511 374912802
942 677 86255817
230 44 977099054
488 177 523755457
174 36 73447858
140 625 704744235
699 159 23503430
753 701 76441027
761 754 674968898
817 172 260810639
567 423 485356958
330 965 372381435
869 456 152860556
30 522 92136764
438 25 12340943
824 659 533417701
249 111 581270662
955 238 339524849
577 913 305827390
224 73 581270662
603 2 382741875
844 928 495422546
805 994 532646377
744 600 202307166
370 208 853618968
991 612 545036366
168 577 899579364
648 38 422861195
983 798 270492098
571 348 883163018
951 97 420829606
771 982 135443172
859 404 135443172
286 568 442249131
795 493 153504381
835 512 864883546
194 531 25911561
961 579 308831908
664 327 744817052
350 812 172530251
187 34 640758966
174 544 344872114
539 636 297634371
54 459 366819622
838 100 803855286
389 80 806675338
791 111 431265957
73 733 92391723
588 667 823699980
527 965 170434892
934 193 536777251
316 815 425727895
819 605 679280856
18 458 251274279
327 785 765874668
203 416 523668697
68 495 85059494
621 546 421358274
314 765 93941651
291 818 297634371
573 926 658093060
23 873 333853179
594 260 863564198
142 921 774910563
44 655 744100191
167 559 865309908
257 443 941075093
855 21 989490963
773 69 78532550
940 517 425727895
959 965 669901075
651 665 422648469
591 297 364740945
139 308 536777251
363 88 364740945
393 153 957326891
621 516 204977386
605 886 686940584
949 543 169464851
501 667 520852923
654 373 362687171
713 432 274945463
155 346 484110506
770 888 865309908
492 935 464813050
431 884 609566863
648 575 30076029
463 662 237731806
379 517 45904984
619 329 92391723
12 927 528313847
553 570 231538428
569 255 846540417
534 497 485356958
542 762 575539846
601 532 256131985
728 848 639603050
623 467 473277608
625 409 87271126
229 891 1950068
215 778 5666108
162 735 487398226
922 411 45904984
872 492 135443172
927 215 201236240
640 107 928338637
550 987 997887295
851 607 157230651
965 334 316335191
486 72 269130455
452 990 869059850
636 563 314155830
302 12 385293697
448 19 586618497
294 379 861570200
656 758 97090400
439 252 505547400
268 661 957326891
162 103 187546411
763 266 352132588
294 507 221490490
418 344 849702581
868 544 565046642
618 937 863564198
251 973 842472766
893 331 837247892
212 95 514861060
221 407 826927773
36 695 848065642
173 982 775817666
650 724 251274279
17 907 135443172
867 192 852185063
34 442 968750281
995 899 814806911
720 409 28525723
650 964 92391723
269 148 716814217
313 289 803984605
497 591 453095121
780 561 425727895
645 25 995026367
692 290 153504381
693 270 464813050
418 189 319818527
366 909 351749579
202 983 274657344
144 145 501639964
969 820 314155830
120 492 972056721
87 259 422648469
784 347 806675338
97 320 775817666
628 467 600855877
121 154 855964895
358 601 962242101
24 257 812366386
101 258 749616419
736 766 388802265
862 72 110699716
811 620 818780705
109 792 379392151
131 939 516519154
528 143 863564198
319 245 620542393
730 639 545145130
267 586 422861195
936 130 307823575
402 945 481833180
91 925 581270662
188 246 375006922
694 480 317417484
897 485 314155830
166 349 199203829
35 10 560607839
244 171 250410339
445 507 617670153
903 219 104456492
372 513 212906897
289 615 29799944
922 830 354506185
167 591 800607027
333 429 352132588
110 184 540233780
883 177 84574338
349 7 495422546
382 826 686940584
852 115 374912802
536 972 997887295
675 324 810219649
440 961 1248129
163 522 152356280
756 3 465157772
222 216 413359757
484 926 9245325
775 2 594560673
604 349 609566863
335 36 897750620
291 266 12553351
601 144 880221333
97 915 465157772
388 296 369970314
767 975 331205077
833 182 897750620
460 98 275223263
332 365 501639964
664 467 201236240
754 939 899579364
966 669 925174892
21 506 87271126
972 910 135443172
646 421 626077095
289 842 640758966
745 272 354506185
310 450 928338637
247 567 640758966
602 156 741675059
940 564 622801795
919 956 864204810
426 599 319818527
403 886 339524849
259 187 505547400
833 460 344872114
983 778 92391723
232 435 812366386
146 327 9245325
956 385 443063547
70 202 549353997
4 700 837247892
191 862 55864059
74 463 831950752
188 721 888479348
880 925 251274279
882 63 399474927
694 685 384686343
226 792 86871613
459 455 806675338
977 319 56557253
21 427 406147289
133 321 600855877
383 646 45904984
654 960 89018637
134 705 2819875
527 457 246650899
22 876 308831908
24 981 305827390
557 425 1248129
517 274 431265957
530 799 351749579
71 781 113594559
260 136 655821177
878 322 786158641
621 606 379392151
710 184 82933786
376 183 308831908
492 950 626077095
215 954 852185063
641 769 169464851
120 622 997887295
314 423 5666108
751 23 317417484
40 803 530826382
525 579 465007655
385 66 437509555
398 748 521349501
847 725 310251131
408 170 590307430
874 299 509868394
280 692 237731806
734 233 200985090
402 86 200985090
787 224 761940870
267 139 413359757
233 889 28525723
911 215 880221333
912 205 82933786
315 86 600855877
422 58 221490490
636 668 932220081
461 124 221490490
580 395 791923327
566 177 747396407
833 809 668907837
8 651 600855877
864 530 995026367
108 941 953573174
430 804 679280856
851 461 350514790
787 135 776452379
478 943 314593160
850 847 859652133
510 930 92391723
723 797 809745852
778 740 77531037
649 709 803855286
918 295 899579364
451 885 319818527
259 632 729162780
876 629 369826967
194 391 925174892
352 887 185906876
277 784 492604031
869 806 863564198
780 718 536777251
891 652 2819875
684 411 658093060
439 567 869059850
168 688 622415330
50 741 334387198
544 871 903536350
856 898 374912802
635 962 111566402
913 91 390562325
904 29 259163613
419 918 620542393
262 828 229393394
234 69 152860556
936 307 853640803
793 845 290231800
746 421 552674424
612 377 294993670
571 31 997887295
661 169 196065673
46 345 216196495
426 383 105186918
376 958 188323638
222 367 671649154
465 328 382741875
474 227 453095121
465 594 153504381
331 550 11453213
315 835 113594559
358 481 86255817
299 581 115639215
936 337 1950068
663 496 804274488
200 60 148665694
521 384 206878990
510 378 544561209
290 743 494132994
614 262 279488905
660 361 887518211
384 295 650153329
791 596 334387198
766 311 91850139
13 454 962384433
898 75 417844688
689 489 317334691
782 527 419394493
782 143 560607839
658 902 810219649
446 273 511781000
483 657 837616197
954 178 842472766
553 337 575539846
235 244 327077096
159 682 789131555
30 973 331205077
868 905 859652133
771 592 91850139
530 795 887767796
406 927 413359757
248 88 307823575
959 827 450634554
906 672 95406265
860 987 119343754
676 911 482787789
452 950 14378994
134 644 814806911
228 930 812965685
958 414 533417701
140 999 89018637
164 263 241638151
36 627 104171294
802 736 597873171
472 151 25635723
543 967 775817666
108 815 837672332
544 453 375006922
226 760 774910563
808 635 991037657
95 468 218028199
356 102 791002487
875 505 521349501
311 857 495422546
240 953 639603050
836 4 179576377
724 502 828191909
837 962 985355552
499 407 399474927
546 149 828191909
722 367 465007655
696 380 896173878
26 267 234126173
311 105 324853513
318 922 520196516
598 223 310251131
286 34 382741875
182 648 888028893
430 494 91850139
866 624 229644119
790 44 878688423
98 946 648614989
777 882 888479348
576 139 113594559
938 630 12553351
723 688 154223682
432 77 469924091
62 115 977836081
360 825 89018637
207 901 839461611
161 37 257285509
113 648 30076029
601 140 818780705
95 955 359463038
422 638 297634371
528 129 237731806
762 325 45904984
620 521 262612964
863 6 864204810
51 351 314155830
561 76 450634554
338 679 828191909
626 673 115639215
425 345 86255817
965 137 307823575
934 441 92391723
677 697 939868142
582 621 660007450
938 246 822344564
178 794 104171294
859 954 576121152
76 322 598980105
422 59 521349501
354 947 983019262
631 824 314882452
708 118 744817052
892 263 111566402
705 772 888028893
863 198 582434808
121 543 422861195
250 636 197226211
679 612 82942437
413 885 590307430
750 636 259163613
671 540 782076384
57 270 850611607
450 530 586618497
158 62 513292372
979 271 764141898
245 492 92136764
932 508 848065642
74 393 991037657
802 911 200985090
491 281 521349501
87 753 33052518
760 296 11453213
555 587 546180757
65 621 649764465
176 889 540233780
753 519 91850139
853 137 624082080
427 435 485356958
843 428 251274279
42 334 738432608
339 615 110699716
83 732 576121152
273 704 791002487
19 141 896173878
831 149 316643662
108 608 362687171
508 269 520852923
10 53 5666108
127 251 634133497
826 209 425727895
152 683 80358482
312 215 738432608
65 957 421358274
556 485 545145130
371 605 498073739
770 154 831950752
35 934 939868142
311 992 196065673
494 799 2819875
356 711 785168653
707 968 275223263
556 201 812965685
459 229 359463038
931 107 467114026
99 611 274945463
39 634 848065642
756 383 519167721
706 2 554539298
277 552 786158641
861 625 583859468
357 399 546180757
188 195 494132994
934 76 153504381
90 125 307823575
2 436 212906897
334 915 375006922
429 314 269130455
628 397 660007450
479 953 977099054
444 215 913660909
264 494 704744235
147 689 507939290
738 428 747396407
782 993 382531102
384 559 523668697
814 556 716954024
56 954 9245325
934 237 369826967
962 849 87271126
78 99 354506185
418 391 716814217
569 475 418094870
930 231 634133497
381 524 902190307
261 559 80358482
382 197 9245325
827 446 366819622
93 970 339524849
272 976 201236240
105 1000 241638151
609 204 385293697
89 585 290231800
601 848 103210278
49 156 453095121
315 867 274945463
927 686 598980105
340 308 420829606
171 463 73447858
215 956 82933786
157 676 968750281
176 324 334387198
171 144 842472766
16 857 997887295
726 868 314155830
478 576 135443172
847 537 372381435
386 749 904443197
984 36 586618497
394 597 105414915
44 988 953573174
461 791 333853179
275 23 251274279
142 692 850611607
859 829 189018446
995 309 272988317
583 543 823699980
943 293 487398226
339 138 324853513
156 119 297634371
702 413 345897483
768 840 305468346
545 312 751700563
354 11 598980105
706 565 80358482
55 575 613247612
606 242 609566863
469 893 520852923
471 771 850611607
199 962 485356958
770 437 791962489
905 788 262612964
863 260 853004470
823 819 375006922
610 258 495422546
728 47 196065673
777 110 528313847
165 900 751700563
994 292 705434484
953 78 689259455
642 410 809745852
147 5 9245325
326 361 586618497
369 8 272988317
898 646 519167721
439 173 297634371
548 954 831950752
664 939 846540417
98 305 655821177
106 571 232328375
76 450 853618968
263 712 221490490
510 170 225401409
61 14 915142124
515 948 350514790
395 703 624082080
467 296 290848362
624 790 365611607
248 459 747396407
962 353 814806911
428 284 640942121
590 993 962242101
293 779 853640803
165 509 636411184
513 723 465157772
574 633 4564142
22 307 523755457
839 151 369826967
98 285 487398226
377 324 80358482
98 217 598980105
896 435 148665694
716 809 660007450
981 976 751700563
390 246 49056674
779 667 932220081
971 606 968750281
38 54 382531102
481 560 231538428
392 408 528313847
381 171 218619326
789 689 617670153
781 820 350091667
714 617 260810639
362 845 462680375
132 660 995026367
687 681 549608061
462 933 251274279
956 396 77531037
589 619 513292372
926 97 458751257
219 269 598980105
186 138 83315894
729 728 803984605
249 368 523755457
92 483 912610272
657 895 859652133
925 523 157230651
96 79 897750620
851 220 487203250
179 978 350514790
230 631 152356280
617 68 869156159
305 618 854465637
177 782 80358482
96 821 533683581
805 112 241638151
240 28 494132994
920 274 484110506
733 196 921206188
683 350 674968898
526 994 314882452
858 757 803855286
825 835 660108056
432 603 200985090
257 715 274945463
885 698 565046642
601 300 362687171
228 968 840885915
494 306 939868142
743 963 887767796
89 28 671649154
956 747 918818897
154 394 765874668
917 944 521349501
847 490 741675059
986 64 749616419
238 904 514861060
316 763 582434808
843 987 48298478
613 10 332395061
947 993 229644119
558 78 388802265
692 32 152860556
357 643 757197720
433 783 937873491
786 138 749616419
561 550 48298478
929 440 328999718
648 858 503076339
638 424 246650899
598 917 855442074
175 152 334387198
635 538 769531881
263 32 161773090
826 318 241638151
242 914 232328375
166 400 113594559
767 426 692207708
697 448 3686963
517 283 912610272
464 793 216196495
849 559 810219649
177 336 854465637
843 80 722948936
520 905 250410339
483 417 918711936
907 976 840885915
642 758 899579364
38 552 483782926
879 721 23503430
782 628 660108056
948 276 820483210
587 16 366819622
784 431 382741875
536 138 495422546
634 243 105186918
307 680 316643662
281 95 82942437
210 764 658093060
898 961 776452379
199 793 487398226
786 908 882135444
218 996 863564198
838 524 729162780
293 674 369970314
692 898 411026960
203 123 956784431
997 545 318653427
270 944 882135444
982 90 249754454
642 620 318023111
881 376 231361994
213 90 889042858
515 884 25635723
715 206 785168653
783 413 741675059
987 303 581270662
995 940 25911561
83 559 566069828
690 568 97090400
994 468 12562524
650 864 776646048
741 985 330624044
617 388 786158641
916 346 413359757
426 719 350091667
9 420 837616197
846 651 173150808
680 405 2819875
890 749 104171294
165 806 888417883
4 395 196333835
735 687 855964895
365 67 274657344
507 264 170434892
652 551 379392151
524 923 855442074
304 131 196065673
980 117 899579364
806 864 913088857
796 715 839972890
461 265 757197720
167 678 316335191
1 721 332395061
816 157 530826382
803 355 889042858
821 850 776452379
140 595 871525980
150 641 797890707
970 691 883163018
664 800 188323638
208 277 262612964
222 171 119343754
801 917 622801795
159 23 938746148
205 837 18069894
889 966 962242101
828 860 86255817
707 239 399474927
95 482 87271126
633 56 12553351
921 126 251274279
870 759 946540096
333 203 523668697
326 68 487203250
813 748 73447858
939 691 839729942
581 195 818780705
965 190 113314814
886 253 199203829
504 186 318653427
533 327 528313847
344 540 108069575
547 237 487398226
865 571 330624044
449 306 97090400
717 400 734999297
41 654 812366386
367 268 620542393
36 496 401372834
684 357 49056674
404 933 871525980
642 472 269130455
180 323 185906876
764 727 93941651
660 584 849702581
554 799 826927773
127 243 536777251
394 37 791002487
298 324 327077096
185 352 86871613
438 863 809745852
532 533 786158641
277 616 521349501
883 679 549353997
996 529 998025879
405 589 998014090
897 973 600855877
535 735 999977216
500 459 440751518
82 925 352132588
363 985 999381205
627 791 388802265
956 522 560607839
713 782 791923327
719 894 998258753
453 998 962242101
116 939 185906876
656 110 554539298
431 697 998225067
870 886 999115679
636 569 891254694
138 777 825885455
928 74 440751518
797 184 307823575
993 650 887518211
594 932 495422546
10 848 859652133
994 993 604809558
988 307 999152616
633 763 999184271
623 681 326880337
304 842 104171294
490 808 170434892
981 845 111566402
805 759 997934877
944 900 918711936
667 935 552674424
666 579 888028893
894 893 80358482
993 885 820483210
266 520 998874558
718 272 998262293
199 481 814806911
925 873 270492098
800 682 274657344
597 512 324853513
286 839 769531881
285 202 999012108
782 963 658093060
863 900 999335523
14 44 669901075
1000 995 411026960
195 785 998146228
301 266 831950752
426 750 622801795
109 517 622415330
746 837 789131555
994 794 998897172
966 627 201236240
905 514 777063696
985 867 998341860
345 264 820483210
792 816 78532550
814 564 318653427
676 558 999533463
848 947 859222531
859 680 546180757
377 418 671649154
8 832 413359757
886 973 937873491
1000 660 937873491
839 935 167736744
882 651 521349501
649 263 51688579
782 885 869156159
918 326 812366386
23 281 382741875
275 150 351749579
351 704 256131985
632 335 76441027
928 996 30076029
784 842 339524849
299 129 991037657
48 468 998883052
284 864 532646377
615 340 257384476
366 241 216398782
70 811 554539298
210 123 703950153
314 433 169464851
48 399 324853513
787 327 80358482
984 668 606247681
923 675 379392151
321 749 998932604
827 664 366819622
697 933 446254301
537 697 152356280
850 981 421358274
920 816 218619326
652 495 839972890
137 547 56557253
827 148 999650035
651 969 4564142
816 757 93941651
231 495 624082080
782 943 797890707
659 436 999367514
278 6 560607839
836 936 655821177
159 199 80358482
247 911 985355552
752 824 880221333
77 802 624082080
757 608 622415330
735 875 533417701
579 376 12561010
259 480 469924091
836 949 582434808
669 222 262612964
834 424 722448049
270 590 888479348
578 974 814806911
782 985 422648469
986 489 384686343
582 734 639603050
121 604 108324860
64 614 92391723
410 58 251274279
866 996 825885455
1000 956 530826382
806 796 837247892
510 181 108191802
311 802 113594559
432 232 853004470
235 412 350514790
829 518 110699716
880 881 998819803
946 830 998995076
55 241 716954024
826 773 855442074
945 838 246650899
700 192 701399687
530 802 725538560
893 162 998037180
917 16 744100191
468 961 583859468
952 991 421358274
271 204 339524849
590 271 514861060
185 188 225401409
968 995 249754454
955 1000 998781076
735 932 105414915
733 764 92391723
756 507 998137859
736 266 226159825
522 458 999789094
786 815 540233780
827 870 314155830
945 635 194718384
992 766 485325198
863 3 998242883
812 397 520196516
423 169 328999718
480 205 104171294
902 711 200985090
811 677 108324860
616 789 998474921
557 614 231538428
489 234 809745852
856 959 747396407
81 452 837616197
967 960 196065673
655 294 998604283
595 593 113314814
106 338 437509555
458 474 823699980
239 825 374912802
567 242 998827176
235 960 170434892
150 255 998517379
482 511 330624044
790 954 241638151
614 781 185906876
854 886 1950068
756 744 878688423
541 818 624082080
637 246 197226211
534 383 734999297
1 955 861570200
700 44 152860556
657 552 859619154
759 926 241638151
858 829 997974423
137 859 859652133
917 218 93941651
656 443 590307430
889 724 416465853
889 807 839972890
689 309 77531037
635 620 620542393
730 981 256131985
680 549 888028893
634 975 999071730
880 958 812366386
203 780 203281453
985 607 153504381
702 181 716814217
474 933 86871613
332 567 704744235
487 30 189018446
957 929 999760498
446 625 86255817
987 980 137835645
495 568 339524849
742 695 170434892
772 824 998653614
870 939 998288208
714 998 989490963
619 68 588632600
383 246 110699716
853 626 406147289
950 935 888028893
238 817 962305240
418 531 998130468
847 948 977099054
973 980 998242811
131 446 256131985
374 436 170434892
505 568 999740182
971 963 999002937
17 715 223863549
238 882 999219891
565 964 237731806
667 846 330624044
964 967 231361994
620 779 467114026
746 213 999423342
546 903 999899929
878 816 957175048
562 756 82942437
814 645 861570200
926 662 262612964
838 998 218028199
425 50 899579364
890 997 998568626
483 670 640758966
667 550 484110506
772 876 157230651
696 654 999213069
504 528 374912802
457 702 204977386
350 365 30076029
678 150 544561209
493 812 51688579
62 982 234126173
329 106 38673067
465 477 364740945
918 887 850611607
915 938 417844688
896 788 385293697
535 981 256131985
93 723 511781000
765 638 487203250
909 853 729162780
864 950 372381435
505 637 353463036
523 935 891254694
639 261 826927773
896 848 455987882
995 905 137835645
575 370 923851089
922 718 425727895
973 925 609566863
296 598 624082080
827 691 318653427
931 752 999917230
29 252 3686963
677 733 481833180
906 940 316335191
995 997 738432608
314 415 530215777
278 464 997975667
923 967 375006922
578 524 342957713
894 896 704744235
277 367 953573174
995 993 492604031
791 787 93941651
456 412 413359757
283 681 729162780
664 709 903536350
906 937 999013865
73 532 498073739
8 142 154223682
83 599 318023111
611 460 229393394
620 570 823699980
830 64 999107965
728 991 465007655
493 91 839461611
580 609 249754454
813 194 776646048
308 252 999749885
20 414 158128628
773 813 279488905
272 845 169464851
790 367 931339298
414 119 999570669
865 747 406147289
679 432 422861195
861 628 883163018
970 735 804274488
536 867 769531881
364 144 369970314
948 511 259163613
970 304 328999718
995 981 998874829
625 992 640758966
439 263 938746148
681 783 655821177
146 4 274657344
958 513 999889563
928 765 237731806
90 389 609566863
920 832 9245325
840 498 998264917
675 595 28525723
911 828 530215777
908 995 791923327
588 990 853618968
857 841 738432608
664 318 350091667
952 914 417844688
995 961 649499272
569 644 887518211
999 984 422861195
888 899 37430480
192 823 513292372
952 996 825885455
21 442 507939290
111 12 851987365
476 875 93941651
880 370 111566402
945 800 999789393
882 42 257811519
865 61 513292372
934 906 817343125
275 987 246650899
101 813 828191909
434 408 462680375
430 920 777063696
296 254 467114026
365 357 481833180
745 894 776452379
971 909 196065673
640 631 335838540
856 652 761940870
525 954 113594559
974 973 384686343
328 351 850611607
254 670 692207708
178 370 431265957
640 450 791002487
959 90 586618497
475 615 880221333
901 537 674968898
983 994 598980105
97 999 225401409
817 917 834662072
804 512 669901075
687 378 416465853
919 964 25635723
648 678 332395061
323 441 602281351
539 334 487398226
869 865 999634135
258 248 188323638
718 696 335838540
722 169 317417484
526 744 318653427
875 809 998860201
992 872 108191802
880 483 485325198
965 670 962384433
918 403 197226211
60 620 998094710
675 919 366819622
175 473 848065642
520 424 467885544
650 843 669901075
941 987 160016440
895 981 51688579
180 261 609566863
976 977 946540096
292 357 991037657
906 970 626077095
999 782 213278874
821 988 853004470
845 960 581270662
753 846 153504381
984 819 953573174
998 1000 536777251
166 662 999680427
733 673 999341990
716 264 998774998
808 596 999842985
606 913 350514790
997 967 249754454
647 641 92391723
498 232 674968898
561 969 115639215
987 622 772300238
852 546 812366386
423 648 853004470
772 935 249754454
88 664 565046642
992 616 332395061
512 633 351749579
611 430 839972890
413 614 888417883
236 873 904443197
398 960 998310105
656 484 826927773
908 845 234126173
738 972 256131985
981 894 837616197
989 193 963666647
923 938 147121515
231 459 983362902
525 994 674968898
573 451 814753243
429 518 443063547
308 826 864204810
969 39 969485257
790 670 806675338
469 507 229644119
607 336 703950153
109 428 48298478
770 248 455987882
770 493 154223682
925 487 999951173
682 404 234126173
217 926 507939290
829 849 999574965
165 816 822344564
822 829 828191909
693 623 317417484
764 375 999982100
652 501 523755457
788 745 869156159
855 425 769531881
485 742 520196516
995 990 324853513
692 305 364740945
967 988 998295445
192 724 999994772
454 941 586618497
442 382 939868142
988 948 902190307
923 664 999918590
180 127 200985090
89 589 741675059
817 823 998377355
414 616 359463038
652 940 382166198
721 588 399474927
769 997 931339298
798 223 776646048
956 625 904443197
646 232 586618497
546 812 999046634
992 840 422648469
944 113 379392151
933 117 364740945
722 737 507939290
878 565 938746148
564 104 362687171
650 41 274945463
53 50 884731806
713 878 932220081
866 378 185906876
231 278 213278874
302 151 864204810
680 940 809745852
75 817 620542393
906 981 85059494
623 360 89018637
557 415 617670153
718 907 14378994
156 68 932220081
890 885 985355552
795 951 464813050
818 959 999953184
850 628 850611607
262 820 999202041
128 840 999538373
999 1000 455987882
706 611 390562325
888 854 342957713
393 861 859222531
446 983 469924091
556 346 977836081
328 98 202307166
729 882 617670153
984 957 549608061
978 377 998953299
520 739 896173878
538 316 223863549
849 787 864883546
960 523 953573174
322 528 753405564
396 982 887518211
855 888 104456492
834 821 803855286
616 484 774910563
126 519 738432608
276 548 189018446
857 786 257811519
870 185 679280856
356 57 999083951
878 901 350514790
533 511 889042858
749 139 705434484
61 614 89018637
78 889 999300913
176 606 339524849
807 909 999066853
779 791 104456492
978 716 999579690
632 337 431265957
598 678 883163018
702 685 554539298
833 691 921206188
903 280 998873472
229 282 871525980
666 749 689259455
55 901 545145130
267 482 462680375
733 738 316643662
891 831 520852923
952 821 972056721
827 647 586618497
433 397 173150808
643 582 999420579
385 997 189018446
904 853 734999297
563 364 516519154
626 946 86255817
885 837 523668697
147 329 999353935
850 908 1248129
705 460 552674424
569 41 931339298
268 13 523755457
352 641 999053997
678 1000 686940584
605 40 38673067
880 943 998520146
872 374 795788578
860 857 513292372
210 305 462680375
889 454 855964895
407 973 839461611
937 151 229644119
260 533 896173878
531 868 888479348
813 958 560607839
707 611 316335191
585 196 188323638
962 19 776646048
843 901 912610272
942 658 999497292
947 968 999345646
262 706 846540417
697 32 113314814
861 311 999434683
963 990 179576377
526 644 999438276
826 724 199203829
766 621 520196516
571 524 30076029
633 601 999777060
826 937 331205077
619 234 343970279
527 97 111566402
877 691 249754454
819 926 28525723
253 589 437509555
972 995 998902145
877 682 972056721
339 236 998275285
923 384 998185208
944 946 105414915
992 984 806675338
618 985 324853513
21 304 834662072
772 78 513172567
798 98 776646048
310 422 998172172
663 827 812965685
995 858 23503430
984 993 998058415
816 690 999295835
266 129 998746998
893 410 999508175
609 994 999734834
905 397 1950068
930 437 834662072
857 731 809745852
808 652 913660909
819 792 999902238
539 126 583859468
466 494 58165963
127 859 998790507
387 764 999109618
792 405 369970314
472 828 513172567
781 76 977836081
983 999 352132588
534 898 999093554
386 374 137835645
536 947 33052518
993 951 953573174
33 150 25911561
931 174 87271126
925 953 999001877
904 663 241638151
944 971 600855877
174 949 998471058
960 881 275223263
965 996 941075093
259 528 206878990
721 605 998624133
469 718 49056674
197 818 650153329
800 908 55864059
837 433 419394493
516 192 492604031
240 275 507939290
669 962 998973056
108 859 786158641
148 477 408289237
504 659 811370444
598 411 590307430
570 630 600855877
256 130 530826382
793 955 513172567
997 999 999452010
938 659 335838540
948 964 87271126
992 989 882135444
868 825 722448049
246 776 998777383
177 651 560681266
489 364 774910563
676 452 903536350
29 394 840885915
939 430 89018637
958 486 249754454
949 243 938746148
220 904 305468346
558 157 998347966
423 637 998574999
863 587 998881184
780 386 882135444
663 402 335838540
955 947 318023111
733 897 382166198
89 917 206878990
209 572 998306395
994 1000 999733661
468 678 925174892
852 861 660007450
84 416 179576377
389 884 91850139
172 514 999167300
219 892 87271126
306 105 871525980
874 917 998762560
517 556 998629514
573 306 270492098
143 219 453095121
768 502 999361779
695 971 904365235
944 799 998184014
536 514 753405564
967 802 817343125
994 538 888479348
480 656 839729942
49 727 519167721
876 429 671649154
659 266 998879018
998 976 32820663
651 35 401372834
618 784 503076339
568 680 77531037
451 653 583859468
785 684 327077096
436 220 932220081
609 676 590307430
845 998 257811519
425 699 649499272
630 692 757197720
299 19 12340943
822 724 851987365
752 942 999362861
221 781 264545377
578 68 14378994
852 528 999200815
720 614 962305240
860 905 655821177
686 658 823699980
703 764 999815355
664 35 853618968
602 14 594560673
498 532 469924091
399 87 464813050
924 558 998891629
368 710 206878990
948 977 962384433
515 176 188323638
290 766 888479348
664 518 999587650
563 31 425727895
827 905 999810111
347 104 853618968
576 287 837616197
717 603 232328375
921 968 923851089
274 441 431265957
89 234 997989932
697 171 467885544
237 305 85059494
348 613 104456492
422 98 225401409
984 929 878688423
526 822 494132994
825 808 624082080
423 980 998492925
505 192 420829606
855 949 221490490
43 595 105414915
904 695 998144356
992 960 536777251
960 908 861570200
809 834 998514428
772 813 999028541
836 761 566069828
290 802 837247892
542 793 202307166
109 841 450738839
500 688 172530251
467 160 218028199
85 970 372381435
559 80 513292372
563 612 130117454
924 679 934119670
398 822 999782268
837 610 413359757
318 862 998262175
681 154 998028103
885 656 351749579
972 346 440751518
895 69 501639964
874 581 269130455
846 977 481833180
950 798 406147289
886 977 411026960
182 263 93941651
312 876 998124781
934 967 789131555
784 910 1950068
385 525 455987882
795 568 998749457
921 174 203281453
1000 289 507939290
655 825 498073739
717 686 537865352
643 913 999374594
924 956 147775417
826 988 216196495
896 344 12340943
676 640 671649154
781 709 84574338
997 879 998915348
434 432 725538560
963 375 999409742
201 779 204977386
843 877 582889005
633 875 45904984
890 928 814753243
340 223 55864059
876 996 104171294
155 225 749616419
893 951 848065642
549 586 487398226
981 987 158128628
801 772 777063696
595 291 223863549
779 189 199203829
91 663 135443172
750 508 999882681
993 962 532646377
630 533 498073739
452 939 998936590
951 528 848065642
532 247 846540417
797 355 998147705
653 679 82942437
224 313 962242101
331 327 274945463
276 911 185906876
912 478 849702581
892 464 316643662
949 644 305468346
766 732 998441378
982 678 751700563
912 150 674145920
459 557 865309908
460 700 999031836
104 27 999445926
130 972 305827390
737 926 823699980
242 761 998852709
911 775 998968290
191 292 274657344
894 746 998492565
805 780 869059850
860 839 113594559
480 902 388802265
830 921 179576377
672 203 590307430
300 98 998385786
274 512 153504381
13 329 225401409
588 482 226159825
192 400 466710732
610 72 998685150
473 347 158128628
144 25 999079331
153 31 25635723
412 548 465007655
447 699 173150808
488 798 246650899
904 743 204977386
524 83 953573174
135 349 855964895
962 874 818780705
131 900 751700563
634 937 998393761
893 874 229393394
133 13 888028893
752 941 231361994
755 545 586618497
782 732 747396407
465 429 560681266
912 1000 119343754
913 182 991037657
338 298 201236240
903 220 566069828
711 762 253126001
685 888 350514790
481 563 999526409
648 221 600855877
271 635 290231800
747 42 455987882
756 367 998557798
109 310 544561209
621 761 997942586
195 927 729162780
480 857 582434808
998 975 738432608
877 624 576121152
854 981 883163018
504 52 170434892
778 934 999356037
991 450 317334691
217 365 92391723
187 425 963666647
299 858 411026960
256 585 882135444
863 957 218028199
88 39 158128628
773 142 12553351
39 82 998090870
308 588 201236240
988 923 825885455
896 816 482787789
881 799 962384433
772 777 999144352
969 979 330624044
448 678 560607839
667 431 999438778
872 875 999994925
535 835 108191802
969 990 86871613
814 974 882135444
287 631 977836081
655 904 231361994
740 447 999984879
541 120 484110506
717 939 487203250
896 873 352132588
300 199 812965685
933 951 998012288
720 623 85059494
121 700 37430480
980 985 437509555
692 768 998149026
847 685 514861060
248 302 104171294
841 838 575539846
827 872 998344472
309 423 972056721
932 896 365611607
331 246 509868394
689 807 16475824
924 284 119343754
759 952 450738839
597 15 751700563
982 956 104171294
882 976 891254694
266 894 869156159
613 813 218028199
210 933 231361994
974 441 87271126
500 328 669901075
373 271 95406265
603 393 519167721
757 551 998156952
948 759 888417883
157 734 481833180
608 177 859222531
878 876 999555816
664 345 744817052
915 603 620542393
572 619 820483210
36 80 12215862
798 244 196333835
817 902 495422546
370 544 85059494
393 148 869156159
752 546 440751518
939 892 546180757
821 764 32820663
80 750 275223263
608 620 29799944
210 507 999557812
722 921 999495960
158 658 962384433
689 273 999474158
61 374 28525723
709 981 382166198
362 360 169464851
919 311 95406265
596 904 467885544
183 538 999604651
716 690 193477113
991 774 998171548
754 936 12553351
517 691 331205077
609 933 469924091
959 417 483976302
650 978 761940870
343 695 998770473
811 781 998920281
967 981 11453213
998 837 747396407
984 579 649764465
499 748 998084889
954 688 999397113
128 702 422648469
279 950 998916882
358 542 528313847
982 961 998377281
599 600 1950068
321 551 999648996
168 465 999774520
918 923 998179834
961 914 115639215
779 813 241638151
758 482 998883717
518 116 999924735
596 175 379392151
687 728 331205077
176 644 998779946
916 943 932220081
677 994 903536350
568 762 963666647
701 62 983019262
423 942 92136764
111 352 466710732
771 964 814753243
384 32 606247681
294 706 237731806
990 725 999284568
905 669 103210278
564 794 605073576
538 776 153504381
507 439 734999297
594 130 169464851
997 993 999488375
977 984 326880337
833 989 9245325
709 285 809745852
711 977 147121515
747 961 390562325
224 276 998087686
806 12 999720366
984 928 216398782
474 540 962384433
857 291 582434808
924 791 999617097
129 330 999502765
74 164 998744213
591 260 668907837
975 989 772300238
586 682 998372027
949 943 772300238
876 160 999236161
314 625 362687171
367 437 290848362
394 299 417844688
283 263 153504381
444 300 998830017
992 983 999951266
914 523 853640803
836 576 689259455
891 44 703950153
859 733 533417701
560 568 998170385
689 988 314882452
288 860 998336968
966 57 58165963
297 342 159589310
489 867 388802265
802 835 317417484
980 953 576121152
968 942 999951311
385 796 9245325
489 102 747396407
992 895 484110506
642 957 891254694
904 926 272988317
101 507 904365235
104 338 92136764
429 131 998859689
216 944 330624044
98 939 789131555
800 66 108069575
236 642 852185063
524 939 999910308
467 373 725538560
824 547 809745852
57 904 704744235
487 997 108324860
786 636 212906897
568 857 318653427
447 603 998529608
974 986 846540417
763 502 999685290
16 671 912610272
583 765 650153329
604 270 757197720
381 415 999987965
995 965 270492098
920 948 999607694
874 835 316643662
731 590 668907837
706 772 453095121
431 422 671649154
248 549 234126173
994 997 280548311
752 443 818780705
998 864 269130455
6 168 722948936
647 972 196333835
638 697 613247612
476 595 212906897
953 970 3686963
606 629 113594559
590 451 231538428
790 691 897750620
992 874 617670153
920 121 999619212
827 501 962384433
493 959 202307166
47 293 465157772
137 406 437509555
225 806 705434484
451 478 308831908
687 434 30076029
955 488 674145920
730 799 991037657
760 833 998871314
640 534 837672332
922 569 999289774
791 436 998603299
221 36 989490963
340 100 511781000
389 891 25911561
732 208 668907837
910 918 649764465
185 984 998746973
238 709 290848362
834 831 839729942
914 733 4564142
332 871 703950153
437 917 837247892
642 329 279488905
846 450 863564198
625 711 939868142
926 908 462680375
123 131 154223682
149 189 5666108
755 822 998576318
991 660 416465853
967 972 999673195
68 552 332395061
940 146 998053570
893 908 49056674
942 934 795788578
47 183 716954024
303 810 998199698
341 15 998776549
950 889 498073739
314 234 999218693
804 697 93941651
494 347 953573174
396 461 147121515
748 977 422648469
953 904 446254301
532 5 333853179
314 798 25911561
718 505 622801795
838 839 317417484
976 281 998510730
509 62 249754454
907 387 626077095
812 115 744817052
449 3 203281453
97 472 342957713
322 226 999413269
894 753 509868394
205 384 705434484
142 393 846540417
725 829 997921358
14 486 425727895
374 83 725538560
955 982 671649154
296 654 351749579
963 150 888028893
739 990 540233780
912 965 487398226
944 633 839972890
894 889 372381435
823 448 998693533
113 33 777063696
402 117 362687171
226 467 624082080
19 344 998909227
938 426 999553773
734 148 521349501
69 130 791962489
489 911 999440225
495 169 487203250
601 828 318023111
957 958 152860556
779 803 649499272
272 546 77531037
891 854 602281351
908 738 173150808
919 890 999732405
994 813 513172567
888 852 649764465
826 884 888479348
956 997 431265957
758 818 998171007
942 199 999432480
411 900 998916040
169 852 530826382
812 585 998236231
890 896 350091667
269 993 912610272
338 62 160016440
688 757 318023111
387 693 999068208
966 977 931339298
836 147 803984605
278 61 977836081
989 983 671649154
736 267 761940870
901 988 997911034
568 794 999794626
708 443 516519154
808 869 104456492
428 195 87271126
106 933 999342135
763 981 998175884
769 213 119343754
421 753 852185063
707 879 568296356
232 664 962305240
210 119 269130455
477 765 705434484
872 618 501639964
906 786 318653427
916 659 921206188
558 227 640942121
107 822 113594559
748 912 494132994
953 261 172530251
704 64 998704754
847 879 991037657
173 953 998092210
960 857 485356958
781 803 998084690
67 264 817343125
92 747 998578032
861 951 130117454
150 810 545145130
756 884 999700962
983 726 865309908
533 894 991037657
959 556 251274279
511 472 761940870
648 991 999965271
291 609 330624044
697 20 899579364
834 70 725538560
919 830 999553425
910 22 598980105
858 853 622801795
745 984 549353997
736 485 800607027
930 563 998202317
150 508 998289759
549 900 999902527
986 943 4564142
312 475 494132994
943 930 859619154
996 972 167736744
980 984 528313847
555 468 998105535
355 353 193477113
834 356 963666647
594 716 256131985
131 525 343970279
688 647 257285509
658 716 962384433
536 564 269130455
625 131 999788748
600 632 565046642
958 512 536777251
839 90 196333835
163 986 432097366
564 83 854465637
864 907 998159760
595 404 998897291
916 996 668907837
506 629 147121515
333 954 364740945
649 724 169464851
808 668 999716028
866 600 999972247
765 817 999097171
195 717 179576377
106 195 904443197
717 760 536777251
925 464 999247034
881 994 241638151
838 585 530826382
597 846 640758966
648 318 772300238
501 794 998837059
984 797 689259455
777 807 998268067
951 811 537865352
854 497 989490963
593 15 5666108
576 223 655821177
575 434 32820663
682 730 369826967
964 487 294993670
968 988 485325198
888 310 810219649
862 863 859619154
895 428 483782926
37 771 582889005
995 977 999353626
440 991 774910563
466 991 999864384
794 850 999386782
886 334 511781000
304 389 196065673
569 669 425727895
601 420 546180757
424 363 171636491
973 979 232328375
874 837 382166198
331 171 998443144
405 692 998267023
484 314 9245325
112 854 185906876
729 884 533683581
408 974 319818527
806 986 249754454
607 897 384686343
672 489 316335191
797 227 999411117
600 380 999213009
998 997 30076029
175 32 113594559
700 407 549353997
623 7 473277608
854 959 887518211
595 199 525147698
635 503 324853513
975 688 259163613
620 220 158128628
991 905 962242101
744 677 375006922
256 541 216196495
612 65 332395061
346 513 602281351
346 455 521349501
940 231 999148854
956 76 839729942
658 664 939868142
815 823 705434484
751 524 998112724
903 923 104171294
362 986 837672332
804 488 956784431
620 710 962242101
650 312 241638151
982 765 362687171
985 68 158128628
844 742 669901075
656 557 999039058
890 45 650153329
809 742 846540417
949 498 231361994
733 827 999330166
620 766 537865352
829 778 999092816
982 585 729162780
592 504 839461611
512 981 999469838
458 818 45904984
904 641 384686343
302 519 851987365
144 417 482787789
817 193 295334061
640 251 523755457
211 489 888479348
363 101 95406265
854 969 660108056
593 236 904365235
887 963 998026111
818 305 272988317
273 201 998919490
869 62 859652133
796 933 148665694
535 582 331205077
875 386 883163018
88 50 108191802
995 494 82942437
12 644 12562524
536 171 11453213
928 258 169464851
695 978 674145920
672 986 104171294
750 114 202307166
778 715 575539846
591 929 32820663
48 537 487203250
707 545 999011658
469 892 871525980
429 271 212906897
872 333 505547400
891 446 422861195
450 388 521349501
821 989 540233780
175 730 888417883
956 973 946540096
582 889 111566402
938 842 28525723
844 465 999991698
777 960 729162780
693 216 148665694
183 390 80358482
979 752 998255405
200 649 941075093
46 774 425727895
306 62 213278874
47 190 668907837
233 92 998049441
957 916 104456492
114 457 888028893
692 638 764141898
877 597 314155830
515 866 437509555
427 261 581270662
925 862 853618968
57 704 105414915
812 461 888479348
742 811 998335598
402 586 932220081
847 608 201236240
168 944 837616197
973 678 76441027
48 636 5666108
221 219 466710732
993 42 487398226
979 619 509868394
372 808 260810639
857 949 12340943
892 888 91268053
563 713 998820372
762 781 318653427
415 480 231361994
257 615 12215862
526 524 417844688
611 935 465007655
507 32 576121152
703 925 999910354
274 686 554539298
895 722 722948936
964 988 234126173
996 960 999642007
355 713 324853513
624 981 999018484
871 888 899579364
330 451 419394493
851 895 776452379
719 390 998865418
824 456 998410340
804 909 351749579
924 599 382531102
935 469 998608209
303 497 899579364
314 711 270824156
312 133 738432608
537 928 443063547
313 437 343970279
584 226 741675059
560 88 418094870
528 656 525147698
944 974 985355552
447 63 560681266
531 340 999179886
294 495 791962489
729 988 103210278
436 624 998178107
854 835 998017517
901 925 314155830
547 284 998851943
553 928 152356280
735 830 997962563
685 779 565046642
572 597 418094870
490 95 921206188
995 980 530215777
903 454 605073576
540 661 899579364
462 855 234126173
182 337 602281351
888 704 803855286
166 128 157230651
250 685 998925756
746 839 782076384
401 234 649764465
715 708 274657344
392 277 999283836
883 88 692207708
442 639 817343125
111 388 467885544
453 736 450634554
29 791 130117454
716 975 305468346
483 677 513292372
731 798 420829606
39 585 229393394
44 254 999476673
989 759 692207708
646 588 998312716
987 929 85059494
925 733 105414915
694 733 549608061
545 358 369826967
294 792 999697408
183 161 999246193
839 758 998335214
974 981 972056721
877 614 308831908
48 26 669901075
565 970 269130455
757 843 977099054
914 811 962242101
767 64 84574338
184 454 119343754
993 789 999623264
578 498 342957713
208 908 620542393
739 614 998478885
47 885 818780705
69 5 998305907
604 162 509868394
112 801 225416611
659 765 998254733
523 987 576121152
797 562 58165963
423 361 998160671
552 792 764141898
240 905 918818897
932 943 552674424
13 241 104171294
218 887 972056721
562 609 440751518
245 607 864883546
207 429 722448049
952 278 413359757
865 189 91850139
884 386 998757680
698 843 913660909
282 478 649499272
608 181 425727895
941 657 649499272
763 192 226159825
876 927 257285509
857 987 941075093
309 581 246650899
516 927 938746148
984 998 878688423
640 483 817343125
572 907 789131555
142 584 998695314
172 287 999545950
794 707 837247892
276 117 822344564
967 781 78532550
856 971 884731806
782 130 86255817
509 771 92136764
677 861 849702581
878 889 903536350
502 98 92391723
999 962 413359757
849 317 747396407
779 989 998597187
46 183 782076384
484 766 999688120
537 709 923851089
717 867 913088857
746 966 73447858
741 683 492604031
795 930 362687171
463 591 130117454
333 961 257811519
985 626 903536350
26 783 201236240
605 818 839729942
886 940 196333835
441 869 12553351
240 783 597873171
169 256 999827845
62 4 339524849
953 823 442249131
820 922 167736744
332 326 105186918
880 859 241638151
98 612 928338637
541 780 864204810
598 573 23503430
338 253 998044196
89 214 998667085
681 689 272988317
610 44 201236240
671 615 545036366
27 277 437509555
878 870 998954982
615 634 2819875
919 832 582889005
249 958 257285509
784 912 785168653
378 767 999209367
900 914 613247612
988 977 853004470
931 575 999089379
192 326 29799944
942 842 620542393
664 600 86871613
805 184 803855286
345 522 467114026
991 999 581270662
753 898 530215777
287 774 753405564
213 913 443063547
159 491 365611607
909 896 425727895
43 560 999475398
979 199 999349974
750 659 382741875
52 983 229393394
433 684 388802265
621 759 998537933
814 892 998127229
945 979 999512269
734 854 999078338
482 140 49056674
294 235 859652133
557 218 12562524
914 695 218028199
314 526 375006922
766 969 797890707
426 534 878688423
884 282 327077096
791 959 523668697
575 523 108191802
649 903 210132047
818 294 635646780
639 290 888479348
746 271 5666108
923 991 339524849
136 236 604809558
643 831 998336191
852 585 938746148
971 388 328999718
81 998 108069575
453 97 108191802
968 989 998769972
920 889 297634371
864 791 655821177
853 946 998816637
196 416 575539846
782 980 234126173
305 314 998043651
323 370 705434484
388 94 521349501
857 193 249754454
975 961 16475824
804 958 12340943
318 349 440751518
601 749 921206188
941 711 571709131
905 295 931339298
249 134 998826400
973 839 229393394
903 208 511781000
830 831 998608602
679 692 999272257
58 536 605073576
995 883 997887295
687 188 85059494
708 481 998614748
784 985 92136764
672 349 640942121
558 962 511781000
159 474 369970314
46 518 998070351
734 310 158128628
682 412 92391723
86 342 703950153
949 986 37430480
985 951 351749579
910 625 260810639
289 74 969485257
557 414 270824156
313 934 37430480
792 984 998499102
139 449 957175048
989 993 999483422
315 988 869059850
776 79 33052518
925 614 998776413
683 534 753405564
657 949 999111545
630 566 999162508
273 326 379392151
994 279 148665694
114 67 481833180
934 961 225416611
898 987 49056674
209 361 167736744
983 762 999292333
924 922 495422546
968 957 831950752
208 895 999412759
509 924 552674424
871 56 453095121
263 581 314882452
197 22 77531037
309 573 999772908
596 673 863564198
676 408 864204810
583 3 159589310
4 101 854465637
899 718 999778254
486 609 280548311
859 844 308831908
254 632 998688103
478 400 328999718
70 551 999868141
837 228 649499272
483 801 418094870
515 607 1248129
744 840 544561209
237 907 998819339
961 644 774910563
858 635 77531037
957 786 152860556
772 476 999440967
336 514 640758966
980 375 622415330
981 383 864204810
746 566 250410339
544 185 923851089
413 167 379392151
918 875 45904984
230 181 218619326
504 908 507939290
659 947 999808898
840 849 999599670
830 525 668907837
839 403 520196516
137 629 861570200
970 662 204977386
938 765 997935615
999 990 650153329
676 585 326880337
760 396 583859468
765 591 998718115
879 886 202307166
508 957 108324860
657 361 912610272
714 279 294993670
943 548 549353997
885 773 251274279
871 722 962384433
999 968 352132588
806 923 811370444
839 437 16475824
286 916 23503430
750 805 365611607
977 80 111566402
642 736 272988317
402 215 505547400
121 791 998063133
244 765 399474927
523 711 887767796
876 754 842472766
898 1000 640942121
924 787 915142124
765 693 846540417
961 907 103210278
925 910 446254301
729 962 80358482
990 1000 345897483
818 239 741675059
892 961 998250712
894 961 934119670
797 683 12561010
816 437 998409820
147 894 704744235
559 525 231538428
791 594 93941651
302 218 525147698
175 938 58165963
598 499 25635723
921 59 92136764
634 614 411026960
651 34 998184276
858 475 998613936
892 326 903536350
249 275 998373030
657 791 985355552
735 229 617670153
674 893 25911561
899 414 262612964
626 234 28525723
375 855 307823575
524 747 295334061
39 193 849702581
476 253 154223682
183 332 622801795
378 157 51688579
411 976 104456492
50 453 931339298
787 730 761940870
974 907 259163613
880 137 473277608
769 691 549353997
817 925 91850139
148 144 998824895
655 712 999591161
550 367 818780705
676 687 4564142
823 540 25911561
694 969 89018637
862 667 304925409
908 932 554539298
952 314 850611607
714 614 78532550
993 767 279488905
190 686 999568573
644 716 269130455
697 842 999138180
436 366 440751518
448 644 76441027
739 903 977836081
26 280 918711936
598 928 257811519
963 993 544561209
7 511 853618968
934 729 999119016
754 622 274945463
60 709 999612207
535 721 999194012
788 970 998774793
706 674 998228468
989 705 998397584
749 901 635646780
999 996 586618497
917 846 998744874
805 769 9245325
901 931 957175048
706 397 203281453
877 839 757197720
47 376 634133497
349 195 390562325
36 985 157230651
712 682 953573174
883 882 998135601
59 364 582889005
536 296 137835645
476 67 344872114
836 948 545145130
728 481 253126001
365 967 365611607
30 407 260810639
984 976 274945463
219 256 269130455
446 358 511781000
798 923 999043139
954 724 999163481
865 904 861570200
740 273 304925409
817 982 501639964
388 483 37430480
804 941 757197720
916 524 466710732
208 943 989490963
922 881 218619326
987 850 797890707
313 631 384686343
915 604 111566402
935 936 840885915
63 932 571709131
656 718 660108056
699 550 406147289
381 288 624082080
818 935 225416611
892 947 406147289
552 571 751700563
680 757 167736744
866 341 887767796
840 544 609566863
798 539 86255817
728 982 279488905
728 507 931339298
445 694 202307166
288 18 1950068
882 889 812965685
999 998 91268053
860 737 105186918
957 990 869059850
927 885 998809855
586 703 91850139
910 597 442249131
798 920 523668697
531 772 998935914
794 709 668907837
623 867 38673067
380 368 999221488
871 649 998736742
747 589 692207708
853 975 998494174
905 849 588632600
299 182 718808311
363 776 135443172
585 147 159589310
535 704 998260833
456 754 999675384
771 352 104456492
815 607 55864059
911 512 999960559
428 886 999312308
986 675 12215862
691 820 640942121
179 617 594560673
552 350 777063696
920 931 487398226
316 994 28525723
348 583 251274279
68 352 379392151
212 970 904443197
603 795 818780705
993 699 45904984
787 233 655821177
294 564 453095121
144 943 317417484
792 568 810219649
680 745 565046642
896 901 382531102
695 953 803984605
776 939 902190307
857 985 202307166
942 275 997917501
285 457 837247892
190 684 549353997
133 829 674968898
756 758 998259187
799 879 998569673
974 885 406147289
817 638 537865352
183 261 999366794
526 742 774910563
558 445 5666108
200 822 998700748
392 22 846540417
539 55 575539846
734 710 998055599
753 827 999410767
230 157 399474927
966 909 275223263
580 579 159589310
981 979 566069828
658 985 408289237
711 794 450634554
872 974 999945749
314 880 119343754
567 605 999627889
199 895 744817052
244 540 777063696
979 994 963666647
24 10 820483210
213 772 998302153
742 972 147775417
284 851 962384433
114 657 382166198
911 850 674968898
758 965 73447858
365 815 540233780
47 937 532646377
383 605 999035429
985 952 660007450
774 36 999665935
929 419 484110506
787 710 462680375
154 594 649764465
908 900 853618968
862 873 998656642
227 454 818780705
981 983 852185063
756 897 12215862
865 896 718808311
269 467 729162780
909 961 450738839
797 304 229644119
972 701 108069575
158 252 998349507
696 829 576121152
419 488 421358274
359 221 354506185
977 760 817343125
406 564 382166198
929 908 210132047
349 60 544561209
614 623 193477113
879 199 110699716
951 989 853004470
870 965 89018637
698 829 853004470
996 998 319818527
901 910 418094870
631 206 999795741
329 177 999396994
968 778 999457866
813 980 998176640
551 996 998049504
820 41 408289237
465 771 604809558
348 167 998171441
442 569 609566863
998 969 374912802
23 168 93941651
586 546 999384375
904 746 305468346
868 579 963666647
603 621 722948936
108 707 738432608
775 118 513172567
831 574 957326891
931 388 913088857
947 973 225401409
76 486 999037086
602 986 210132047
807 846 999408333
975 345 237731806
327 902 314882452
164 773 246650899
278 352 501639964
9 172 482787789
711 309 797890707
977 997 804274488
600 972 332395061
755 778 999354886
603 500 317417484
90 89 560607839
993 373 999534286
982 996 998853846
773 931 576121152
605 617 342957713
449 192 1248129
222 514 999894031
404 882 113314814
761 429 30076029
407 464 525147698
542 412 997887295
18 795 566069828
543 748 516519154
987 679 999132870
938 708 998037179
815 820 390562325
132 786 859619154
425 810 586618497
46 54 344872114
998 889 888479348
941 208 998714599
393 996 999626391
929 300 640942121
255 508 998188988
356 393 998830758
624 785 317334691
971 999 55864059
480 546 932220081
486 297 869156159
616 916 998508855
993 983 290848362
749 770 241638151
75 840 999781264
806 338 487398226
947 871 818780705
729 905 582889005
180 210 913088857
22 115 257811519
331 659 837247892
418 103 545145130
845 693 840885915
989 171 998755046
593 571 560607839
993 987 545036366
994 999 617670153
838 835 231538428
485 353 597873171
581 782 218619326
867 530 1248129
979 972 200985090
354 94 769531881
590 776 379392151
14 326 669901075
633 345 148665694
993 812 850611607
221 759 622801795
277 500 216398782
716 841 85059494
799 16 999806078
732 734 995026367
639 598 372381435
108 822 382166198
773 807 536777251
780 258 705434484
763 603 210132047
925 926 839972890
914 505 520852923
697 927 181122189
904 798 308831908
819 943 229393394
434 839 722948936
751 684 998291597
109 893 999585370
457 403 602281351
668 548 757197720
966 668 999551030
514 834 169464851
501 625 998055704
655 672 419394493
764 762 332395061
126 26 86871613
634 682 525147698
99 247 173150808
48 270 159589310
759 839 520852923
899 812 999571369
963 563 45904984
359 601 231538428
941 601 465157772
15 172 775817666
479 34 23503430
253 358 998826352
977 962 749616419
387 667 674968898
954 847 364740945
902 818 390562325
463 888 335838540
352 586 202307166
559 989 840885915
183 9 560607839
419 529 108324860
932 728 530826382
88 15 837616197
904 593 716814217
742 852 32820663
902 802 446254301
775 592 450738839
848 883 375006922
622 866 998905674
358 607 498073739
881 670 918818897
936 344 999908123
825 812 991037657
991 994 884731806
402 734 861570200
922 519 554539298
480 360 998447732
206 126 999822870
559 639 246650899
958 963 705434484
277 85 899579364
690 879 458751257
568 478 855964895
134 579 196333835
837 849 473277608
582 212 999743728
966 226 232328375
10 141 446254301
799 945 417844688
951 896 998428752
341 614 998284670
288 258 78532550
608 314 764141898
730 564 957175048
630 415 374912802
628 906 420829606
965 926 999625750
973 867 203281453
437 595 369970314
916 784 923851089
197 330 307823575
820 395 998385830
997 794 791923327
623 728 5666108
202 733 931339298
892 825 891254694
985 944 998117065
910 930 605073576
619 877 167736744
966 956 56557253
816 996 76441027
903 837 494132994
58 114 350091667
623 934 998031200
846 779 384686343
843 696 814806911
711 912 49056674
521 488 581270662
73 562 864883546
982 862 419394493
981 767 939868142
475 669 216196495
467 992 560607839
465 759 998067917
616 902 998142509
255 191 417844688
481 942 92391723
510 848 498073739
183 629 458751257
814 581 442249131
681 974 549353997
95 369 530826382
498 235 636411184
982 682 639603050
993 988 234126173
663 685 891254694
980 156 888028893
406 157 797890707
526 969 999837651
550 772 576121152
783 323 853640803
45 468 626077095
953 879 997951005
441 850 11453213
24 678 939868142
858 303 887767796
147 206 161773090
363 371 887518211
561 435 605073576
784 919 399474927
822 603 999834530
974 949 669901075
948 947 747396407
702 471 998437329
15 698 279488905
599 978 93941651
718 522 903536350
950 948 467885544
239 774 891254694
144 996 270492098
311 475 185906876
297 697 232328375
222 303 803984605
766 183 969485257
374 893 91268053
273 707 290231800
916 937 290848362
545 860 316335191
566 906 199203829
413 900 977836081
998 938 179576377
538 375 957326891
879 739 904365235
690 864 272988317
899 454 999126580
264 36 775817666
975 598 12340943
829 963 440751518
735 828 304925409
789 811 864883546
576 632 757197720
164 134 998077678
61 972 482787789
520 702 419394493
27 874 304925409
164 749 854465637
971 980 834662072
258 262 467114026
226 90 532646377
368 706 466710732
477 393 498073739
513 289 999579050
955 289 999627169
995 352 170434892
259 652 998777401
124 622 648614989
313 8 999734467
877 837 891254694
605 660 264545377
840 757 962384433
999 965 501639964
800 992 487398226
897 883 425727895
884 955 334387198
104 745 818780705
948 828 999472588
589 178 998235152
833 859 317417484
942 765 275223263
319 386 586618497
804 886 334387198
992 650 957326891
839 745 998614463
888 850 997985062
963 960 590307430
480 915 997928318
285 185 14378994
814 796 566069828
478 680 295334061
525 578 775817666
908 782 998750210
336 858 33052518
281 794 849702581
899 662 76441027
440 1 147121515
628 480 859652133
132 288 89018637
879 871 343970279
16 441 12553351
860 39 999586673
926 470 339524849
826 461 998314187
918 649 840885915
738 805 196065673
34 424 859619154
816 512 928338637
158 147 234126173
995 806 865309908
411 703 998641481
923 521 864883546
627 898 639603050
143 876 761940870
592 477 189018446
132 580 417844688
107 284 92136764
990 985 839972890
398 242 998754062
84 440 450738839
707 686 319818527
999 793 84574338
940 982 411026960
634 890 817343125
996 754 352132588
721 384 324853513
726 340 431265957
959 995 420141815
430 315 804274488
673 581 902190307
863 475 568296356
990 952 839972890
981 968 32820663
192 39 119343754
20 338 560681266
959 649 969485257
340 717 388802265
303 928 76441027
858 873 92136764
968 895 983362902
440 594 605073576
602 510 466710732
40 433 999683492
480 919 199203829
718 466 998458175
233 583 23503430
913 761 582889005
487 724 998125073
914 752 888417883
928 982 181122189
916 887 305468346
844 709 1248129
639 170 904443197
814 493 953573174
839 101 73447858
956 807 757197720
372 706 401372834
760 773 999147177
987 736 520852923
192 677 494132994
772 500 998276778
249 154 385293697
176 572 928338637
447 796 831950752
815 553 532646377
665 46 181122189
698 942 413359757
992 913 757197720
978 30 29799944
852 886 747396407
729 865 998597118
429 355 912610272
639 602 626077095
136 7 257811519
983 685 998163040
950 509 998331396
172 596 581270662
959 535 962305240
203 995 318653427
691 859 753405564
537 606 764141898
40 143 620542393
571 899 658093060
892 846 188323638
552 40 231538428
722 183 523668697
961 968 503076339
530 884 104171294
273 390 782076384
852 970 12553351
708 508 432097366
286 498 812366386
989 675 999787666
52 629 772300238
957 955 82933786
470 875 999757390
940 401 200985090
579 240 769531881
945 10 450634554
858 923 33052518
842 846 533417701
943 952 999195571
484 475 999976769
638 320 465157772
893 595 544561209
570 945 997997224
970 951 3686963
733 843 998876686
760 97 969485257
966 699 853640803
583 124 87271126
694 574 576121152
718 897 823699980
999 964 999252419
947 990 108191802
744 425 408289237
914 927 999225166
759 882 78532550
996 831 998013163
979 992 545036366
524 283 511781000
879 852 12340943
973 444 12215862
323 533 878688423
978 987 546180757
808 439 617670153
900 108 999171531
634 434 636411184
815 887 251274279
957 812 318023111
496 333 997942825
595 582 189018446
583 128 782076384
462 255 999684277
851 941 344872114
793 364 998856311
860 717 25911561
562 476 137835645
468 679 226159825
162 728 48298478
992 995 806675338
308 347 350091667
170 955 818780705
206 136 998079469
472 402 882135444
406 697 432097366
907 956 812965685
548 746 782076384
167 994 863564198
560 438 366819622
727 949 734999297
469 492 181122189
21 228 918818897
155 572 896173878
999 993 1950068
324 629 744100191
331 35 83315894
915 688 51688579
640 198 962384433
135 477 878688423
884 771 999827208
819 440 401372834
996 938 32820663
816 968 87271126
602 590 305827390
863 866 4564142
171 539 82933786
859 197 769531881
110 406 25635723
267 457 115639215
307 898 274657344
592 951 16475824
558 671 181122189
701 896 997953317
343 207 997945665
979 920 597873171
993 474 49056674
865 789 594560673
599 264 722948936
440 2 998678810
804 96 660007450
344 37 77531037
510 307 192709216
947 958 270492098
452 814 206878990
759 836 225401409
448 508 915142124
380 521 86255817
428 968 432097366
815 777 560681266
839 295 999707977
330 662 86871613
644 859 606247681
871 731 158128628
606 304 179576377
968 972 290848362
900 812 179576377
890 933 998912941
788 807 202307166
943 960 513172567
886 510 32820663
945 278 946540096
491 469 956784431
963 1000 998273731
642 188 999489743
864 700 997904492
347 839 210132047
490 333 318653427
416 663 419394493
748 511 12215862
467 494 216398782
705 832 769531881
472 663 871525980
803 910 846540417
783 610 997902284
793 932 375006922
918 893 999851343
625 383 761940870
298 266 193477113
941 978 257285509
908 917 817343125
440 307 455987882
540 972 91850139
724 595 458751257
451 608 999039013
957 938 998098408
119 793 655821177
695 741 753405564
861 749 103210278
870 848 12340943
925 176 925174892
109 136 963666647
125 7 223863549
881 753 86871613
785 951 218619326
735 613 365611607
904 615 957175048
245 561 998878046
991 948 609566863
742 608 212906897
686 311 598980105
246 669 640758966
782 702 999485607
902 995 530826382
712 680 989490963
759 134 923851089
712 985 998970233
657 752 86255817
990 978 185906876
898 438 45904984
237 357 998511491
513 972 999563872
709 799 310251131
847 532 997930639
880 225 388802265
881 995 999091618
804 732 104456492
769 728 576121152
492 864 586618497
586 593 998309657
762 555 482787789
851 135 530215777
124 382 998438647
762 198 345897483
145 473 999322581
327 287 12215862
558 985 889042858
78 704 492604031
296 554 826927773
990 996 998521049
986 966 998858598
657 1000 865309908
169 377 560607839
238 781 904443197
818 52 498073739
860 927 998363873
686 517 983019262
604 131 354506185
594 863 613247612
861 752 999413661
321 620 450634554
538 856 998385544
759 803 167736744
917 998 923851089
742 730 185906876
953 661 809745852
603 27 776452379
947 976 172530251
898 690 382741875
521 110 999545797
743 890 333853179
741 966 839729942
460 831 188323638
958 259 308831908
555 475 450738839
761 235 279488905
101 356 999056523
157 304 997930219
412 453 160016440
839 52 998322172
826 856 849702581
861 972 528313847
875 963 443063547
749 598 757197720
738 123 998827651
597 965 999816929
523 995 413359757
603 72 999884644
946 638 606247681
416 943 888417883
840 672 774910563
878 985 485356958
306 1 590307430
834 754 957326891
157 10 342957713
961 939 12215862
189 717 998896131
16 174 848065642
255 112 185906876
987 883 977099054
441 399 997955276
807 890 56557253
663 580 571709131
466 413 482787789
928 781 883163018
565 156 791002487
660 951 648614989
222 936 809745852
932 610 416465853
869 523 408289237
330 739 620542393
799 643 998950803
316 586 49056674
722 375 597873171
924 874 968750281
430 481 583859468
263 978 912610272
858 482 998762622
162 314 999371477
610 475 85059494
773 58 744817052
848 612 854465637
983 986 846540417
515 51 999080926
236 611 854465637
778 379 332395061
899 627 420141815
880 839 226159825
712 568 998378471
838 610 674145920
631 717 626077095
820 219 385293697
931 993 859222531
974 932 791923327
730 283 998447792
412 172 921206188
991 977 446254301
677 22 465007655
378 728 722448049
280 271 999794156
227 929 622801795
874 153 473277608
628 818 350514790
775 715 295334061
913 924 751700563
536 464 622415330
748 729 382741875
495 911 314882452
940 839 837672332
980 783 3686963
514 497 598980105
928 702 330624044
366 709 957175048
52 463 831950752
690 669 576121152
682 272 849702581
246 61 280548311
342 377 425727895
563 752 446254301
902 923 598980105
602 591 246650899
484 755 575539846
537 92 600855877
746 829 511781000
481 559 999544753
139 64 999947591
918 928 425727895
605 253 113594559
157 72 887518211
706 654 823699980
133 804 406147289
943 911 85059494
967 794 108324860
246 817 999965360
740 169 317417484
375 428 525147698
58 271 332395061
307 964 384686343
195 240 938746148
930 931 839972890
418 636 353463036
964 641 196333835
565 212 999424210
442 841 249754454
360 564 549353997
981 884 855964895
28 140 537865352
3 450 216398782
621 171 999486202
974 275 999494306
905 936 839461611
910 872 869059850
670 985 853618968
727 930 998342883
636 471 554539298
412 262 206878990
772 848 998204789
353 430 229393394
350 283 234126173
722 268 812366386
663 909 12561010
307 379 598980105
12 266 374912802
683 943 170434892
763 297 887518211
965 856 521349501
668 523 225401409
964 912 521349501
299 697 297634371
166 80 442249131
301 339 119343754
77 786 957326891
974 643 998409514
893 408 998998841
41 940 998150985
969 930 422861195
120 583 998794350
145 806 791923327
784 489 837616197
952 841 231361994
89 180 692207708
773 859 602281351
987 996 420829606
713 922 418094870
971 595 590307430
933 779 51688579
491 339 825885455
751 784 171636491
132 490 823699980
792 799 169464851
44 635 602281351
992 905 148665694
588 440 420141815
526 421 327077096
452 41 863564198
490 980 789131555
938 396 483976302
829 754 307823575
263 679 113594559
781 754 999053384
518 465 997966620
601 809 159589310
422 980 617670153
336 602 411026960
899 928 932220081
928 780 998717273
946 476 718808311
33 599 839729942
984 785 317417484
76 440 998836968
819 917 999619861
668 912 188323638
894 175 450738839
978 986 998722244
22 368 77531037
860 820 586618497
650 831 241638151
985 973 635646780
188 380 776646048
56 807 814753243
718 510 485325198
928 367 999249269
931 967 554539298
973 994 887767796
520 743 590307430
616 848 999628487
869 16 998240841
964 933 837247892
485 443 998738590
153 25 934119670
411 718 903536350
333 647 594560673
486 485 998294852
568 513 650153329
380 888 744817052
561 92 812366386
795 697 716814217
641 163 999450449
869 429 915142124
949 981 108324860
863 814 45904984
840 766 786158641
480 939 839461611
9 749 582434808
532 234 639603050
760 904 420141815
868 970 416465853
27 264 583859468
19 853 204977386
721 791 998835735
721 608 473277608
743 609 464813050
93 738 998184162
157 61 999910438
854 990 777063696
799 260 425727895
491 86 998467284
977 786 826927773
958 261 210132047
546 386 896173878
620 385 1950068
941 936 232328375
970 347 999160085
254 461 839729942
39 538 999109297
828 656 185906876
985 979 3686963
333 61 193477113
623 734 509868394
214 165 305827390
908 140 999067198
912 792 305468346
427 78 660007450
277 799 839729942
294 808 58165963
797 852 513292372
965 603 105414915
613 849 316643662
507 902 167736744
997 987 279488905
791 645 483976302
885 457 999553067
721 323 776452379
487 546 995026367
903 697 999646790
176 514 206878990
144 360 878688423
375 251 999550298
106 594 294993670
16 310 12215862
200 324 56557253
613 455 998196039
126 871 369970314
866 938 413831955
259 172 549608061
539 888 660108056
722 534 316643662
22 264 852185063
891 651 925174892
937 938 998562779
774 677 269130455
980 988 314593160
371 441 87271126
970 963 999625489
898 943 330624044
972 544 385293697
199 761 416465853
344 637 972056721
960 970 998384303
965 949 785168653
507 651 37430480
196 57 582889005
386 256 957175048
996 455 622415330
898 311 722948936
723 654 818780705
871 637 999658862
339 616 880221333
296 565 5666108
635 528 92136764
874 1000 806675338
976 950 977099054
756 812 274657344
922 949 999594727
5 663 928338637
557 204 999042481
29 488 999160986
500 613 999925044
685 524 516519154
294 121 203281453
819 941 869059850
873 714 674145920
527 292 25635723
374 319 251274279
835 687 891254694
683 725 716954024
773 208 839729942
644 720 998814416
226 494 173150808
996 917 897750620
451 440 853004470
442 985 837616197
272 306 928338637
799 714 89018637
641 982 704744235
618 895 999452305
379 836 658093060
176 473 194718384
821 530 869059850
951 632 999308399
277 581 999214882
242 113 716954024
841 802 590307430
672 343 751700563
227 45 998393812
816 550 998984532
441 71 998227743
258 221 568296356
839 977 679280856
324 98 679280856
665 898 998522293
924 698 998277492
960 650 193477113
877 188 999546696
422 150 528313847
853 674 999083965
938 871 318023111
778 721 204977386
386 473 828191909
668 672 485325198
757 792 152356280
509 981 95406265
296 232 565046642
790 967 998974310
901 981 229393394
867 261 998611043
474 541 366819622
522 596 152356280
237 138 246650899
828 874 749616419
50 909 925174892
607 684 223863549
959 972 791962489
905 690 617670153
250 970 997887295
476 990 999001037
826 529 152356280
334 824 747396407
911 633 119343754
711 790 167736744
630 429 226159825
940 767 5666108
275 365 113314814
827 745 157230651
845 358 991037657
157 209 465157772
832 940 932220081
637 716 957175048
742 688 382166198
811 73 853004470
788 642 25911561
663 273 148665694
472 553 887767796
629 80 998899148
364 508 999830483
794 262 113314814
871 715 597873171
387 998 962384433
997 981 772300238
993 834 999878774
705 876 669901075
641 890 679280856
916 516 999242856
993 973 481833180
636 796 811370444
829 393 852185063
385 410 617670153
601 624 998514329
844 107 201236240
646 578 998466728
980 970 938746148
156 851 583859468
858 984 513292372
991 996 998050810
828 989 998572513
642 769 77531037
179 236 549608061
792 795 450738839
926 937 716954024
747 631 482787789
272 96 999897151
197 122 999091063
639 873 998170005
724 622 234126173
38 744 826927773
711 705 481833180
981 982 253126001
49 928 998327443
764 928 382531102
703 381 741675059
176 513 225416611
663 462 701399687
845 439 998915139
590 697 316643662
531 435 686940584
935 944 231538428
185 12 154223682
985 977 718808311
647 538 12561010
878 135 896173878
509 149 963666647
400 827 153504381
690 701 509868394
372 370 196333835
819 730 998300949
534 572 481833180
648 671 366819622
434 641 82933786
742 907 257384476
467 849 999338312
352 521 810219649
691 380 741675059
971 289 999156798
766 737 437509555
929 939 226159825
977 85 998330978
928 794 878688423
689 800 305827390
856 247 260810639
954 989 158128628
790 604 422861195
214 928 420141815
716 751 620542393
769 621 137835645
858 719 764141898
996 983 483976302
938 865 605073576
717 676 741675059
33 501 334387198
552 457 350514790
457 249 194718384
785 939 350091667
863 915 776452379
992 977 837672332
972 907 692207708
445 457 998548969
883 888 113314814
223 617 375006922
487 64 718808311
812 999 450738839
670 700 785168653
935 980 583859468
327 555 999018236
238 527 998883812
963 894 576121152
355 576 999059809
44 400 154223682
71 226 869156159
280 884 679280856
665 793 834662072
893 909 671649154
580 66 703950153
981 388 105186918
607 867 904365235
905 981 686940584
971 526 806675338
835 373 749616419
760 506 999654574
311 846 609566863
905 934 977099054
381 183 998358003
940 966 999383972
576 996 671649154
930 946 999264743
929 891 834662072
953 927 87271126
851 985 196065673
112 981 999601404
68 320 264545377
715 148 774910563
707 198 776452379
787 824 998435450
803 653 655821177
951 978 571709131
764 611 998828706
892 940 814753243
649 937 483782926
730 481 649764465
998 995 863564198
430 662 849702581
585 5 317334691
965 694 290848362
7 593 999282329
77 395 888417883
513 724 998176265
944 804 649764465
991 456 147121515
475 345 998123912
847 851 804274488
551 964 545145130
360 537 203281453
58 652 983019262
902 202 999488562
622 526 137835645
751 486 520852923
823 899 998339526
669 441 859652133
147 746 566069828
856 756 999540626
163 313 999611403
568 611 810219649
850 991 998934163
605 464 786158641
168 702 998802500
392 569 597873171
639 501 883163018
323 754 998537968
895 883 817343125
854 351 221490490
256 948 421358274
826 339 791002487
845 839 89018637
911 941 546180757
28 187 998460926
770 803 314593160
519 128 812366386
441 94 998521963
406 880 811370444
907 942 202307166
579 468 76441027
558 988 749616419
766 393 999277775
536 226 83315894
909 951 280548311
256 582 977099054
341 534 196065673
951 59 999317523
4 808 237731806
999 995 314593160
888 936 812965685
998 771 761940870
614 6 343970279
663 130 597873171
722 579 194718384
775 992 716954024
292 923 624082080
898 960 187546411
965 721 533683581
603 983 382741875
644 679 998772238
842 877 806675338
922 982 734999297
964 793 80358482
897 651 998205110
959 898 869156159
867 689 998304659
953 228 913660909
868 541 999410884
116 226 826927773
956 510 998487243
192 299 507939290
941 750 546180757
766 284 999811389
521 724 999358855
192 145 413359757
588 742 483976302
519 139 594560673
473 690 432097366
608 762 169464851
730 331 223863549
848 919 803855286
793 533 999394225
387 930 977836081
318 18 388802265
998 963 419394493
226 348 231538428
923 713 921206188
765 731 795788578
903 827 218619326
372 849 803855286
996 993 998355605
947 160 848065642
619 842 83315894
325 244 997958235
306 696 998390228
798 968 977836081
194 499 365611607
388 461 148665694
81 880 880221333
747 972 853618968
854 735 382531102
380 145 314882452
762 704 791002487
497 941 998645483
841 624 200985090
852 405 674968898
778 678 113314814
912 937 602281351
856 657 640942121
472 738 937873491
476 83 544561209
646 780 998396686
935 897 388802265
475 269 221490490
927 790 999786951
859 938 326880337
262 125 12553351
862 798 764141898
680 842 998027368
105 775 422648469
451 741 343970279
577 524 998983142
206 846 639603050
25 45 658093060
169 891 701399687
545 653 946540096
383 780 253126001
705 575 51688579
680 885 918711936
78 577 507939290
934 950 999174207
423 204 626077095
813 152 782076384
803 990 33052518
426 559 769531881
608 907 983362902
287 773 932220081
967 885 999395927
930 932 216398782
954 860 495422546
981 747 262612964
786 836 869156159
436 402 999624683
776 897 999580243
234 841 473277608
615 910 998794801
749 377 422648469
782 804 465007655
724 657 989490963
911 863 575539846
987 399 999058184
625 398 221490490
641 965 55864059
974 650 842472766
631 291 997938284
342 264 888417883
695 72 511781000
169 590 582434808
372 215 997916343
575 144 674145920
800 890 197226211
347 720 999893107
994 996 660108056
593 587 998181598
929 992 674968898
871 1000 941075093
471 988 853640803
949 952 319818527
737 75 878688423
403 536 998639235
845 675 998836597
885 905 4564142
622 472 998016677
205 564 104171294
875 858 221490490
208 312 997988367
29 816 48298478
621 873 520196516
327 493 295334061
968 769 225416611
272 934 669901075
952 420 270492098
904 217 999409501
600 647 364740945
305 337 869059850
61 92 413831955
759 41 76441027
989 985 679280856
748 775 888028893
976 420 466710732
994 854 464813050
220 834 880221333
103 451 137835645
721 139 482787789
489 523 167736744
300 768 200985090
491 230 12562524
908 671 999053966
775 585 931339298
958 927 365611607
551 881 89018637
516 821 264545377
989 677 650153329
994 949 351749579
991 532 30076029
409 371 899579364
888 908 999549995
443 671 999357932
785 177 316643662
534 804 202307166
174 750 997897746
795 455 73447858
979 279 514861060
28 812 304925409
762 864 674145920
701 696 307823575
840 588 937873491
934 930 442249131
520 842 918818897
907 697 413831955
342 292 883163018
11 693 861570200
713 847 84574338
481 579 998647184
261 820 1248129
641 50 998903751
302 657 776646048
901 742 640942121
623 831 335838540
411 636 744100191
885 534 251274279
217 660 903536350
941 895 999201942
364 267 259163613
777 659 622801795
309 859 113594559
333 199 650153329
340 848 332395061
778 600 999056094
891 861 817343125
446 253 985355552
944 654 998377903
958 992 172530251
539 58 115639215
581 994 264545377
945 441 115639215
819 399 891254694
670 532 998230337
732 943 777063696
198 535 998160902
27 770 520196516
777 531 999718400
115 401 998854169
455 915 679280856
871 260 332395061
508 853 113594559
126 209 196333835
925 780 997994733
924 635 4564142
891 424 998451876
899 946 991037657
313 492 999489893
480 651 803984605
745 705 998230358
417 390 196065673
742 112 998150533
872 518 152860556
966 201 999942341
544 243 196065673
287 20 648614989
803 853 469924091
73 126 37430480
914 944 674145920
478 608 316335191
760 651 275223263
964 971 369970314
936 942 328999718
880 727 635646780
710 852 372381435
617 798 317334691
225 612 998699864
240 345 882135444
359 716 530215777
821 944 689259455
870 977 809745852
341 800 170434892
759 577 896173878
791 678 635646780
926 297 751700563
956 974 887518211
826 677 188323638
543 733 365611607
920 628 649499272
976 937 9245325
227 7 803855286
67 629 999713566
619 192 406147289
990 975 998187574
200 302 749616419
468 559 999234690
517 397 722448049
454 456 152860556
377 596 823699980
363 966 626077095
249 519 382741875
930 525 256131985
901 909 565046642
979 1000 366819622
998 970 660108056
335 290 999146715
969 857 837672332
709 782 581270662
216 357 839729942
60 913 328999718
776 248 963666647
964 863 89018637
760 384 422648469
702 111 108324860
142 175 998764222
899 562 814806911
248 25 314882452
768 625 279488905
404 451 957326891
511 919 481833180
991 786 998215402
889 943 716954024
620 541 442249131
465 811 617670153
867 267 913660909
872 928 918818897
867 919 218619326
756 864 977836081
531 429 946540096
656 922 135443172
898 804 419394493
959 744 513172567
661 800 465007655
551 616 594560673
648 919 828191909
938 981 520852923
626 788 823699980
916 991 999330508
701 713 859652133
421 620 279488905
791 845 963666647
149 405 330624044
830 930 668907837
953 752 420829606
686 655 586618497
488 89 998303451
875 742 161773090
756 843 343970279
975 818 904365235
877 31 626077095
788 707 545036366
192 996 260810639
187 440 494132994
913 942 92136764
643 835 998921047
843 920 113594559
632 657 196065673
531 324 999717252
372 865 218028199
860 549 825885455
718 526 432097366
680 216 983362902
918 200 999437722
218 249 891254694
623 677 97090400
21 372 465007655
708 641 420829606
832 889 223863549
224 918 331205077
324 660 554539298
639 679 999511304
74 239 147121515
590 896 78532550
481 423 679280856
464 790 231538428
844 643 999817898
308 535 716954024
295 408 999848176
383 905 516519154
393 334 853618968
788 842 820483210
360 350 998295046
950 56 896173878
845 770 382741875
43 806 76441027
540 935 362687171
902 987 925174892
384 297 279488905
981 23 998944979
249 680 888028893
19 677 206878990
891 971 999447653
812 964 883163018
743 635 999363056
803 587 741675059
258 431 957175048
11 308 998668128
604 615 999330738
264 636 789131555
520 565 365611607
516 595 880221333
892 873 582889005
916 927 249754454
838 899 999338961
587 492 997990683
465 618 56557253
990 376 105414915
89 132 290231800
976 664 32820663
591 850 533417701
941 928 716814217
175 924 939868142
641 761 108069575
674 248 609566863
337 191 257285509
419 802 998334620
77 416 999214071
432 42 82933786
467 883 582434808
325 994 290848362
213 531 932220081
903 611 999957390
557 904 823699980
872 822 422648469
840 387 998767470
1000 251 297634371
396 191 419394493
598 531 962242101
913 952 609566863
465 125 318023111
723 965 837616197
704 991 998991327
707 425 999476115
429 652 576121152
210 557 999394688
589 906 701399687
951 920 997948232
926 832 634133497
643 909 437509555
497 559 588632600
633 295 483976302
993 952 999761181
197 366 775817666
976 996 264545377
614 861 259163613
179 468 999845265
8 222 354506185
909 950 466710732
911 692 855964895
866 767 953573174
617 827 388802265
704 754 231361994
843 964 639603050
988 161 422648469
873 108 199203829
145 666 782076384
626 903 998453636
751 630 648614989
852 800 413359757
726 664 660108056
622 722 159589310
863 966 421358274
208 716 554539298
660 840 853640803
334 200 327077096
770 208 58165963
68 278 523755457
546 737 999343470
57 732 586618497
539 805 382741875
949 239 229644119
514 801 437509555
516 959 998811631
151 790 999149288
673 421 582434808
915 995 998343514
915 797 622801795
742 933 231361994
782 779 462680375
695 772 999939387
841 806 791923327
379 528 999884170
918 805 998877557
503 265 362687171
743 945 152356280
761 634 37430480
441 143 38673067
263 707 319818527
998 950 998733517
969 134 270824156
932 882 82942437
68 716 250410339
980 792 105186918
698 967 989490963
789 791 999187133
500 568 998071871
994 792 998968879
255 11 225416611
248 285 332395061
351 834 256131985
812 657 339524849
425 549 837672332
732 151 998659821
902 526 583859468
727 674 560681266
936 931 998125491
990 809 153504381
864 914 846540417
764 572 328999718
803 140 148665694
444 663 814753243
491 797 549353997
406 563 999207799
526 461 999240287
838 316 225416611
873 675 575539846
452 620 218028199
826 263 455987882
729 942 83315894
500 916 998023467
28 508 408289237
873 885 25635723
892 660 169464851
678 629 998567823
706 647 466710732
728 384 225416611
767 825 912610272
991 995 747396407
382 454 738432608
481 7 257811519
202 150 259163613
750 313 565046642
311 637 998457134
944 811 465157772
566 961 999549464
989 991 888417883
8 416 997899334
832 996 891254694
671 805 91850139
68 967 624082080
1000 967 998899148
829 882 869059850
467 870 37430480
998 518 372381435
307 13 188323638
468 193 985355552
690 853 560607839
342 687 999913657
676 280 889042858
351 786 295334061
590 934 998525148
480 363 999441984
847 877 904443197
490 999 11453213
921 571 314155830
966 944 977836081
974 136 30076029
990 424 464813050
566 51 305827390
118 71 999814112
986 967 525147698
71 154 328999718
963 861 985355552
989 519 411026960
460 665 257285509
782 847 956784431
792 928 734999297
491 427 998579521
318 121 983362902
320 231 887767796
338 616 837672332
499 883 972056721
516 791 617670153
131 769 259163613
674 189 998057443
165 468 193477113
728 765 848065642
190 161 939868142
900 819 800607027
991 979 853618968
623 595 839461611
927 942 921206188
338 450 406147289
958 959 568296356
844 836 998615838
981 1000 202307166
791 854 442249131
981 937 998750591
192 238 549353997
736 673 317417484
588 179 92136764
199 514 204977386
150 352 826927773
451 463 95406265
658 539 366819622
653 435 359463038
391 844 32820663
631 923 545036366
539 830 588632600
425 284 1950068
971 620 704744235
804 604 606247681
388 385 998087734
577 763 111566402
918 976 262612964
379 629 999990153
690 592 938746148
309 316 521349501
991 969 413831955
910 683 853618968
356 456 23503430
990 946 837616197
432 13 549608061
710 688 655821177
192 626 12553351
61 965 590307430
845 916 202307166
716 521 674968898
561 726 997899769
844 377 660108056
876 938 251274279
917 985 335838540
987 988 416465853
986 993 307823575
253 868 969485257
979 980 399474927
107 832 345897483
128 753 545036366
544 961 192709216
186 151 882135444
706 444 871525980
790 728 679280856
301 907 431265957
250 612 137835645
899 904 45904984
919 485 157230651
217 138 279488905
575 795 507939290
929 912 560681266
481 521 998064649
66 745 528313847
560 616 999924004
737 357 440751518
354 764 999151155
182 853 850611607
554 26 999692886
168 479 738432608
872 697 213278874
580 780 689259455
699 853 834662072
557 412 880221333
371 384 495422546
651 815 560681266
754 321 999455686
700 441 334387198
472 620 880221333
434 275 520196516
396 825 487203250
1000 826 999854520
598 528 998402633
486 874 722448049
876 969 108324860
779 561 999561026
630 876 624082080
451 300 170434892
696 842 957175048
889 997 505547400
479 890 197226211
660 244 85059494
260 517 622415330
146 155 747396407
633 416 532646377
954 964 251274279
454 943 485325198
335 524 946540096
853 740 232328375
805 908 422861195
600 864 776646048
82 340 854465637
468 838 999839716
745 982 23503430
125 422 251274279
736 954 372381435
342 462 305827390
983 880 568296356
410 98 4564142
962 976 851987365
981 985 147121515
620 319 963666647
125 28 135443172
654 803 108069575
429 158 817343125
781 335 791962489
590 553 921206188
808 981 999583963
542 197 999098650
581 453 203281453
568 905 703950153
963 921 999751408
984 961 834662072
148 421 998999317
36 951 84574338
974 945 364740945
895 669 274657344
545 812 718808311
898 576 241638151
459 411 484110506
959 137 12215862
429 485 172530251
879 857 350514790
717 57 290848362
80 317 581270662
982 993 776452379
907 834 586618497
330 553 382166198
953 748 196065673
458 481 999222973
949 557 350514790
212 65 791923327
416 628 999945682
852 493 998405469
849 384 968750281
775 708 998405266
790 881 999993515
953 456 939868142
583 284 998467517
908 708 159589310
52 81 934119670
816 934 197226211
233 302 834662072
352 474 983362902
270 917 23503430
124 295 791002487
465 199 998726048
889 407 999853351
383 624 420141815
676 919 147121515
980 983 786158641
954 80 519167721
746 632 85059494
577 814 399474927
630 395 729162780
847 502 786158641
421 960 998211200
957 809 957175048
992 445 716814217
841 809 172530251
461 883 170434892
740 738 56557253
811 741 957326891
732 474 279488905
913 411 83315894
212 875 16475824
471 560 446254301
351 576 549353997
618 972 999067607
140 964 648614989
450 233 86871613
284 652 998016382
896 997 953573174
330 389 997963309
485 105 999078594
553 725 160016440
929 969 274945463
687 909 918711936
272 294 185906876
51 767 999925077
449 712 946540096
388 432 9245325
541 858 382531102
945 970 613247612
493 924 290848362
824 342 998543656
849 656 250410339
177 443 998358914
888 795 257384476
203 255 998838958
275 397 9245325
697 636 977099054
585 797 622801795
380 383 811370444
346 336 997938243
365 405 196065673
503 928 32820663
249 104 998771786
777 818 213278874
844 950 869156159
894 553 498073739
872 369 1248129
720 171 16475824
491 875 11453213
26 530 103210278
366 656 119343754
592 272 999587569
598 342 998772721
231 444 331205077
187 195 998469946
840 846 999037149
996 997 92136764
436 768 210132047
931 657 351749579
955 923 639603050
57 657 999065370
758 456 530826382
922 848 624082080
440 577 25911561
934 581 744817052
790 714 77531037
478 141 872924599
301 95 985355552
794 312 999502211
643 741 999738164
80 568 789131555
186 924 999850279
926 162 999811789
602 3 111566402
242 664 998795766
744 988 379392151
611 585 855964895
13 122 91268053
291 540 246650899
438 442 58165963
931 681 999582238
229 197 425727895
274 725 998107736
92 345 374912802
537 217 473277608
257 995 983362902
246 361 105414915
992 996 23503430
987 962 552674424
672 209 903536350
88 744 997887295
938 490 193477113
106 280 193477113
14 450 189018446
505 380 350091667
989 956 290848362
620 193 722448049
888 813 83315894
921 283 998405748
92 373 658093060
945 968 999684905
350 830 855964895
157 675 998080962
841 175 161773090
70 416 231538428
502 801 998345909
982 788 305468346
158 306 18069894
960 426 231361994
547 21 913088857
634 545 998406484
53 994 509868394
767 901 840885915
989 660 613247612
782 836 153504381
376 716 985355552
553 635 194718384
635 570 871525980
404 955 388802265
699 398 264545377
717 492 568296356
245 163 365611607
902 747 957326891
232 754 305468346
20 260 422648469
921 683 49056674
191 555 998627845
409 735 998627552
616 657 213278874
443 658 953573174
679 623 722948936
455 645 12215862
655 562 915142124
329 461 484110506
77 834 716954024
588 935 999290534
541 582 443063547
834 560 331205077
568 828 999590803
843 844 921206188
831 969 153504381
743 924 999873422
297 2 769531881
708 793 803855286
668 762 613247612
478 879 560681266
54 708 440751518
915 630 999668531
143 985 888028893
4 868 76441027
868 869 837616197
296 202 554539298
971 938 774910563
866 846 92391723
671 861 999810459
647 882 999399922
386 792 855964895
87 743 464813050
657 451 934119670
363 505 308831908
410 789 998423441
980 989 481833180
943 365 729162780
992 998 640942121
341 914 12562524
555 565 84574338
507 746 640758966
216 361 560681266
52 134 983362902
880 828 626077095
572 392 295334061
305 647 314593160
389 543 196065673
777 872 549608061
719 298 416465853
981 964 998489756
156 58 626077095
