1000 5000 0
292 357 65580880
670 568 330080272
705 363 661090094
337 946 566025061
6 953 298638698
32 888 806451981
513 892 961031181
93 897 525652514
65 187 891453506
815 415 92055096
593 831 404911167
177 998 427683255
371 752 975635503
825 156 628192992
198 867 140374731
857 76 391550169
880 497 554104296
783 702 792843638
490 688 693405143
82 325 934877026
165 31 769273837
502 444 990084295
255 707 106895620
258 438 843433357
848 428 664865969
552 64 638220719
220 136 219094347
293 412 496738720
171 639 477841814
938 970 486044609
603 810 471788272
887 981 103012247
789 19 621280336
638 282 126470273
453 671 569389509
630 118 905744485
744 101 697113963
592 179 982394853
507 726 342073596
959 528 992148105
879 487 163670845
807 951 119722801
478 728 491097089
472 725 302584891
795 282 552026328
813 277 425569631
330 182 447442951
31 572 583309419
187 39 523000300
732 45 992148105
760 736 611476459
239 8 81681509
699 889 103864041
952 197 515813862
274 896 921456037
366 468 338119419
176 74 549386810
165 29 983074463
903 414 829827564
143 966 477841814
532 277 839792586
336 533 671300884
277 575 118221966
686 967 709283941
195 998 818055568
986 391 672522612
99 193 395069051
145 127 406094216
373 737 684107971
235 732 583309419
86 221 285378937
166 683 302584891
763 309 631060875
76 528 854834144
151 948 480867788
994 825 770571185
803 907 92995240
965 882 480867788
645 65 486044609
125 765 366931833
338 882 904935612
831 908 491097089
809 549 411230333
397 603 661090094
993 438 249631885
541 475 103864041
417 339 539536618
909 9 316333435
296 48 304098653
726 430 542216777
885 751 609395279
969 530 905744485
556 259 539536618
953 195 921456037
129 471 347654755
753 853 256168461
797 258 709283941
183 495 510441638
908 501 103975235
991 302 176111689
258 942 405999285
461 437 88462427
876 190 704632415
37 395 743446500
266 272 889960236
978 278 604845015
559 243 822512578
842 898 709283941
565 350 71546179
414 317 89566370
759 715 880856481
554 673 349688316
405 260 792843638
50 472 489963961
432 521 805385963
77 833 792040599
434 7 644787081
958 176 485622763
851 519 435066907
34 137 159628130
833 884 704632415
842 358 390832141
809 565 815087170
22 880 839792586
503 434 892898206
201 521 751691907
417 437 660609527
464 903 99967075
831 491 982394853
443 95 815087170
630 872 126470273
555 49 650425780
419 26 11866334
804 886 572577984
167 633 747018414
184 74 572263944
165 829 805300174
680 736 986503675
237 167 71546179
226 706 345151732
501 459 709283941
755 80 701805650
70 788 768429564
587 696 937892989
932 852 248076748
985 489 485622763
50 514 700551473
608 254 975635503
863 300 105948053
663 223 503341122
236 397 659855897
62 688 924613167
346 862 933659334
903 935 888235272
897 627 202194302
78 123 833773507
570 238 155791991
252 57 217563300
848 757 192275579
881 798 208464131
92 353 151999365
173 767 395069051
893 752 626783105
738 462 709781911
345 404 495049043
919 836 685308698
164 447 572263944
561 473 285378937
382 954 106895620
199 79 510441638
886 173 33844447
558 246 709283941
534 95 73021986
124 727 924613167
821 347 118221966
240 212 522464176
582 909 975383688
921 272 789638548
229 343 219331645
564 595 901427296
314 546 347654755
551 986 804610974
606 60 114539444
495 256 918114380
912 105 103864041
503 431 176337433
664 265 285378937
398 444 435783940
478 719 687304913
589 948 806451981
316 311 67952856
885 476 486044609
931 920 141284900
790 247 563919995
51 323 100524591
899 697 650888320
929 657 390832141
692 142 155791991
724 920 829827564
765 939 832433089
149 276 65224536
121 999 805809529
484 22 119819227
716 334 892404868
499 278 179961983
311 109 349611336
14 289 908342864
483 187 358075717
402 367 228926381
517 449 1886273
311 678 141284900
596 13 980376209
488 688 119903200
864 297 648247764
42 808 773002656
421 989 620633708
406 772 110930676
794 683 610548863
865 388 810642331
708 203 858860797
493 596 205031712
315 454 335625952
131 817 437263815
851 778 566025061
543 928 119722801
816 445 152209235
784 804 605303794
952 532 769273837
730 262 525652514
47 636 278018378
716 997 486044609
546 582 667956082
381 263 599938386
260 151 271092410
271 753 92995240
219 198 353468487
321 541 219331645
943 189 330003063
934 220 960889569
877 529 895623811
755 263 954355083
300 88 961031181
492 460 103941910
613 12 509882475
813 941 843433357
983 848 390832141
1 248 444119499
754 764 102879765
443 432 99967075
535 399 92274032
310 354 293270229
651 407 829827564
567 997 457101317
218 505 650888320
449 521 125017752
800 980 901427296
20 976 689801846
24 849 891453506
671 774 224714617
609 455 141284900
354 19 904935612
620 41 693405143
820 290 272351014
314 509 108393275
188 416 889960236
383 112 173431856
151 67 595832279
618 920 811895945
604 610 848685290
457 553 933659334
739 426 65580880
722 805 986503675
776 999 75241545
735 642 65580880
19 638 693405143
855 860 228926381
821 396 81681509
586 977 852131423
557 717 491097089
790 880 853954239
830 94 677479643
834 484 632562083
165 878 789638548
327 955 979141342
609 532 518067047
892 242 411230333
194 371 179961983
975 430 143266215
248 742 620633708
128 187 205939041
223 3 179961983
747 26 271092410
615 300 913475828
216 360 16489461
40 495 638245512
265 291 515813862
850 720 818221957
52 559 452266730
683 155 321460732
240 966 669841223
468 628 68916565
40 170 46588127
418 561 342073596
154 518 667956082
429 413 518067047
889 105 433886691
816 435 253669784
644 44 604845015
33 634 343525882
352 245 523000300
146 394 47413021
854 581 66360859
505 812 65580880
484 440 370588040
893 294 484519287
982 90 119903200
441 520 92995240
186 53 182309522
624 612 92055096
691 129 975635503
945 675 358075717
272 559 338119419
209 685 266514015
457 925 676759013
722 755 231278650
466 377 792843638
574 884 720401025
697 929 585079074
64 827 341425565
267 979 661090094
191 734 877603488
451 606 522464176
634 57 818517379
225 420 102879765
84 582 232534092
227 999 8103904
585 563 266287088
662 24 364362610
672 454 5939196
802 749 345151732
990 634 99967075
746 592 858860797
301 742 389544733
599 405 266287088
854 1000 747018414
125 351 549386810
906 634 929169569
147 410 338119419
996 469 933659334
648 349 319064232
756 865 353468487
15 790 305971386
769 234 628192992
527 302 838995990
680 178 71546179
806 96 742228095
737 955 277085933
538 677 547952306
357 935 333294920
799 953 595832279
359 635 620004161
765 637 504174363
128 190 607200780
630 104 758663903
674 187 538989369
72 681 880856481
648 19 515813862
698 154 379105117
411 188 688890240
784 348 705558804
206 685 208464131
796 202 511769224
404 571 143266215
885 378 583309419
118 498 915674219
239 635 852131423
780 736 559146776
13 725 410693670
216 983 583309419
624 68 511769224
974 702 818221957
477 188 954355083
176 790 704680779
241 407 595338529
703 284 370588040
135 938 770571185
58 597 165338821
189 88 163929714
996 542 427362447
619 577 869362830
736 86 864197560
679 914 944977511
192 841 321832
338 330 425569631
921 303 396447756
509 513 517599284
284 922 628192992
220 659 36764873
423 411 517061718
953 394 858860797
814 510 583309419
403 287 164357189
414 534 652782432
989 260 103941910
905 903 314319220
365 629 441540733
243 255 776623895
444 374 343525882
276 907 484519287
876 268 721681966
48 304 992148105
837 780 770571185
43 303 447338506
489 856 598419048
515 1 572577984
737 768 769273837
16 238 919989469
506 443 217563300
18 277 237810191
979 594 427362447
749 892 197843644
932 263 220931501
903 702 495049043
810 328 458524439
791 54 543989790
255 485 349688316
353 406 711347274
868 818 843077978
288 587 92055096
877 600 495049043
385 779 830161017
647 51 648247764
910 996 435783940
488 953 523000300
584 468 447338506
295 355 895623811
174 204 992148105
895 691 810642331
206 491 2863799
598 992 817561437
734 942 985652570
967 656 119819227
651 308 621280336
850 251 321460732
667 702 905744485
958 286 770571185
102 146 415313908
68 439 219409781
958 962 563919995
398 819 67952856
477 801 335625952
80 616 427759017
68 562 97862457
907 313 985652570
541 30 843433357
902 90 217563300
954 702 176337433
512 698 370588040
869 424 789251670
826 104 541700316
988 812 126470273
238 711 9411766
530 465 302584891
884 496 11866334
680 442 425569631
280 555 485622763
435 916 526457962
203 351 165338821
777 838 77724422
279 625 92055096
71 531 552026328
854 22 143266215
344 980 776623895
480 774 321460732
742 113 31347169
505 305 427759017
139 486 182309522
946 915 119819227
350 73 8794588
324 682 415313908
187 25 395069051
193 571 389544733
907 814 503341122
155 844 231278650
762 538 811235322
125 38 11866334
222 293 609489718
24 122 843433357
462 481 976840257
653 694 426513495
958 285 618155882
710 550 392261366
297 256 434431595
935 590 284540699
97 811 804610974
887 282 549386810
963 919 765784542
597 636 660733176
740 790 354282596
687 558 163929714
936 108 685308698
36 562 920178605
883 618 889960236
214 145 609489718
216 541 747018414
71 289 530759284
746 295 522464176
429 75 806451981
74 737 552026328
750 681 92274032
668 751 411569182
297 745 460988399
871 230 491097089
712 106 330209653
893 724 888235272
216 741 208464131
646 580 585079074
275 336 667956082
83 77 638245512
655 677 720401025
860 55 811895945
132 712 870552569
11 345 177567962
637 213 113396160
917 704 870552569
79 340 975635503
646 181 768848262
796 138 626131628
766 282 843077978
657 885 103864041
175 678 410693670
830 232 105948053
456 347 477841814
923 670 711347274
391 660 711347274
142 331 89806164
838 957 77724422
930 812 818517379
490 502 605303794
347 655 331444589
964 27 139432009
335 722 16489461
308 365 628192992
761 734 785215000
289 823 892898206
598 231 173431856
776 960 707073788
332 27 869362830
410 274 216656785
69 447 484519287
734 622 950924540
89 596 709781911
666 875 913475828
528 880 983559039
196 867 818221957
183 797 393397688
256 141 972969422
861 909 205939041
731 466 921456037
241 644 877603488
904 237 228831664
489 331 108393275
125 248 370588040
187 805 237810191
605 683 976301766
281 845 30510904
344 944 659855897
409 429 404536943
474 191 125017752
333 550 689801846
524 84 793213671
341 268 100524591
307 76 277085933
770 976 119903200
126 769 162743787
180 788 864197560
911 118 277087324
176 496 700551473
279 31 266287088
270 957 458524439
229 843 389544733
529 940 891453506
490 110 901903155
336 928 406094216
59 989 463306518
250 483 937893658
395 968 350382738
161 788 139464567
273 913 497907672
204 163 97862457
233 855 42700412
947 61 370588040
115 856 447338506
146 372 42700412
798 839 538989369
128 157 220931501
224 154 773315916
742 850 169928517
175 640 950924540
933 446 888235272
343 842 5939196
522 757 92995240
216 686 518067047
639 643 961031181
832 945 364362610
711 393 688890240
975 791 789251670
627 926 937893658
536 422 620004161
779 458 100524591
727 26 700551473
554 7 631060875
104 341 350382738
748 369 554104296
362 572 126622020
57 434 389544733
432 682 435783940
369 947 944977511
467 60 208464131
446 111 765784542
400 573 732637056
356 775 767702534
671 195 579364144
780 160 638245512
256 944 704680779
636 644 224714617
264 714 975216534
594 790 164357189
271 146 335625952
588 945 81681509
586 150 89566370
186 585 139464567
754 100 688890240
870 792 601150412
814 733 769273837
130 917 693405143
550 891 563919995
611 956 659855897
879 862 970048638
332 694 563919995
330 353 880856481
624 758 975216534
452 584 349688316
761 22 176111689
293 747 864197560
216 293 818221957
67 747 274138850
972 276 924526358
35 301 605303794
470 528 374235658
560 765 844282583
565 804 49847188
499 375 16489461
17 305 89806164
83 56 599938386
360 647 891088143
197 337 672522612
516 479 250027642
709 499 425569631
145 458 881549153
977 478 828876847
231 82 747018414
425 917 97142307
409 621 491097089
153 29 105948053
193 429 8103904
739 559 620633708
726 298 651312685
826 924 792668350
712 489 960889569
871 821 221196318
28 454 458524439
117 973 92055096
158 457 35330037
947 859 103012247
873 647 595832279
847 461 330209653
973 150 970048638
266 952 441540733
880 901 544630889
417 545 36764873
945 626 219331645
78 453 179961983
632 583 377212795
727 91 284540699
86 961 683257758
580 984 658283919
308 508 219409781
699 134 441540733
285 205 284416277
358 93 331444589
253 642 661090094
964 482 12799016
350 10 377212795
568 647 250027642
654 163 435783940
140 401 404536943
560 785 5939196
564 425 618155882
408 519 441472620
652 834 370588040
661 188 284416277
838 991 374235658
551 669 838995990
857 610 1886273
717 709 759012760
589 269 699692141
235 679 360304737
441 206 393397688
37 176 221196318
537 336 539536618
268 824 159628130
305 731 985652570
103 763 474908508
709 940 255032236
155 69 830956907
142 858 477841814
848 813 173431856
553 347 751691907
456 835 931199275
747 619 8103904
889 433 439622829
781 544 917789517
607 320 954355083
893 226 689801846
356 181 848685290
93 152 671300884
2 937 659855897
885 623 360304737
736 529 106801330
217 555 638220719
824 690 773002656
754 815 724319762
352 967 693405143
500 11 820393824
569 165 444119499
103 885 818055568
587 851 176337433
395 185 704632415
162 172 917789517
811 808 720401025
536 418 360304737
183 729 888235272
576 36 569389509
390 314 151999365
840 249 585079074
87 526 330209653
902 342 410693670
291 171 992148105
130 620 811895945
885 681 829827564
339 999 788268626
209 967 620633708
408 436 844449996
39 900 16489461
810 216 659855897
514 376 410693670
640 723 458524439
881 30 248076748
242 624 319849387
840 938 707073788
93 840 669654921
947 624 569389509
508 215 788268626
763 156 948643561
917 511 831225697
12 820 651312685
591 94 818055568
848 129 314319220
70 769 67197627
869 414 379105117
999 991 700551473
336 2 126622020
843 3 830956907
571 430 706709154
479 659 699692141
179 110 333294920
148 5 255032236
564 400 888235272
210 493 487009476
361 430 789818844
871 232 683257758
818 569 352375158
63 246 518067047
257 255 869362830
483 253 458524439
282 907 274444478
997 419 604845015
735 66 905783539
386 717 118221966
133 72 526457962
667 312 389544733
530 30 742228095
15 504 8103904
540 197 810642331
88 299 126001222
777 368 42700412
721 672 447442951
120 523 549386810
565 770 163670845
572 200 799890925
458 70 688890240
254 497 182309522
388 594 108816550
107 830 316896302
287 883 159628130
956 635 705558804
96 609 266514015
493 457 980376209
525 237 395069051
803 655 389544733
311 595 477841814
430 144 638245512
22 346 970048638
681 617 314319220
655 364 404656751
236 136 110930676
822 486 638245512
306 939 67952856
463 654 1886273
119 846 197843644
919 666 81681509
691 100 843077978
664 569 905744485
363 283 314319220
767 659 390832141
996 662 321832
21 13 392261366
963 364 42700412
356 378 905783539
414 787 704841840
927 142 102662414
22 912 891088143
876 196 815087170
202 192 497907672
420 144 604845015
676 728 410693670
392 318 910457083
697 849 250027642
773 521 486044609
617 445 650888320
214 462 277087324
460 486 854834144
693 339 248076748
435 4 970048638
168 713 910457083
658 531 47413021
276 605 316333435
358 380 391550169
108 71 743446500
601 431 721681966
747 544 176337433
450 460 392261366
681 684 933659334
494 381 544630889
705 250 463306518
391 204 126470273
613 379 576763342
139 498 888235272
856 537 239009406
961 751 458524439
44 208 97142307
550 988 767702534
949 289 811235322
606 490 364362610
71 213 179961983
26 882 477841814
118 23 126001222
878 980 99967075
233 536 650425780
848 902 572577984
418 647 119903200
12 609 2863799
116 678 789251670
281 476 818221957
94 997 179961983
387 202 151999365
786 871 559465443
903 552 700551473
402 966 391550169
602 946 97947047
635 471 595832279
194 85 480867788
566 154 293270229
25 695 392983115
208 129 5939196
721 598 480396714
119 322 151999365
512 828 378063112
578 737 285378937
162 142 314319220
885 579 403764641
531 995 378063112
330 710 759012760
371 261 601150412
987 437 338119419
718 312 542216777
585 497 549386810
140 569 366931833
422 551 905744485
584 144 644787081
894 951 219409781
360 427 621280336
36 284 1886273
950 639 151999365
721 945 683257758
12 793 484266999
87 628 327886526
429 446 11866334
524 713 844282583
901 274 888235272
296 319 277085933
490 670 664865969
901 383 319849387
631 399 16489461
548 213 477841814
188 730 392261366
998 894 395069051
320 921 345151732
346 689 411230333
498 665 66360859
252 425 36764873
983 811 510441638
883 791 800080522
998 556 685308698
425 236 704680779
778 93 441540733
745 169 659855897
719 276 632562083
452 632 693405143
276 326 538989369
616 714 901903155
160 404 504174363
262 140 830161017
836 743 976840257
792 225 415313908
678 890 732637056
448 420 789818844
398 547 300638599
971 658 321832
775 131 471788272
710 228 810642331
273 31 933659334
207 809 700551473
560 63 105948053
295 384 789251670
133 32 792668350
894 318 349688316
72 866 626783105
231 70 81681509
286 546 274138850
614 365 65580880
329 851 572263944
168 512 228831664
701 527 271092410
199 843 818221957
244 425 110930676
309 679 379105117
457 700 986503675
287 475 460988399
649 389 792668350
46 547 126622020
501 159 595832279
312 747 881549153
238 82 706709154
49 544 208434234
404 370 659855897
120 17 805385963
399 687 404656751
694 652 495049043
429 119 792668350
897 862 687304913
211 991 484519287
304 81 468253528
198 489 648247764
231 122 650888320
580 841 173431856
996 15 975635503
409 641 228831664
187 680 910457083
539 288 950924540
649 757 192275579
516 227 228926381
830 34 330080272
98 263 979141342
874 236 818055568
677 203 11866334
782 350 539536618
350 88 92274032
771 724 496738720
237 744 18144018
799 114 805385963
148 762 390832141
111 759 349688316
181 918 572577984
48 184 284540699
667 367 126470273
322 650 271092410
633 630 601150412
902 845 997713593
696 642 319849387
391 882 998818847
605 999 141284900
896 113 513733606
215 790 162743787
707 772 305971386
350 336 999405033
137 152 704680779
823 523 706709154
904 947 497907672
322 842 998634168
636 915 277085933
767 903 517061718
948 92 8103904
559 158 998909539
130 455 321832
862 461 685543778
154 511 927696433
834 946 999423790
344 188 998966484
376 30 998287532
531 687 998407212
420 269 447423932
992 979 358075717
318 12 998980760
900 975 920178605
36 996 804610974
51 116 426513495
636 839 892404868
776 117 998420776
970 959 975383688
196 143 998922717
538 237 998384874
629 976 404536943
990 994 638245512
763 857 354282596
173 229 998886253
992 996 35330037
393 560 998463834
577 803 30510904
341 508 354282596
668 764 999799889
805 990 460988399
811 962 300638599
933 681 690021248
950 964 699692141
696 612 998755930
774 776 997718100
251 554 189097498
228 973 843077978
423 275 999681440
75 199 477841814
225 243 999436332
803 995 162743787
393 628 792843638
999 1000 26964846
982 349 998826814
844 762 892404868
707 137 751691907
853 240 119722801
690 812 159628130
744 202 47413021
897 525 805809529
301 753 169928517
642 560 999201298
894 897 699692141
550 581 392983115
908 412 810642331
595 205 208434234
391 155 173431856
980 922 390832141
547 892 327886526
624 998 998100642
601 978 785215000
845 392 999817634
464 215 998451411
990 881 343525882
968 452 554104296
914 989 511769224
750 409 997789848
752 698 192275579
977 984 998558746
796 405 998491717
187 72 999749533
917 885 217563300
311 64 566025061
412 550 999243113
778 726 975216534
744 736 999055602
931 951 302584891
262 830 272351014
72 499 979141342
907 407 998730252
704 840 410693670
953 968 92995240
491 225 997924366
891 918 998100913
478 43 370588040
829 144 999441297
662 846 669654921
746 339 998272846
93 846 998150244
824 384 474908508
931 981 271092410
591 502 998909367
906 811 563919995
211 359 250027642
577 857 677479643
792 246 609489718
707 734 924526358
519 545 715965831
814 775 176337433
923 874 999307608
983 970 998566936
363 175 364362610
360 366 638245512
194 978 92274032
206 704 139464567
843 792 999564980
767 748 411230333
944 774 491097089
438 373 999625994
785 811 68916565
704 835 877603488
782 639 792843638
844 251 67952856
978 994 249631885
981 938 999865870
945 981 999630651
742 622 316896302
720 976 998522619
490 829 140374731
598 50 232534092
869 854 625568739
248 118 870552569
74 475 990084295
542 749 18144018
688 537 997793226
727 256 139464567
247 337 1886273
971 939 466789401
998 852 998108214
715 792 559465443
544 314 999868794
150 63 998772675
359 466 997651754
349 141 999214341
527 217 360304737
802 946 997790473
906 354 378063112
471 558 139432009
960 937 664865969
694 871 997718263
95 247 999844818
223 195 998596458
983 889 410693670
745 384 998742526
811 824 999384664
280 750 998641918
878 103 444119499
435 458 8103904
964 956 192275579
656 860 73021986
101 776 998189672
488 127 998239767
490 15 997745689
153 662 105948053
977 987 669654921
997 664 998288787
999 928 998504654
975 863 997966181
328 606 997887509
837 728 537909129
266 966 999836111
893 267 997730490
65 990 100524591
616 994 998600015
839 191 998735978
317 614 517599284
435 107 998977896
350 636 997742765
978 950 543989790
867 955 26964846
885 574 998625104
970 950 998694838
641 416 576763342
645 768 140374731
926 290 999036029
783 301 999131333
887 967 205939041
389 68 999968409
210 740 651312685
534 626 997938460
662 607 216656785
930 207 224714617
648 450 208434234
636 172 272351014
729 557 998221131
918 935 998317114
471 846 999920937
828 963 559465443
966 940 998851073
712 626 997745832
646 3 278018378
892 439 711347274
533 168 689801846
431 564 648247764
386 109 610548863
481 589 998478126
775 753 914475092
390 382 768848262
972 888 999690098
182 557 193137194
194 304 950924540
324 684 999209372
359 191 248076748
806 877 458524439
121 917 818517379
867 829 103941910
700 92 999901231
928 845 477841814
830 942 997980850
110 150 181101128
985 963 999879170
849 797 999096751
980 956 839792586
428 472 920178605
997 994 466789401
899 763 905783539
996 682 999116632
238 149 997997386
677 808 848685290
922 898 486044609
432 898 169928517
934 882 216656785
390 360 999763599
437 208 998601226
478 949 999687369
913 384 999329888
73 276 999649426
460 873 302584891
875 910 997997113
687 792 997936573
488 331 538989369
561 391 999941355
938 946 391550169
912 965 650888320
366 272 749779953
395 438 917789517
554 557 125017752
935 875 954355083
566 667 997966245
960 594 16489461
435 947 486790965
692 475 517061718
895 998 937893658
615 812 927696433
623 929 998689192
534 9 997832693
911 980 9411766
552 247 966866389
350 360 998015359
841 624 335625952
37 484 699692141
605 916 661090094
379 981 681429011
932 1000 998002377
100 387 999642113
914 980 999110548
440 651 918114380
339 284 75803692
985 977 285378937
589 876 998959424
657 878 901903155
127 384 390832141
424 172 554104296
883 921 487009476
554 834 998529309
653 537 248076748
998 913 900151575
974 991 998344116
990 995 818055568
514 331 378063112
770 484 999661429
332 724 998732750
679 646 75241545
266 977 838995990
624 577 999884192
514 757 999860240
387 55 999100003
691 700 998424037
842 938 818517379
447 723 983559039
120 963 65224536
925 825 119722801
991 980 997669128
870 856 513733606
101 978 999729740
843 538 706709154
563 396 997933105
305 434 106895620
949 464 685543778
576 938 870215746
919 617 341425565
628 21 576763342
387 547 437263815
330 609 999130059
968 869 162743787
456 979 999290539
907 892 285378937
888 863 998496991
499 513 284540699
684 677 998767786
814 527 35330037
989 984 999677959
963 871 805809529
499 481 97142307
923 868 997656751
982 998 998585521
160 136 684107971
630 425 452266730
989 738 792668350
819 259 789638548
622 625 119903200
628 803 108393275
767 744 681429011
283 413 854834144
897 66 224714617
938 360 998953262
654 452 999456548
433 619 219094347
899 109 411569182
280 178 998802799
986 996 314319220
847 925 999987046
899 709 721681966
202 766 278018378
170 161 998511170
879 999 999232518
727 455 517061718
717 587 999570345
563 832 321460732
775 576 998345401
683 927 119819227
704 904 998162208
448 473 255032236
560 182 998516997
715 466 888235272
844 890 632562083
407 186 515813862
638 619 117945298
261 656 829827564
509 570 998926445
506 787 36764873
797 871 998305752
791 698 830161017
859 61 998455405
956 706 999079677
963 682 510441638
96 56 773315916
496 205 999291235
144 632 998959434
899 653 998831850
909 973 999619677
925 869 704632415
980 993 999365109
254 421 998894527
231 197 773315916
931 74 950924540
310 779 669841223
487 503 805300174
831 542 672522612
936 932 997863530
703 541 321832
592 845 176111689
175 294 792843638
107 362 999544514
662 936 601150412
917 799 125017752
636 758 998350491
815 725 685308698
662 960 544630889
703 985 788268626
841 791 487009476
401 922 999460066
201 25 997820108
828 135 998978762
792 276 999890280
961 988 853954239
593 931 97142307
978 908 829827564
965 65 378063112
857 213 999668117
882 755 92995240
26 707 66360859
298 783 711191292
383 848 350382738
586 443 999241828
97 319 997893416
906 908 248076748
530 226 644787081
671 665 869362830
175 541 998722039
293 219 169928517
603 970 163670845
291 484 870215746
705 6 999161756
163 167 117945298
621 942 999489800
759 757 999970327
733 634 999121036
373 294 997820776
927 975 427683255
197 579 347654755
900 903 632562083
177 961 579364144
909 114 999626330
32 170 732637056
80 517 998460269
729 712 271092410
372 235 97142307
875 878 237810191
934 751 950924540
470 493 999646043
887 856 998088299
733 348 998168321
445 547 901903155
992 940 817561437
728 275 999071979
170 570 89806164
197 738 253669784
674 996 998008703
774 495 102662414
861 993 990084295
993 129 998530644
817 985 486044609
561 432 792668350
914 567 998180390
708 640 999283909
864 366 999287049
851 946 920178605
625 161 998050880
981 703 997893426
966 621 999474607
936 386 335625952
806 861 998371168
373 475 864197560
911 417 427362447
475 676 999594434
823 627 998398520
963 821 770571185
44 253 700551473
960 378 844449996
989 636 1886273
824 747 724319762
5 632 304098653
357 852 123712404
973 473 31347169
670 584 999035653
949 613 948643561
590 985 141284900
867 855 572263944
691 701 998086682
202 612 237810191
677 831 366931833
864 739 998168390
520 524 999686565
677 607 437263815
133 79 224714617
350 153 998866214
4 982 999655701
396 911 406079419
280 755 997923771
974 523 998466918
946 720 997718656
861 880 667956082
498 869 306557944
979 908 228926381
951 987 998511074
379 470 999970928
478 620 511769224
220 900 126001222
26 306 491097089
972 155 406094216
575 318 11866334
26 741 441472620
954 989 997868856
416 395 165338821
466 811 998158746
743 456 208434234
96 628 852131423
774 742 998484208
299 509 998913808
631 277 999554224
927 834 997749881
771 685 347654755
108 280 806451981
839 76 511769224
773 311 930350969
637 342 999392645
385 691 999292278
877 155 999654159
989 630 998285356
996 972 998465671
889 273 117945298
463 277 999825057
549 828 103012247
700 614 411230333
691 338 77724422
541 981 998548387
239 64 998044414
879 964 975383688
621 893 19850263
642 643 999715818
35 576 704632415
987 510 998705862
905 428 999776892
740 211 437263815
625 772 704632415
924 427 749779953
716 536 999460493
241 778 460988399
178 154 676759013
984 63 999741348
511 592 683257758
422 389 227443740
160 816 319849387
723 558 644787081
942 957 333294920
242 490 435783940
940 897 919989469
263 523 650425780
976 970 998731673
988 994 999651613
683 488 176111689
287 846 773002656
992 968 999762859
226 156 997828621
693 881 788268626
641 630 110930676
593 399 720401025
913 683 390832141
397 537 626783105
891 719 141284900
974 932 250027642
641 754 980376209
943 939 999168765
658 456 626783105
375 985 998502459
385 531 353468487
10 854 700551473
624 709 108816550
838 175 997856484
879 894 447423932
528 452 411569182
550 120 604845015
984 900 693405143
821 63 767702534
823 342 999406298
703 976 437263815
794 938 998481791
51 159 345151732
102 983 999543977
746 906 182309522
866 752 998393547
847 884 227443740
987 916 685308698
93 919 113396160
180 411 975216534
687 823 569389509
403 35 661090094
571 845 523000300
900 292 999821078
794 599 998590117
531 674 998028307
938 483 998560074
145 838 998125332
253 102 706709154
705 617 999292128
17 199 999486858
156 829 998261730
46 260 208464131
592 958 901903155
936 988 117945298
512 578 997662782
645 212 998883088
317 423 272351014
725 684 998678788
270 514 345151732
594 389 905783539
438 85 789818844
835 967 701805650
799 242 515813862
122 149 997724573
966 988 998267955
569 952 999178861
977 964 452266730
134 682 997674664
919 811 999152116
443 541 2863799
1000 992 913475828
934 690 8103904
561 197 997947167
935 943 997888898
61 150 139464567
452 227 961031181
283 754 758663903
870 723 998813110
998 953 998033553
787 944 871922633
402 235 999840303
612 632 804610974
274 828 818221957
968 870 249631885
989 983 998343253
627 468 626131628
511 960 599938386
8 832 341425565
255 403 676759013
912 886 672522612
415 828 998403745
174 482 284416277
981 725 805300174
702 962 999515566
845 239 468253528
909 916 999385113
895 47 975635503
863 698 732637056
14 505 999753142
553 874 495756069
278 336 354282596
826 55 113396160
207 354 435783940
757 170 181101128
981 978 998781707
832 469 800080522
654 542 997649482
624 75 396447756
8 779 227443740
984 915 999425261
887 690 999204660
813 802 998337637
710 967 221196318
640 947 114539444
946 998 537909129
779 833 486044609
999 998 97862457
720 788 999711627
551 452 173431856
618 924 998427381
754 502 403764641
264 97 998441578
985 450 89566370
666 779 220931501
802 504 792843638
87 210 998040719
664 848 999564835
355 279 999754871
316 240 997832029
206 737 305971386
751 478 266514015
969 469 999593209
411 479 192275579
152 472 106895620
144 773 316333435
366 761 176337433
820 265 999284104
610 695 275243082
906 878 999489746
811 960 193137194
707 836 997808758
157 776 998028067
816 385 997846326
94 515 805809529
951 968 709781911
807 799 997801001
939 926 75241545
904 428 998216931
335 342 302584891
173 180 853954239
61 402 228831664
776 516 671300884
85 507 999416046
711 804 997706142
537 460 274138850
765 763 547952306
32 22 998622486
762 838 999127987
84 745 997672836
635 599 961031181
124 541 404656751
971 789 998935700
988 992 669841223
976 933 999631909
459 638 284540699
954 775 913475828
732 16 998133534
911 992 998352150
831 859 998568234
984 976 627032641
276 424 693405143
794 894 998317982
64 958 999238755
484 825 892404868
667 354 715965831
25 675 441540733
446 878 632562083
941 840 26964846
714 937 659855897
975 864 999210481
235 41 999156627
340 321 999565952
646 807 554104296
690 983 999436993
769 606 975216534
408 833 998726029
577 966 585079074
514 488 998592245
857 380 997819538
821 945 278018378
456 57 595832279
395 779 999836689
866 705 707073788
198 19 800080522
279 48 999032537
674 85 684107971
915 725 999499803
30 111 895623811
739 900 792843638
826 854 75803692
365 144 998442968
986 987 908342864
831 23 511769224
189 261 102662414
572 994 843433357
590 303 999129471
205 128 458524439
626 866 793213671
572 75 811235322
23 366 999259920
952 260 406094216
117 667 773315916
761 702 35330037
902 505 544630889
478 839 998990766
75 531 999936229
130 833 966866389
68 329 300638599
803 702 46588127
195 55 927696433
379 27 352375158
869 754 999769458
924 965 517061718
825 966 999681610
454 440 110930676
949 879 870552569
850 447 999616257
770 709 458524439
332 29 330209653
858 363 563919995
828 973 999024730
789 657 927696433
203 124 789818844
591 660 998249449
580 822 110608431
730 675 271092410
826 151 999859938
864 876 999115981
930 650 999294048
854 256 221196318
857 913 997728842
614 48 998205659
624 529 998794599
784 129 306557944
553 943 999023757
353 779 169928517
740 772 768429564
599 843 36764873
554 617 638220719
811 138 256168461
561 126 486790965
114 703 999002591
86 147 999766830
634 745 999521094
636 681 999658106
627 817 742228095
395 959 316333435
904 871 675897324
375 931 880856481
842 232 992148105
974 983 998287100
960 923 460988399
941 939 319064232
503 486 999857387
633 515 999101452
946 991 601150412
633 619 169928517
121 901 998766735
802 820 999840702
998 993 452632904
30 36 997991800
799 928 675897324
643 39 998923948
689 551 599938386
864 610 997867828
238 98 998285796
696 929 102879765
979 971 998397399
224 502 392983115
746 685 905744485
766 674 177567962
814 750 89806164
122 892 999426789
694 834 998868313
739 609 999095200
873 469 998919339
216 956 140374731
109 655 999230410
725 738 751691907
740 164 256168461
766 544 392983115
996 983 433886691
996 953 998333947
355 204 353468487
596 712 998351635
700 316 496738720
968 288 346585363
516 640 999099819
925 566 999686375
765 944 327886526
1000 259 997846455
478 636 998647639
786 643 999291649
774 537 999531556
751 606 625568739
493 898 117945298
768 773 929169569
908 603 998405716
584 858 999810350
18 458 918114380
149 680 998430073
706 726 618155882
138 622 250027642
878 956 684107971
942 684 920178605
932 180 444119499
926 723 42875580
894 816 504174363
994 729 216738710
963 940 999810919
901 961 998208195
780 549 998356798
700 738 631996080
841 867 452266730
306 764 999724766
608 758 396447756
970 992 999156927
239 630 999128420
983 312 504174363
159 800 392261366
805 986 631996080
741 567 658283919
970 980 870552569
966 632 46588127
15 983 274138850
964 980 998723342
902 717 607200780
850 960 998055510
213 48 601150412
586 885 523000300
882 500 377029273
999 739 113396160
966 953 604845015
875 532 998229659
35 486 439622829
853 959 306557944
798 853 569389509
379 778 844449996
905 830 439622829
224 250 221196318
969 992 304098653
292 5 155791991
531 699 998234224
551 263 999973811
675 959 930350969
177 701 742228095
781 987 999923758
526 307 618155882
51 765 358075717
653 449 255032236
40 161 119819227
969 351 333294920
265 680 999293519
994 995 327886526
5 201 658283919
690 616 609395279
793 728 410693670
47 446 999980634
472 588 998954307
458 589 97862457
814 754 998348765
418 358 217563300
727 815 997751882
23 551 820393824
831 946 119819227
270 55 998143420
91 162 290481444
242 400 110608431
785 672 231278650
749 262 518067047
958 875 675897324
198 542 100524591
19 992 667956082
312 410 193137194
361 87 999864857
692 882 638220719
985 918 998321933
532 274 284540699
348 191 181101128
59 208 572263944
643 914 785215000
488 442 457101317
947 954 88328942
144 425 998951189
574 72 525652514
838 575 538989369
93 705 349611336
613 810 672522612
301 367 997749201
988 982 998914888
25 399 672522612
340 664 711347274
913 446 669654921
653 804 102662414
794 771 477841814
894 651 997843494
598 404 217563300
848 661 999683276
765 612 997674837
894 341 975635503
206 625 9411766
770 377 998352965
1000 982 998994525
358 434 751691907
662 313 998393507
740 552 433886691
398 527 770571185
339 539 998425084
940 608 997815307
814 530 208464131
836 764 538989369
325 995 620633708
714 728 997842111
782 415 173431856
31 699 930350969
46 496 998578041
593 522 66360859
683 598 895623811
722 583 998172360
828 580 300638599
697 659 806451981
473 472 921456037
101 494 793213671
706 440 999303875
427 393 693405143
102 891 999827613
950 939 227443740
805 306 844449996
997 594 997974120
451 684 631060875
988 877 81681509
830 13 997924537
654 54 970048638
491 767 697113963
300 45 998278599
234 713 173473986
333 132 700551473
708 639 999205858
780 967 650888320
94 791 151999365
519 911 998474850
318 455 998481965
839 705 88462427
341 975 999532063
23 941 352375158
893 812 998752488
974 342 901427296
987 923 609489718
711 896 998206380
945 956 480396714
298 887 330209653
454 557 998071713
603 697 177567962
186 789 998145624
328 404 293270229
925 802 998053183
551 512 999668794
822 516 125017752
84 395 998196749
846 855 785215000
841 677 998291421
488 24 720401025
361 395 176111689
561 517 998315483
773 736 999139905
957 912 71546179
859 864 77724422
634 304 626783105
437 36 353468487
69 304 206977148
58 45 392983115
742 498 105948053
256 272 460988399
426 821 997797699
610 940 227443740
892 717 644787081
524 954 495756069
746 936 119903200
851 952 486044609
670 130 997760569
521 455 92274032
988 986 164357189
686 966 249631885
939 522 999909848
689 802 770571185
953 745 999660186
309 20 843077978
20 811 559146776
824 999 620633708
265 776 869362830
773 642 853954239
995 461 999378819
57 640 998322231
610 306 92055096
209 919 998959120
260 267 998413890
942 853 471788272
12 104 999043847
383 206 999267034
967 1000 998907563
403 961 999335452
551 589 503341122
888 968 998319575
282 983 620004161
602 423 997763188
541 184 891088143
657 516 998418199
45 527 998841433
782 800 998495978
740 658 743446500
923 613 810642331
953 940 785215000
109 968 793213671
997 956 905744485
287 437 228831664
738 605 997760862
202 890 8794588
768 967 123712404
783 955 73021986
293 278 165338821
948 926 998983160
319 277 387514284
393 37 352375158
257 601 998873804
753 850 997656357
527 155 999690115
603 442 998971881
197 4 759012760
588 483 997697064
513 366 999645502
896 549 67057570
913 799 800080522
643 858 644787081
301 468 162743787
233 496 870215746
164 170 999783105
933 733 999072520
297 560 392983115
683 711 997875215
896 878 139432009
388 655 998726333
205 600 341425565
708 714 785215000
881 305 998031939
988 536 572577984
135 273 631996080
995 932 219331645
602 514 395069051
293 419 820393824
957 987 113396160
85 376 914475092
616 790 997670523
804 770 997714301
840 983 266514015
539 916 595338529
172 70 999636189
440 697 628192992
162 402 605303794
844 481 998695897
757 227 998240555
804 831 998740018
895 105 377212795
796 149 999172004
829 315 998618656
312 378 998376728
991 673 140374731
959 917 999739846
89 90 997648592
998 994 919989469
294 878 220931501
599 436 108816550
925 911 460988399
950 993 92274032
939 917 999151562
541 992 999858057
348 878 88328942
60 598 49847188
992 894 274444478
572 373 335625952
242 122 118221966
551 506 997957496
807 500 999294973
710 911 997839930
772 552 998413157
435 190 563919995
997 431 999040918
459 381 658283919
188 412 812296362
53 992 998369903
686 15 525652514
992 878 999691461
75 183 228831664
964 684 1886273
490 553 998626681
460 741 853954239
366 713 998643214
7 286 543989790
306 781 284416277
365 547 880856481
987 825 999181076
803 18 685308698
644 626 406079419
623 891 999778019
311 545 999082090
304 778 905744485
429 159 999384638
637 416 998586912
946 948 992148105
857 819 304098653
510 874 284416277
757 872 905744485
970 881 595832279
632 655 721681966
292 31 998257583
605 926 350382738
612 684 100524591
985 122 998533699
500 959 997773947
966 793 704841840
682 671 530759284
561 425 997847598
815 887 999675241
736 585 216656785
700 769 35330037
366 340 667956082
913 911 999874461
435 188 999986586
484 558 998645207
941 693 999292919
220 910 919989469
974 763 609489718
423 929 618155882
835 266 792040599
363 173 999076110
315 440 891088143
874 952 176337433
60 772 999584478
959 961 997824448
701 313 563919995
294 194 998478722
319 563 595832279
228 645 956139770
772 831 411569182
663 983 999347157
927 404 998813211
325 460 828876847
796 47 667956082
833 843 997733776
868 562 711347274
741 692 677479643
786 953 880856481
4 89 997948220
773 522 998045008
330 974 975383688
661 553 999345026
915 388 103975235
934 843 999539524
882 954 924613167
62 478 998861394
741 858 999580630
877 895 73021986
50 819 403764641
933 415 219409781
846 685 89806164
476 880 272351014
959 633 125017752
221 229 997662934
980 829 113396160
624 598 427683255
988 385 621280336
931 722 976301766
702 739 415313908
200 828 998326088
868 371 143266215
319 862 491097089
692 816 998524082
185 559 159628130
519 651 1886273
798 825 998858857
583 22 998246025
183 814 511769224
542 126 302584891
792 634 403764641
967 294 999762466
983 658 599938386
707 937 484519287
816 965 910457083
987 67 998977358
635 539 92055096
695 145 998519768
677 791 999576601
133 74 998427692
561 426 576763342
111 751 106895620
893 857 415313908
556 977 290481444
226 116 330209653
2 208 999663158
490 943 664865969
204 246 998757294
988 975 765784542
275 543 182309522
979 863 321460732
502 722 998636412
869 897 338119419
732 928 271092410
557 506 530759284
372 757 999410025
822 587 266287088
475 919 177567962
944 788 105948053
872 142 998799368
901 816 892404868
444 685 998817400
873 490 159628130
510 327 452266730
698 897 998499827
943 808 998324871
979 986 999868384
492 755 110930676
961 823 970048638
992 494 920178605
376 574 919989469
958 474 998633216
582 302 164357189
521 460 42700412
604 520 248076748
990 712 997897114
944 777 249631885
182 681 998130433
369 744 510441638
994 760 831225697
999 314 998435244
227 401 998273898
506 741 374235658
993 986 707073788
946 926 999321690
636 761 998960675
974 972 335625952
678 342 918114380
985 924 806451981
527 570 542216777
517 239 976301766
973 995 998330672
866 111 998246201
848 576 345151732
620 186 998842750
922 906 888235272
723 631 609489718
854 946 999639008
48 912 406094216
581 682 999571290
672 187 997729036
802 592 998826307
970 306 997972506
54 874 998492392
724 737 891453506
308 52 497907672
302 656 998332597
45 688 997754454
870 291 839792586
742 859 999091820
841 718 305971386
969 964 997991144
598 973 75241545
936 770 67197627
232 45 891453506
740 936 829827564
798 945 447235979
769 721 999247191
710 151 77724422
889 898 843077978
361 902 216656785
884 193 979141342
796 919 321832
960 977 998510994
996 903 9411766
436 672 858860797
74 66 998182359
982 977 539536618
934 341 999861225
815 850 632562083
762 821 999859691
869 953 895223396
901 681 999727654
981 979 811235322
891 910 998381573
838 203 999775980
800 214 999614279
321 251 768848262
515 301 342073596
621 835 999968078
659 647 484266999
764 838 999710252
943 824 998068859
969 863 998733029
81 321 999488079
135 539 999881598
12 997 891088143
140 720 108393275
549 580 700551473
909 993 626783105
657 719 998572048
920 650 997750232
451 991 350382738
993 989 792843638
743 414 999868675
868 726 934877026
735 980 998391258
133 42 711191292
924 177 379105117
117 116 997912957
966 264 704632415
815 917 999222872
380 422 998595859
974 951 812296362
780 818 999253876
904 191 699692141
22 145 997720994
642 712 8794588
929 818 998706814
777 833 999344757
357 311 999563971
617 921 999775227
407 460 997799958
892 995 998538434
881 490 999844697
907 767 549386810
708 777 975635503
563 433 690021248
526 770 732637056
953 650 998634850
383 720 998964035
114 858 998774897
829 738 998238880
89 242 102879765
426 623 427683255
681 18 628192992
768 818 998029416
642 424 447423932
646 74 627032641
964 975 681429011
974 829 338119419
954 888 530759284
13 824 999705660
290 552 370588040
719 422 675897324
998 1000 474908508
17 367 998621855
273 908 997772120
977 958 999357392
718 690 8103904
406 313 998906557
89 20 891088143
967 721 998835913
727 697 895223396
207 825 998330350
999 982 859387904
416 556 997929949
856 43 522464176
191 160 65580880
531 334 998041342
979 991 999659087
500 933 804610974
586 963 828876847
423 528 999385830
936 926 999203358
795 997 354282596
990 915 999380875
600 662 999104317
742 893 103975235
972 811 704841840
68 740 999816350
326 473 999279407
168 836 998645677
336 128 427683255
156 144 173431856
470 989 319064232
873 513 92274032
425 960 485622763
823 349 822512578
718 58 645053139
866 781 671300884
200 619 42700412
850 918 999396672
106 129 67057570
709 812 999063350
793 7 854834144
706 880 999957278
175 983 304098653
281 852 650888320
216 536 92055096
532 282 274444478
161 471 999609417
583 468 999549952
991 783 390832141
883 902 998048434
976 876 176111689
7 898 999221615
922 588 65224536
394 436 999743900
704 590 169928517
327 723 139464567
967 990 998520978
25 219 997824084
586 792 706709154
637 364 999850363
234 146 277087324
886 413 999368940
952 586 815087170
923 924 998120770
1000 898 517061718
336 372 998365911
150 326 496738720
239 207 822512578
535 775 792843638
75 878 792843638
758 550 434431595
802 783 609395279
182 746 997697674
808 728 788268626
897 467 141284900
990 1000 998377197
251 84 832433089
595 245 89344341
742 946 26964846
881 87 439622829
918 215 216656785
907 646 999198094
268 885 998806456
473 363 75241545
809 656 75803692
829 300 330080272
572 204 998868477
994 590 975216534
661 830 321832
974 749 182309522
991 350 858860797
561 565 173473986
25 231 471788272
497 886 998124597
894 238 997795354
463 510 256168461
682 842 549386810
939 829 998586268
55 58 504174363
36 2 998928847
941 852 330209653
663 120 999395666
661 80 976301766
991 948 648247764
926 973 999527536
686 681 525652514
539 714 364362610
386 761 77724422
878 981 732637056
844 692 487009476
981 977 444119499
897 715 319064232
932 765 275243082
124 888 998221850
908 768 732637056
288 566 759012760
701 383 998275738
878 964 999395900
298 873 997734788
620 569 998253070
950 665 881549153
545 291 871922633
877 801 474908508
133 706 114539444
712 860 767702534
681 653 302584891
462 298 379105117
908 882 997695159
408 8 298638698
801 424 108816550
882 420 563919995
597 984 275243082
636 539 486790965
739 311 767702534
845 450 487009476
325 558 314319220
918 867 789251670
747 839 997911446
905 932 999122332
961 892 998977480
898 976 999516081
951 369 724319762
958 542 704841840
449 286 985652570
364 718 370588040
373 655 709781911
148 792 999840103
982 985 406094216
339 903 205939041
893 400 89806164
753 768 998875432
839 650 404911167
218 166 998015750
952 996 792843638
899 959 976840257
534 78 999597034
147 196 433886691
905 878 999484780
227 699 999140328
392 586 892404868
988 968 699692141
971 504 298638698
906 615 999318144
885 711 998035794
510 430 319064232
469 168 998613617
648 577 73021986
747 232 49847188
57 196 349688316
888 531 103012247
817 705 352375158
93 421 659855897
828 892 838995990
652 314 427362447
906 256 117945298
794 95 358075717
392 754 998123256
398 707 997862265
617 468 833773507
242 308 975635503
986 852 998802737
748 776 406094216
993 671 480867788
285 396 117945298
657 314 999148179
791 615 999722633
682 560 929169569
534 576 631996080
979 821 831225697
903 638 389544733
948 918 743446500
438 927 998599907
785 866 976301766
708 44 999750611
462 573 998913881
800 301 999704517
653 168 998473594
779 821 999786389
875 891 341425565
160 918 999036275
128 458 5939196
967 184 566025061
967 801 901427296
59 276 998190495
393 793 228831664
819 866 999145285
383 840 18144018
924 860 870552569
911 877 517061718
883 827 152209235
14 775 956139770
394 3 998902900
725 297 374235658
460 334 103012247
750 14 672522612
231 214 572577984
504 913 983074463
270 554 333294920
165 704 768848262
495 857 143266215
586 569 415313908
870 789 999630137
604 257 997896780
438 170 290481444
940 967 980376209
909 295 792040599
959 462 999157386
922 600 999590072
606 134 999910397
706 702 999776735
977 921 999110528
236 672 998552590
996 753 998031407
602 921 998218550
864 922 447235979
529 826 437263815
505 602 704680779
55 945 306557944
212 659 810642331
53 772 999299901
955 982 998802698
409 903 954355083
217 291 997909079
598 189 75241545
887 639 838995990
960 964 92055096
476 830 999833131
782 901 998567215
903 992 997890229
614 757 664865969
991 817 370588040
813 736 810642331
822 398 208464131
186 36 231278650
654 775 543989790
836 923 999949726
165 249 406094216
809 849 805300174
560 921 486044609
809 845 999582298
409 695 853954239
331 832 998945195
322 980 972969422
971 829 998386960
342 693 68916565
395 829 789251670
624 743 2863799
986 1 333294920
393 158 999386324
752 220 219094347
716 666 216656785
856 787 595832279
856 726 125017752
979 994 644787081
1000 546 998371714
472 509 858860797
519 333 997744357
62 287 937893658
992 524 42700412
396 148 999030412
715 917 954355083
587 641 709781911
897 747 998016506
711 919 143266215
757 996 36764873
144 404 937893658
269 484 792843638
884 942 389544733
435 427 915674219
268 930 609489718
587 367 660733176
366 475 999563794
963 911 509882475
793 973 271092410
69 573 999456714
670 215 684107971
766 923 997868219
10 512 811235322
962 897 998681337
494 441 998836432
957 694 998131457
548 823 999178909
602 701 998785561
858 731 983074463
104 696 197843644
689 504 998444425
503 996 452266730
359 343 530759284
725 885 948643561
503 861 330003063
205 734 538989369
809 875 999684522
398 40 811895945
937 826 566025061
814 927 990084295
54 790 119722801
813 343 999290101
996 999 998435979
37 243 999529437
380 286 220931501
413 711 859387904
344 381 998783824
992 993 999927530
996 796 304098653
769 628 895211684
238 940 998690869
616 398 793213671
614 641 447235979
532 246 997957092
819 404 999090708
991 577 997680338
961 940 999786353
361 757 999082535
878 893 272351014
729 298 321832
697 555 998039290
938 582 650425780
434 559 892898206
268 583 997650797
418 916 998348750
563 294 892404868
987 917 999943752
806 268 685543778
700 666 515813862
357 623 607200780
593 930 683257758
521 401 998261829
219 515 997949708
548 792 998798697
993 997 227443740
832 810 626783105
523 852 997900555
799 530 986503675
805 876 999089153
672 738 65580880
249 727 811235322
780 535 389544733
345 267 100524591
688 369 404536943
808 991 997907589
803 397 892404868
412 952 152209235
829 912 998446956
897 357 998078404
873 530 696734809
167 98 411230333
552 508 447338506
900 707 387514284
926 797 97947047
905 234 999788676
505 465 572577984
936 1000 542216777
436 891 103012247
205 275 658283919
969 302 999039669
359 448 999892227
577 917 333294920
128 19 110930676
594 808 693405143
741 920 675897324
943 719 805809529
540 733 998950845
958 974 126622020
935 645 411230333
795 547 404911167
827 892 919989469
950 929 770571185
193 374 487009476
505 969 480867788
108 948 47413021
781 986 352375158
392 739 460988399
744 892 349688316
504 403 176111689
948 974 495049043
399 130 999292596
116 767 765784542
342 999 374235658
584 760 999483945
116 446 552026328
49 974 192275579
847 36 956139770
842 727 256168461
139 758 811235322
398 612 986503675
877 171 999607646
250 132 999990386
278 126 924526358
906 664 888235272
783 906 998169313
472 286 390832141
337 167 437263815
441 868 870552569
157 523 511769224
268 563 997831453
52 724 998131345
821 750 353468487
366 731 998154113
287 798 700551473
319 932 998484382
375 599 572263944
573 980 997672263
722 848 999371033
870 439 530759284
697 670 999794798
215 113 999531169
80 42 999725355
739 169 999470555
692 219 155791991
515 643 889960236
78 959 997852092
912 931 278018378
289 722 999254665
360 713 997707336
560 616 769273837
941 994 999018233
696 449 999713388
238 809 108393275
232 376 999000566
537 532 998650542
479 433 839792586
155 491 118221966
90 405 335625952
999 997 410693670
985 1000 998774881
198 167 998472888
70 6 228926381
531 753 999810556
461 566 496738720
666 356 998872720
965 959 999651030
939 773 489963961
733 501 915674219
824 276 998529046
238 703 232534092
878 791 998029291
981 159 720401025
475 779 620004161
399 963 998270788
564 204 765784542
49 351 999977169
812 754 631996080
873 677 999583700
223 624 433886691
906 633 999810852
480 702 426513495
872 936 998171518
971 987 660609527
321 756 998761171
7 285 1886273
441 987 999467316
950 884 905783539
369 16 889960236
491 694 611476459
257 330 19850263
324 41 530759284
942 819 697113963
902 47 870552569
852 651 306557944
332 278 220931501
929 326 119903200
990 991 669841223
986 932 333294920
847 273 621280336
773 956 999967611
970 960 390832141
408 890 999943128
945 790 192275579
285 134 998726416
34 83 554104296
946 835 627032641
956 588 997661078
32 782 908342864
361 620 999337837
779 745 518067047
756 900 998011073
732 861 139432009
964 959 709781911
208 623 998995928
994 1000 999463254
780 975 998586226
721 512 998339236
918 880 999982240
459 568 559465443
940 903 392983115
865 580 999456646
258 513 126470273
890 937 998016427
633 566 330003063
199 292 997754515
224 417 805809529
408 235 732637056
995 748 517599284
690 146 173431856
472 890 474908508
884 170 126001222
629 687 998052502
350 879 626131628
619 658 999689936
140 773 610548863
790 838 721681966
415 536 277087324
853 831 999435986
140 820 924526358
821 577 997807472
525 839 610548863
650 815 789251670
986 787 515813862
753 57 804610974
580 459 832433089
198 509 998638249
911 881 999967978
668 810 998754020
729 311 998490338
909 923 523000300
907 936 820393824
887 821 999235382
483 689 97862457
728 628 648247764
914 700 999289366
914 667 830161017
25 872 901903155
832 187 749779953
617 286 306557944
361 176 503341122
774 836 931199275
383 226 998052422
735 990 999417800
827 727 683257758
978 267 26964846
298 17 999398392
776 162 948643561
786 773 471788272
887 871 732637056
958 919 937893658
578 772 605303794
514 564 9411766
950 959 956139770
460 392 998753060
518 500 220931501
992 980 676759013
983 982 999637539
991 935 820393824
599 685 599938386
844 565 219409781
757 976 999363515
983 830 97947047
693 868 650888320
932 927 327886526
833 845 999913359
957 919 155791991
919 932 804610974
348 975 998177386
704 948 998266188
786 878 999496971
217 835 820393824
980 392 253669784
757 300 998542643
54 37 999580048
742 144 998895161
893 948 999223325
1000 806 411569182
876 387 999991272
522 857 231278650
82 731 999636831
170 902 358075717
401 901 997750264
951 909 838995990
572 605 999438293
372 763 566025061
572 229 805300174
941 995 998601366
321 323 117945298
806 528 30510904
702 837 704680779
857 774 284540699
332 156 447338506
999 235 999851382
904 527 537909129
971 918 999991602
398 949 852131423
627 693 705558804
581 731 998542772
928 703 998938099
579 957 999249928
625 529 976840257
727 892 626131628
281 561 998913322
759 16 349688316
859 814 998572391
918 921 206977148
989 685 892404868
224 303 387514284
292 539 998320843
828 360 426513495
677 696 685308698
806 229 711347274
60 104 998141341
878 609 998241631
779 744 997758385
270 877 530759284
922 989 818055568
854 950 460988399
633 18 216738710
780 171 998408743
419 748 999943394
956 940 743446500
374 662 999544850
242 777 358075717
664 627 458524439
626 760 189097498
658 109 404656751
42 555 605303794
436 59 427683255
975 673 625568739
970 191 403764641
458 691 216656785
728 987 216738710
319 387 997934482
426 809 854834144
590 363 805300174
757 596 389544733
851 237 113396160
848 851 999525332
238 420 998466463
953 502 998066201
925 523 97947047
754 857 998334977
647 499 217563300
672 946 707073788
10 768 997922386
666 592 447442951
608 160 228831664
848 286 705558804
66 710 997833953
418 703 997711107
775 91 293270229
207 777 998927596
586 534 65580880
912 909 999310646
152 535 724319762
671 821 103864041
453 570 998613241
998 164 239009406
869 599 518067047
924 726 997697658
360 433 8103904
181 813 999852380
846 665 49847188
922 418 997708660
378 703 998963735
120 489 999061872
469 941 888235272
497 783 305971386
248 887 998886185
771 793 304098653
904 226 999365911
928 103 100524591
705 692 998679238
627 749 998641107
544 669 652782432
702 698 113396160
421 645 999244852
234 7 998825419
810 313 998055789
494 280 559146776
515 237 999403852
952 969 998822521
848 460 77724422
791 872 685543778
294 709 285378937
218 533 805809529
592 667 891453506
858 83 447423932
287 879 89806164
661 156 997662704
750 758 830956907
792 859 272351014
545 152 5939196
713 402 11866334
376 183 998770785
631 792 889960236
236 942 249631885
425 662 999890905
325 919 693405143
522 418 542216777
828 824 103012247
883 885 106801330
913 967 998970066
314 515 998440616
736 920 997878518
493 385 255032236
437 646 405999285
108 513 998245350
93 532 100524591
279 487 576763342
24 119 239910486
761 26 327886526
69 772 103941910
511 842 699692141
594 774 496738720
155 830 948643561
525 677 854834144
577 353 249631885
952 979 690021248
226 744 539536618
821 890 415313908
54 264 704680779
994 918 999019359
724 745 998386515
677 924 998865073
775 524 1886273
707 412 645053139
179 709 266514015
485 306 999534978
244 653 595832279
518 801 538989369
991 986 404656751
495 734 366931833
943 888 998154415
478 323 106895620
871 683 709283941
196 212 999427001
360 84 293270229
980 908 998580237
984 982 452266730
220 488 999580298
593 25 999505166
513 761 997683157
98 581 999917616
4 938 441472620
514 938 485622763
510 390 510441638
598 990 944977511
473 233 998060833
701 717 139464567
988 1000 219331645
990 380 610548863
256 960 998158924
474 254 638220719
583 470 997845882
903 737 468253528
713 195 659855897
4 178 998604205
761 721 327886526
939 998 997953915
912 516 330209653
385 100 392983115
418 789 998931596
852 845 998465726
283 346 75241545
378 574 239910486
758 723 840758497
984 972 999532620
701 580 126001222
954 952 997651392
478 547 997906317
900 408 997746643
740 907 489963961
60 171 67057570
536 617 411569182
950 987 999626001
154 248 651312685
45 492 572263944
598 831 403764641
160 783 393397688
320 368 999493772
418 570 410693670
348 377 765784542
548 437 997812350
856 270 998398129
573 883 231278650
939 997 999654173
971 281 998048603
666 552 789818844
247 793 998458922
13 311 404536943
918 430 773315916
220 486 998289792
671 836 360304737
44 170 999270123
978 22 999257700
691 722 929169569
971 909 466789401
984 970 390832141
926 975 944977511
706 758 999991934
580 870 700551473
705 254 998707093
389 967 998245553
716 33 844449996
741 851 998667633
969 982 999542594
146 964 830956907
233 19 998332859
601 532 950924540
858 847 208464131
108 868 607200780
57 574 998288794
235 812 474908508
982 962 999766871
983 912 30510904
125 516 509882475
576 944 998854848
36 728 162743787
350 220 228831664
933 754 999439653
261 254 484519287
537 980 193137194
228 342 999863165
127 735 458524439
38 795 192275579
674 301 999214322
968 928 504174363
785 826 997652476
205 16 999416606
559 373 999452834
759 983 11866334
654 260 396447756
886 691 891453506
182 147 998868521
246 793 999990954
913 689 751691907
610 309 999703023
360 394 999362384
866 890 997958155
483 503 999281342
281 425 997665712
775 711 495049043
771 903 46588127
734 543 699692141
725 756 366931833
224 662 930350969
323 758 998600890
714 695 998847816
762 297 998401674
795 684 998314797
345 420 999651996
369 741 998716772
872 48 117945298
42 360 743446500
314 289 999571117
303 159 585079074
770 839 998039239
595 741 998999821
224 680 669654921
306 163 999511041
936 996 999859744
249 213 998039720
613 205 999326111
175 506 999990217
159 835 189097498
355 735 998452196
717 798 126001222
194 734 980376209
214 250 193137194
766 950 997766233
722 930 895223396
952 861 650888320
796 934 999164023
178 258 628192992
851 624 998488962
445 86 997655754
460 576 799890925
563 256 997693916
399 446 838995990
346 927 998966933
504 612 126622020
491 64 998726782
654 337 711347274
897 852 999458172
171 990 999398848
860 290 998957661
403 96 68916565
756 732 998771846
870 897 998927137
848 531 425569631
204 333 998692020
544 290 895623811
51 728 998047509
311 32 998042506
930 988 999572202
852 958 999944807
821 995 425569631
926 792 67057570
616 417 999140402
914 511 343525882
81 77 976301766
249 642 997932525
331 544 999650533
733 845 687304913
939 991 999914068
884 611 997913086
251 336 378063112
53 187 998888919
878 695 406079419
835 895 151999365
1000 993 239009406
765 467 999720802
9 979 486790965
953 225 999217986
976 731 319064232
503 179 917789517
386 912 330003063
401 400 999684433
709 265 895623811
506 459 330209653
794 721 715965831
864 83 999247346
858 648 208464131
409 683 103975235
588 942 704680779
702 871 277085933
716 292 999852212
81 411 319849387
741 905 818517379
68 954 759012760
845 389 342073596
864 762 452632904
341 905 697113963
433 546 998556202
198 973 73021986
850 974 998214501
714 919 284540699
842 992 163929714
986 711 219409781
985 699 812296362
615 866 908342864
360 746 26964846
865 884 509882475
489 730 785215000
722 822 999175158
152 774 997731616
667 678 216656785
634 137 31347169
920 138 126470273
204 659 474908508
725 726 997999853
274 517 426513495
506 356 648247764
920 679 685308698
982 980 810642331
89 702 997964169
742 889 742228095
826 643 999402890
718 190 441540733
243 143 403764641
30 796 271092410
146 898 484266999
692 727 892898206
907 855 248076748
692 412 998950053
722 404 792040599
373 423 480867788
942 932 998650205
997 976 75803692
432 498 998590026
768 588 999219228
708 291 997733310
951 966 314319220
963 914 805300174
507 836 980376209
836 918 651312685
883 745 2863799
478 671 998962287
923 537 688547962
570 986 664865969
3 892 42875580
54 418 976840257
691 303 986503675
977 967 441472620
352 210 390832141
967 933 997839050
680 457 999820413
373 986 998813606
289 163 998810009
959 957 828876847
889 848 999650656
975 809 998942963
250 959 759012760
974 237 228926381
103 82 998189128
987 996 999446952
814 402 253669784
738 785 999463880
428 83 216656785
684 768 441540733
614 205 480867788
829 945 998911230
989 986 997760162
857 682 999866542
567 443 818221957
306 499 559146776
817 634 559465443
901 902 948643561
301 991 390832141
982 963 108393275
21 59 696734809
874 457 998705618
380 780 998534645
762 877 474908508
901 755 997964454
898 439 998981791
511 101 35330037
605 120 272351014
493 441 999371160
159 922 998999873
685 987 330003063
501 781 542216777
337 743 676759013
772 799 929169569
832 973 217563300
297 771 998478013
841 901 434431595
844 881 618155882
963 156 998234170
270 849 489963961
934 924 237810191
540 309 997797201
796 833 999965517
902 982 998229126
581 970 466789401
873 274 999351772
703 858 999331528
925 497 620633708
996 934 403764641
707 843 927696433
377 804 998732908
681 878 595338529
736 885 217563300
917 318 811235322
169 987 1886273
911 503 999993769
434 197 97947047
473 757 102662414
941 711 314319220
943 981 998464568
893 545 441472620
837 804 999418510
597 877 999038571
922 663 839792586
340 757 901903155
917 385 998440871
686 33 998296183
537 325 997710308
420 178 999244212
997 978 125017752
945 927 881549153
296 116 699692141
904 976 998709121
999 988 49847188
786 271 441472620
923 227 71546179
423 809 391550169
553 864 998498330
938 680 999326862
959 955 711191292
83 967 999654410
910 974 999524236
599 567 696734809
665 265 812296362
924 975 330003063
670 221 999242688
880 916 999715356
551 127 466789401
544 558 105948053
588 793 998421483
839 662 651312685
31 825 998536451
884 994 193137194
386 324 117945298
843 443 986503675
812 822 638220719
930 825 689801846
939 911 998271283
735 952 704680779
604 644 452632904
76 352 452632904
419 750 999061655
459 666 998225819
694 800 998160444
452 471 489963961
285 475 997730496
843 653 985652570
649 926 139464567
308 501 231278650
882 902 998907406
10 664 832433089
742 986 411569182
640 694 895623811
725 898 42875580
809 407 999355691
301 521 904935612
641 307 749779953
928 967 576763342
922 693 681429011
81 572 901427296
483 178 999249452
963 938 915674219
478 787 256168461
875 627 302584891
299 171 403764641
598 186 998683674
488 326 997973993
469 760 998951253
445 716 113396160
901 968 447338506
382 947 998573288
168 353 998851191
940 915 997832140
505 488 274138850
530 535 999273111
938 115 999476785
667 288 966866389
535 826 293270229
385 646 997714248
879 578 998511597
62 860 769273837
922 777 793213671
978 577 997862543
703 556 998423041
667 955 689801846
884 571 997652518
531 605 972969422
556 699 924526358
774 680 353468487
821 691 165338821
671 340 998046119
827 680 141284900
930 358 828876847
346 462 998310817
146 630 609489718
519 281 102879765
900 996 576763342
527 372 997730053
918 613 871922633
931 525 103941910
979 165 75803692
391 422 970048638
730 449 684107971
341 605 999135874
655 690 948643561
343 109 768848262
747 459 604845015
953 907 759012760
635 878 858860797
267 357 998419023
700 684 404911167
798 832 799890925
972 661 390832141
764 79 92995240
978 785 404536943
106 362 684107971
495 699 937893658
796 207 997855840
222 306 999481048
958 991 306557944
461 531 651312685
35 134 599938386
981 995 998641175
402 688 110930676
648 708 701805650
998 503 377212795
660 553 810642331
372 442 162743787
786 732 880856481
809 213 999173474
451 193 998951476
773 813 905744485
698 479 393397688
377 846 998122847
906 680 805300174
274 247 319849387
286 284 768429564
512 632 542216777
658 686 998626214
879 751 139464567
823 273 391550169
130 820 162743787
966 943 843433357
664 772 999665320
865 494 677479643
646 238 5939196
884 272 518067047
992 818 426513495
190 97 998708043
858 851 347654755
676 602 742228095
563 541 216656785
538 546 758663903
405 676 891088143
490 938 998249834
471 994 604845015
711 483 998694557
872 723 999171057
982 965 495049043
223 951 411569182
738 855 998508578
839 997 618155882
955 598 997775309
902 618 126470273
953 954 919989469
630 757 179961983
22 490 999303804
400 526 33844447
928 894 999217333
816 791 426513495
430 136 999966018
938 356 97142307
434 896 997975111
412 35 818517379
962 189 998671766
262 175 998442118
330 38 998013507
612 631 688547962
878 928 998046566
412 466 330080272
939 946 811235322
917 845 97947047
56 372 338119419
759 567 321460732
743 664 997746210
592 481 707073788
702 805 709781911
352 820 272351014
70 157 192275579
691 929 999661245
82 872 605303794
839 877 732637056
907 941 999450266
733 840 565414857
844 807 999236931
70 670 815087170
776 335 999139129
404 760 810642331
993 994 632562083
958 937 232534092
122 854 950924540
291 472 998375735
999 881 829827564
748 290 108816550
843 860 392261366
846 260 189097498
108 347 999798082
976 767 704632415
947 718 392261366
47 215 316333435
505 322 999819372
814 789 997872688
802 215 891088143
517 667 997750331
369 421 12799016
894 756 346585363
597 718 930350969
209 115 997856450
215 455 998556814
57 145 998967648
733 873 769603576
585 374 998903331
820 810 998560023
866 973 998878042
915 891 789818844
246 646 998718663
956 867 704680779
999 990 176111689
534 731 998912978
966 902 538989369
334 966 509882475
827 675 106895620
503 756 999298007
542 870 271092410
841 949 999184683
539 516 631996080
214 228 410693670
649 719 924613167
964 778 341425565
179 988 999420507
264 319 97142307
498 746 999696848
923 950 208434234
980 923 998797071
967 972 18144018
378 861 997751490
455 445 49847188
952 971 999671943
937 991 998814347
727 184 97862457
290 140 998975572
983 920 805809529
5 30 749779953
219 325 206977148
979 924 319064232
190 47 937892989
553 585 517599284
672 165 999299338
333 882 999829981
453 676 944977511
964 685 997794554
921 928 525652514
854 969 998706247
863 634 999744454
707 476 830956907
969 900 89344341
93 336 189097498
945 817 998829379
441 753 390832141
724 659 559465443
383 784 998038497
813 817 999329256
992 408 374235658
442 455 999746413
901 691 477841814
731 907 711191292
190 71 913475828
897 700 35330037
70 45 997987868
996 864 998771590
970 964 742228095
852 571 980376209
619 12 547952306
791 781 998583018
399 702 805300174
213 488 278018378
738 389 919989469
420 525 840758497
348 900 998795971
887 814 626783105
688 642 858860797
460 482 321460732
686 343 595338529
900 740 999334157
989 288 685543778
877 788 999019968
1000 905 999149844
116 419 998629217
308 397 937893658
260 496 998211345
763 796 999228487
912 471 998810092
996 760 999587894
225 262 997977752
616 128 999969099
843 507 999304928
979 968 65224536
717 486 92274032
510 400 42875580
720 691 999550426
879 515 108816550
894 866 997843880
998 991 983074463
568 488 888235272
785 725 901427296
621 931 106895620
634 373 447423932
437 111 447442951
585 762 997666151
686 292 126001222
543 826 998355661
977 996 789638548
512 510 999792237
973 927 997741613
526 756 804610974
991 846 8103904
361 824 999616004
594 3 997931853
991 992 319849387
555 943 998225665
726 655 427362447
231 825 999034969
769 141 237810191
955 963 998052218
233 458 999726186
963 954 743446500
414 194 999362900
996 974 471788272
920 359 47413021
724 943 208434234
494 965 908342864
651 810 151999365
944 848 999466767
219 76 75803692
898 584 999702563
523 294 998504089
952 859 620633708
880 851 999697061
453 989 998532019
932 989 487009476
271 982 999088334
874 872 854834144
896 287 671300884
424 327 852131423
621 599 998903898
80 531 997678629
754 901 998192039
825 733 788268626
531 426 976840257
120 673 999162049
261 23 583309419
398 150 998400110
546 887 998598572
688 836 181101128
1000 924 699692141
653 930 525652514
339 152 905783539
283 294 998645099
984 993 997782385
882 303 650425780
875 21 539536618
161 178 659855897
911 182 661090094
959 962 999570810
170 586 205939041
671 412 256168461
743 615 605303794
861 969 999316496
238 926 997877549
572 579 314319220
686 505 704680779
266 597 895211684
688 564 232534092
421 355 905744485
576 823 997850804
879 813 704841840
332 921 983074463
398 736 696734809
841 922 193137194
962 92 742228095
422 466 36764873
936 71 457101317
184 806 504174363
162 468 998669987
259 666 99967075
669 675 769273837
678 942 182309522
508 489 999974293
542 993 793213671
105 226 106895620
730 949 155791991
723 724 997676615
105 717 998735556
713 84 854834144
998 972 609395279
979 303 999619936
39 743 998647827
698 810 998453304
993 946 999067558
543 148 998444745
580 316 998315207
534 579 97862457
311 559 892404868
581 926 604845015
851 930 165338821
494 96 102662414
694 305 552026328
22 505 496738720
215 967 173473986
382 509 541700316
863 964 374235658
721 775 937892989
761 538 554104296
769 973 999749349
727 770 530759284
559 148 999216725
887 27 905744485
435 591 742228095
934 614 347654755
743 937 700551473
950 849 102662414
264 357 278018378
988 516 999079918
759 265 690021248
865 273 999217630
596 761 125017752
901 907 998828869
960 755 999404424
535 4 563919995
555 484 228926381
895 935 999268445
705 978 491097089
487 779 944977511
974 712 517061718
148 172 627032641
269 603 607200780
956 352 937893658
281 749 71546179
896 294 89566370
600 771 999987838
160 234 208434234
532 967 998873614
882 475 998951022
951 853 390832141
525 698 769273837
169 362 143266215
227 518 525652514
836 363 998380129
520 117 998666766
898 775 669841223
854 773 305971386
338 166 316333435
974 960 302584891
164 645 999656790
884 136 892404868
130 846 255032236
530 651 933659334
715 609 997848243
776 701 36764873
487 976 999839845
912 114 651312685
57 371 290481444
810 794 747018414
577 167 999919824
876 747 998025637
778 919 671300884
659 644 997658811
396 482 66360859
878 242 65580880
415 964 65224536
86 992 998013062
439 442 880856481
966 964 998160255
645 687 758663903
908 351 998340877
681 130 838995990
530 876 427683255
562 748 88462427
589 873 704632415
802 881 659855897
849 941 844449996
740 345 513733606
556 745 999701061
850 678 985652570
886 776 999947238
906 991 163670845
665 201 495049043
635 667 999406787
459 836 905783539
417 371 999899784
134 564 999436052
560 201 660733176
658 939 999851615
518 139 998283309
397 644 769603576
45 189 437263815
572 908 997850207
909 790 999610356
939 977 67197627
78 443 620633708
371 559 998416442
511 656 700551473
748 902 999733061
326 374 349688316
596 429 999716557
655 854 768429564
678 779 346585363
455 997 998676695
93 445 999440189
252 991 696734809
293 74 998234471
454 965 997647870
784 727 999805918
910 914 119903200
944 976 89806164
497 443 354282596
404 946 999954294
872 938 948643561
548 826 998039477
530 399 302584891
506 580 999766331
477 798 391550169
817 781 997910907
882 738 818221957
844 590 374235658
897 684 998750694
829 280 228831664
455 811 818055568
901 322 983559039
719 633 110930676
91 559 1886273
710 919 75803692
970 854 998121233
906 635 891453506
376 483 999560241
31 387 164357189
64 196 999389923
831 803 103941910
755 612 999834854
412 375 530759284
870 925 140374731
671 734 999774509
433 495 999519912
981 463 253669784
292 545 460988399
15 267 46588127
779 849 840758497
954 948 792668350
228 363 870552569
639 562 997720865
736 414 205939041
932 329 354282596
930 107 999866986
877 26 999811736
751 763 189097498
776 246 435783940
96 167 66360859
987 563 31347169
894 282 997828463
362 156 789638548
292 648 999686320
495 931 360304737
916 390 206977148
780 793 999333376
997 460 77724422
331 894 491097089
234 387 360304737
765 273 377212795
805 932 601150412
858 863 924613167
964 983 352375158
937 679 35330037
882 362 998109425
801 727 583309419
746 922 999261641
536 17 992148105
960 675 998015027
382 220 433886691
766 580 250027642
746 67 999583614
319 211 554104296
975 899 998606847
444 394 347654755
934 737 271092410
55 200 42700412
230 178 566025061
994 376 999926749
982 616 998049476
718 906 998415199
87 763 997782066
294 590 566025061
710 158 599938386
848 778 106801330
378 136 327886526
311 394 239910486
410 43 999233842
962 224 517061718
336 694 927696433
881 885 999890984
910 981 829827564
778 756 231278650
815 995 66360859
884 943 975635503
917 901 704632415
222 49 999588545
406 372 711191292
813 741 998952652
324 973 349688316
659 240 477841814
991 968 192275579
530 34 818221957
501 650 891453506
551 865 998355733
685 934 998390766
995 773 999248513
388 114 792040599
186 532 176111689
520 166 126001222
991 996 410693670
956 116 999358418
335 2 997801682
426 673 510441638
1000 989 403764641
989 935 427683255
288 232 983074463
815 781 998736958
760 901 998277172
988 909 998404397
966 851 709781911
46 413 999595462
511 834 998045342
306 450 975216534
969 599 999858374
919 96 998933463
966 956 378063112
530 450 998350046
983 673 542216777
384 110 997872960
292 23 999745263
630 670 572263944
883 730 999429373
322 703 999455887
935 637 685308698
45 528 66360859
534 764 669841223
433 600 999612123
924 848 997792461
532 216 319064232
470 189 319849387
869 861 114539444
389 951 877603488
956 967 353468487
612 988 435066907
949 972 792668350
605 613 999328269
605 902 830161017
324 33 510441638
242 30 480396714
468 578 799890925
408 817 930350969
862 696 393397688
761 455 998940625
824 654 330003063
594 930 92274032
642 217 998474387
993 996 999017006
864 547 997649428
980 801 2863799
438 651 205031712
970 991 406079419
797 798 844282583
917 960 998842854
962 750 990084295
884 606 998498833
567 391 487009476
587 241 177567962
169 436 998094930
491 890 999495780
878 627 97947047
75 769 998237557
808 524 354282596
410 228 998440954
334 606 833773507
740 722 982394853
945 971 759012760
908 143 773315916
378 190 998427933
877 985 904935612
307 687 770571185
929 910 585079074
76 456 427362447
918 895 921456037
965 972 155791991
614 476 46588127
839 564 658283919
703 635 999108983
883 934 140374731
460 457 999813603
848 921 192275579
107 310 864197560
296 952 31347169
819 960 997844169
422 793 999517813
834 194 924526358
217 474 768848262
204 239 999474041
952 995 817561437
319 373 997704940
495 964 333294920
630 307 228831664
951 890 832433089
836 640 103941910
499 414 669654921
808 618 688547962
773 730 458524439
881 400 208464131
232 672 163929714
303 243 933659334
591 163 554104296
341 228 495756069
786 896 998116670
749 755 773002656
103 565 49847188
822 521 228926381
919 997 828876847
921 881 919989469
620 704 404656751
85 161 999600159
694 395 163670845
703 664 999490332
518 425 773315916
755 808 352375158
649 106 677479643
803 733 163670845
640 130 999503985
773 831 364362610
693 374 998220882
884 961 700551473
388 44 484266999
299 902 569389509
617 183 433886691
259 773 293270229
580 896 997875547
328 793 999990724
982 559 999383718
64 618 611476459
210 319 998351811
92 957 999928701
115 161 159628130
895 518 999796566
541 749 676759013
247 80 997909973
512 398 998655528
328 950 999132130
129 701 159628130
928 950 831225697
816 591 999534054
908 245 272351014
946 949 789251670
620 614 999666748
10 775 155791991
464 770 998586904
841 802 998361301
700 724 999881291
44 229 496738720
156 744 538989369
918 910 881549153
502 538 998303342
417 750 840758497
571 573 997876194
221 19 999908237
431 299 998247217
976 758 538989369
929 989 379105117
132 94 193137194
943 174 891453506
813 553 176337433
856 861 999199981
937 987 285378937
968 946 352375158
126 970 360304737
373 507 736339327
294 696 768429564
527 290 511769224
262 794 768848262
90 137 999622431
675 782 543989790
259 756 248076748
890 483 998614115
699 758 522464176
186 108 844449996
807 609 486790965
812 689 18144018
910 984 892898206
279 584 319849387
929 659 789638548
930 915 792843638
845 471 999548684
88 472 485622763
425 405 181101128
287 140 998042309
648 829 998543287
720 157 447442951
737 803 998564226
786 397 999033141
245 603 820393824
810 188 999551324
802 941 379105117
851 244 125017752
485 839 125017752
268 594 664865969
537 710 466789401
67 303 293270229
962 346 870552569
919 909 75241545
549 51 677479643
380 347 42875580
606 579 197843644
779 856 9411766
961 979 221196318
210 72 999737706
399 550 256168461
920 629 997864152
424 32 343525882
514 18 688890240
548 704 769273837
256 115 406079419
545 434 998832228
825 541 704632415
501 661 415313908
738 944 999508506
776 806 998601650
517 193 999088731
43 386 877603488
91 383 997965271
386 151 831225697
74 905 998608116
752 960 751691907
897 624 405999285
858 383 998520470
377 495 998394307
265 619 852131423
818 78 998285500
977 936 831225697
676 912 999194990
797 876 999479848
929 954 999901816
510 147 275243082
905 999 999133899
976 935 999865899
758 607 998975851
526 387 999462875
113 547 208464131
598 945 998258614
151 8 785215000
779 427 452266730
887 960 768848262
814 394 998182093
487 271 999456954
927 912 999019361
496 415 999984287
990 909 999272862
902 829 720401025
707 526 997660343
683 331 321832
679 422 998151579
988 969 998742642
763 493 517599284
731 870 998592336
937 906 999454271
219 888 999275655
796 675 998320530
744 914 999205431
933 557 998731136
322 467 998898050
134 233 937893658
996 893 677479643
679 887 913475828
698 253 997996970
770 833 747018414
862 65 998734373
631 53 767702534
329 177 997853846
600 795 360304737
586 648 999487908
740 645 216656785
753 894 33844447
624 478 929169569
952 797 999805793
680 610 998731100
4 95 998754129
220 21 485622763
303 938 998628106
739 258 997680312
662 439 913475828
875 698 173431856
696 798 638245512
544 711 998632634
693 414 999625253
729 861 773315916
933 825 638220719
949 178 275243082
670 903 92055096
787 913 998007584
996 890 998683860
996 258 999851793
386 50 749779953
192 893 817561437
978 899 999408624
837 965 541700316
447 633 119722801
621 964 274444478
717 772 998396780
501 67 696734809
546 58 8103904
992 982 321832
613 898 960889569
433 156 999781489
860 458 997767460
582 825 983074463
922 570 503341122
839 867 998254617
218 756 660609527
208 435 11866334
247 147 192275579
719 901 999953921
932 485 998418776
934 809 999048964
536 806 954355083
126 288 999706022
665 312 999269392
686 457 999124596
892 739 486044609
963 722 607200780
624 825 447235979
696 56 998640829
454 86 88328942
910 743 999911045
915 612 904935612
936 528 715965831
142 288 997959975
776 865 999791669
752 376 999722515
704 593 743446500
746 192 108816550
832 562 999413327
207 39 999975248
967 948 999203076
956 935 998023488
293 814 998809926
332 947 999968052
972 993 937892989
981 923 404656751
247 518 999226866
369 489 9411766
545 509 370588040
767 813 999880871
883 769 997945382
768 785 572577984
356 546 999263785
395 52 999771040
609 624 480867788
957 483 266287088
936 620 998719015
833 76 569389509
394 227 852131423
857 705 595832279
56 830 904935612
763 394 164357189
648 980 998617402
913 948 439622829
649 582 934877026
982 966 743446500
843 948 377029273
791 81 30510904
952 528 554104296
209 635 999397487
258 342 638245512
986 982 704680779
269 209 817561437
979 1000 298638698
975 968 92274032
512 963 549386810
654 536 11866334
547 428 997862192
948 897 999262984
957 657 999052494
559 850 651312685
845 926 103975235
894 874 998673971
913 349 999148571
899 925 998810550
694 801 998762907
466 907 681429011
809 862 66360859
778 627 999132762
456 586 999222510
421 335 997916780
958 946 392983115
954 204 205939041
734 777 696734809
549 784 333294920
375 237 998966878
767 983 378063112
317 947 426513495
552 491 217563300
72 190 998847855
842 907 999757826
851 989 999862851
470 371 71546179
201 238 998421586
926 989 901903155
688 661 330080272
908 68 688890240
745 970 998526301
740 767 452632904
798 712 998785903
609 396 997854149
814 609 205939041
428 562 684107971
657 972 645053139
59 494 998448894
230 40 776623895
759 621 503341122
508 352 999000134
250 732 277085933
973 920 559146776
828 771 8794588
899 872 46588127
669 212 290481444
916 897 611476459
852 566 999810260
739 565 997980504
665 626 998993004
952 932 820393824
578 738 338119419
406 646 997647870
471 922 998083801
431 435 793213671
50 95 804610974
919 230 948643561
209 206 139432009
290 309 998984360
599 871 319849387
609 473 805300174
981 287 997812768
833 993 181101128
116 832 998665048
966 263 997962325
275 643 219094347
538 343 998572204
245 570 700551473
658 799 274138850
304 136 305971386
757 595 998567886
778 711 327886526
753 120 999751516
703 63 683257758
962 989 205939041
954 879 645053139
873 734 983074463
795 535 231278650
333 259 658283919
600 997 182309522
267 356 999806126
914 664 998306821
325 518 999009386
949 981 830161017
527 157 998071448
477 366 480867788
147 842 631060875
719 996 997926788
504 911 30510904
979 872 468253528
763 149 543989790
954 959 998804235
904 633 525652514
964 739 829827564
846 49 484519287
996 841 999917165
931 949 999997383
208 173 563919995
979 747 681429011
428 337 489963961
713 247 415313908
807 497 998134496
379 244 618155882
327 587 999750289
221 672 998366574
494 848 650888320
272 763 228926381
163 156 997915008
547 796 999457813
18 169 999843148
670 849 999696355
943 959 997854948
608 855 944977511
999 994 999830276
830 889 193137194
318 930 998240769
983 880 605303794
749 728 460988399
738 486 998326753
747 379 220931501
593 800 998253851
725 942 266514015
292 813 998015452
448 159 693405143
433 342 704841840
33 156 192275579
713 160 650425780
340 800 405999285
169 391 997989675
587 160 709781911
460 827 65224536
965 475 792843638
692 673 219094347
560 87 844449996
679 119 950924540
274 337 650425780
665 493 998288360
784 999 275243082
546 480 999940046
938 809 979141342
719 383 364362610
569 311 595338529
777 318 341425565
990 992 711347274
586 839 99967075
925 263 444119499
701 519 495049043
546 198 341425565
617 479 219409781
955 408 804610974
983 998 997837790
765 798 999843392
997 988 998308303
863 655 370588040
500 448 999412241
143 840 108393275
462 656 227443740
300 416 19850263
1 305 999776450
683 114 669654921
164 176 999242501
739 906 998742241
909 676 999623828
955 977 933659334
990 700 224714617
663 990 327886526
962 1000 999207722
710 905 139432009
919 596 67952856
833 653 219094347
825 190 126470273
359 226 998390746
710 959 220931501
480 690 92995240
883 909 997907987
601 480 997906024
957 312 110930676
830 570 12799016
515 797 998728985
352 930 620004161
997 987 341425565
160 664 484519287
634 561 65580880
912 958 998945768
410 998 125017752
765 715 620004161
997 959 830956907
169 719 997853329
682 497 205939041
747 83 924613167
685 756 31347169
679 306 543989790
778 823 999786905
559 364 998172813
873 878 256168461
633 351 769603576
423 935 610548863
628 51 638245512
57 275 853954239
953 979 999562208
700 964 999297478
928 992 999067430
989 940 669654921
748 417 999551361
502 917 330003063
618 764 410693670
554 634 997767106
908 925 474908508
4 802 509882475
695 701 709781911
330 743 788268626
926 988 314319220
986 990 998907176
396 523 999471865
662 26 350382738
307 267 838995990
725 170 999680166
538 543 858860797
873 837 999347227
555 377 705558804
891 471 998359147
837 528 370588040
757 423 844449996
373 578 609395279
914 741 8794588
411 372 999898242
829 831 652782432
808 555 999499108
656 820 75803692
154 880 998859193
797 136 290481444
993 965 934877026
701 197 999414497
368 930 997735971
695 928 998484744
906 566 644787081
756 2 998874999
833 391 998701593
213 561 901427296
13 805 997873940
902 913 997908541
355 436 176111689
581 586 998543483
779 869 924613167
739 583 998626968
711 738 126470273
729 851 486044609
571 787 485622763
286 110 998558698
682 55 933659334
304 243 364362610
961 274 999757667
282 790 618155882
803 604 998797961
860 797 544630889
849 172 999903366
589 525 747018414
987 928 997753778
966 967 999839125
904 948 999407891
746 371 47413021
264 471 997874909
262 987 997959383
92 592 743446500
668 160 853954239
807 82 192275579
783 741 300638599
440 875 751691907
92 920 42875580
524 753 503341122
133 682 404911167
658 880 998047824
820 665 999240020
742 983 999380805
499 500 999699605
357 747 645053139
695 90 830161017
313 660 998387540
866 788 42700412
556 463 126001222
397 708 998813338
281 164 915674219
938 886 47413021
731 966 485622763
822 363 998651510
864 143 164357189
448 650 905744485
687 720 327886526
786 814 487009476
34 715 999326432
763 579 937892989
675 353 999966432
200 616 998770736
819 978 998697515
76 186 998057348
798 715 618155882
972 718 934877026
547 411 306557944
830 976 444119499
696 894 163670845
981 980 9411766
383 469 768848262
725 386 829827564
949 867 998001135
158 176 998357697
952 939 349688316
734 139 67952856
997 1000 998697195
41 554 720401025
981 220 924613167
314 586 377029273
708 148 583309419
633 459 569389509
942 466 997691575
551 102 998973983
664 895 999912823
911 282 919989469
994 996 248076748
350 178 102879765
120 808 972969422
456 79 921456037
86 234 491097089
55 329 179961983
889 976 999903840
286 851 71546179
846 659 89806164
644 393 645053139
898 908 999644239
837 781 758663903
298 94 319064232
389 768 877603488
378 857 97862457
743 897 509882475
608 759 163670845
320 423 998991609
967 963 999885363
959 822 997894742
328 280 985652570
459 604 997984910
751 705 999949018
220 904 818517379
277 785 998501864
814 235 998837864
736 646 701805650
673 936 998796727
921 150 999422856
977 1000 999711645
757 778 696734809
801 55 999589903
678 903 305971386
638 790 626131628
774 930 517599284
925 969 999855496
683 515 621280336
780 961 89806164
172 74 338119419
389 547 658283919
780 635 509882475
572 383 425569631
993 961 998695611
212 756 669654921
724 423 998026747
970 949 998627409
246 553 609395279
825 157 720401025
976 575 999253466
863 540 954355083
311 782 997951745
179 781 998765519
291 437 998804258
837 854 152209235
569 92 998683253
286 138 997837045
844 903 12799016
570 279 998353934
293 628 999961183
967 971 321832
926 717 999587936
168 264 944977511
24 242 189097498
421 544 998391491
678 644 696734809
605 980 998669447
414 669 997956953
755 821 998437506
198 833 999737132
589 820 552026328
978 876 452632904
79 285 998382570
498 724 687304913
496 231 559146776
604 727 998200982
25 728 998860055
171 967 864197560
419 511 700551473
398 282 999684836
247 426 997897371
129 605 998762427
687 797 917789517
950 776 631060875
968 416 100524591
941 748 983559039
779 789 999514991
104 813 933659334
823 557 999884530
89 678 998396572
812 92 118221966
995 1000 891088143
805 857 676759013
848 966 997901707
952 937 228831664
675 98 604845015
128 911 517599284
826 490 998322923
657 833 998231563
78 179 704680779
153 913 123712404
577 700 998182921
999 926 998892538
829 886 169928517
940 317 227443740
933 960 773002656
980 888 485622763
845 588 998013171
964 760 999122700
747 963 999531661
991 902 49847188
480 712 999564011
702 120 33844447
940 916 999935613
452 781 999501070
280 665 998615687
774 941 331444589
878 572 895211684
834 804 933659334
754 944 998417043
584 770 998103573
368 133 998563075
40 967 999320356
353 77 767702534
14 522 374235658
207 951 999541336
597 305 998562571
503 11 569389509
748 846 253669784
181 913 284540699
265 794 998352120
647 662 631996080
519 974 67057570
985 999 805809529
926 750 404911167
884 503 998538646
26 328 998438880
782 944 998949437
816 652 405999285
264 218 998592064
989 980 999620143
778 563 999627293
380 12 346585363
876 611 620633708
834 292 919989469
968 731 468253528
548 932 689801846
781 767 917789517
990 912 999566512
772 886 999678220
404 455 998012155
820 441 411569182
138 464 998006908
275 969 998105213
719 979 999531222
495 638 998918771
886 182 650425780
808 976 999354107
888 894 998909533
682 826 998009740
956 326 998664357
280 480 999067498
637 299 319064232
410 728 844282583
978 149 998058073
573 772 999436263
109 372 997804711
936 957 999541617
621 41 871922633
744 832 998430903
28 113 999922365
637 127 427759017
956 729 998482085
1000 987 543989790
994 3 88328942
975 334 999284303
786 517 999341012
129 109 77724422
800 883 330080272
843 523 999985241
971 812 998586580
99 662 998587280
368 384 998705674
836 758 648247764
633 471 930350969
534 915 997840523
876 394 100524591
793 953 250027642
281 406 998304924
308 521 999385119
553 780 152209235
764 863 830956907
971 313 672522612
87 721 684107971
236 488 650425780
970 953 998877800
504 528 859387904
779 105 688547962
636 812 999068903
724 179 997673732
852 727 805385963
822 534 219094347
350 304 999658879
880 116 176337433
240 940 773002656
631 740 999952577
979 973 998151292
10 132 335625952
78 808 491097089
850 580 293270229
131 88 607200780
763 800 525652514
967 899 979141342
334 934 711347274
482 96 999606993
350 358 822512578
951 709 319849387
99 781 999450252
827 685 477841814
372 961 998122134
887 685 840758497
160 31 690021248
645 468 284416277
974 115 452632904
564 668 411569182
651 993 997990494
343 970 999082657
950 852 410693670
833 797 929169569
229 335 672522612
644 873 997940958
393 917 103975235
893 407 999812655
942 890 390832141
810 734 998241023
671 140 773315916
185 111 543989790
604 567 999819544
963 849 998885316
864 937 999375100
552 195 999358700
862 652 999298936
505 911 998274309
954 100 484266999
92 488 67197627
913 61 889960236
