1000 5000 0
699 767 723156796
382 294 827162869
251 166 945121275
247 911 760306743
711 726 759711180
233 120 810041972
595 672 157481563
838 816 488785613
317 282 236595732
19 817 463108066
470 875 491239971
248 971 385611848
726 419 542308130
742 364 302507180
157 863 593423863
525 282 598001884
512 378 75515621
808 59 40552128
434 242 896045798
578 311 60205366
21 653 615784079
224 711 377775590
463 826 235547437
547 147 105763234
93 989 717277186
328 58 301443298
750 477 871095764
873 134 222259023
774 482 213865002
119 663 865444353
864 353 381479214
348 938 416368336
241 707 138187578
850 123 964180928
776 667 931564725
391 385 657507816
655 194 896045798
26 984 347542490
227 990 783103083
262 613 436607454
625 690 593423863
860 645 161888577
349 599 581798311
576 753 429699445
586 644 605629096
317 765 870577994
942 797 75515621
865 725 73949772
88 138 142425
732 970 881533461
992 350 491239971
704 789 351570525
599 57 185650368
76 314 235547437
684 69 824287502
912 656 709791423
770 882 971146442
115 98 800633513
501 986 964224757
428 413 107117875
636 300 379722572
868 758 686328476
201 118 440958285
875 765 60205366
798 413 161888577
632 766 263654127
670 722 429699445
315 645 196371693
839 466 880164123
61 743 283538676
963 512 175255811
656 11 552186375
686 692 710769673
29 587 393096343
104 782 214815567
321 174 500535837
980 610 840724308
564 908 404708308
475 591 500535837
932 897 879488896
201 399 581798311
78 614 630979
849 541 12157785
363 170 675134067
65 402 819665258
907 194 944574518
381 552 203847378
278 461 274704341
103 694 816632029
3 26 450221064
40 351 682736843
329 776 252874338
508 87 605228146
329 775 256213136
908 219 985001539
831 370 428842319
214 37 657507816
280 146 741910658
40 803 748452907
171 301 771394835
815 532 9696685
751 944 283538676
8 437 388265686
303 635 177287701
781 299 810041972
822 176 283538676
398 590 985001539
902 325 881605282
183 500 493631473
567 807 346227915
904 90 83479594
466 310 467733911
60 762 954587262
965 220 514057921
305 350 514170664
235 390 288484776
713 793 748452907
419 977 161888577
499 435 123532686
291 562 305356129
692 716 143517639
999 119 227722225
934 54 374921473
166 712 944574518
477 914 589945642
994 562 841993515
287 870 216161029
541 606 247266614
442 175 233643415
201 238 650428656
399 341 530379599
370 110 814963553
56 486 111085106
414 989 805069333
907 764 970066534
963 977 107199563
666 255 223882935
486 143 899546788
212 237 801720374
939 418 922616134
620 371 136092358
518 114 783103083
864 708 669584455
320 651 229341132
572 443 9180762
50 530 311342854
919 543 805296102
364 894 353898540
826 556 216161029
119 857 334090737
418 319 428842319
575 564 339151947
87 369 328622923
542 669 126688238
270 347 143517639
292 139 783719590
269 734 382834637
907 307 548570420
722 721 180965433
661 522 109662818
705 428 627553437
373 604 122256760
590 154 117705321
519 681 854445263
494 159 428842319
909 602 299868100
570 185 555703449
443 162 457430901
307 302 791832146
505 991 965884759
474 988 109662818
909 424 481998062
509 525 602749115
5 421 814963553
386 299 965884759
528 588 551616468
86 51 87638126
685 709 504202775
940 890 783719590
435 652 491239971
416 393 605228146
193 487 356566117
980 890 709791423
461 262 451507145
617 901 621892581
967 453 429699445
82 122 270009981
600 747 886397902
438 771 996634380
636 660 709791423
862 7 374921473
203 481 709791423
847 577 549755560
447 422 488785613
250 831 28815337
337 567 645612739
354 62 292868685
989 337 409552656
2 13 723156796
588 267 766495613
136 763 660469563
26 833 361534959
990 997 95100009
607 117 780236134
395 547 399573704
550 589 387733308
844 490 428842319
458 432 339215514
407 549 467733911
535 561 107117875
260 216 556830690
105 39 549755560
982 794 845764756
966 769 650428656
199 517 471470813
492 228 791790965
241 907 259351845
577 340 488383271
567 806 630979
216 954 675134067
54 70 781498593
263 802 139071632
487 159 944574518
201 343 189567726
726 631 431986952
767 584 335144992
331 526 461806928
229 275 706434151
226 750 805069333
536 970 811397335
803 989 673096901
718 869 261048468
882 38 824287502
786 821 325520806
736 808 816332637
543 80 816632029
165 569 636818762
149 497 615784079
879 447 252874338
930 261 173916380
751 597 339542858
73 118 845764756
443 357 400090715
673 851 870577994
592 367 710769673
549 293 855772657
814 355 213375425
653 71 871829365
91 96 274704341
650 357 993377610
167 995 387886680
150 681 872914295
167 435 467733911
322 993 845764756
273 844 954587262
703 519 989808971
849 103 258442382
575 357 334090737
918 77 766495613
466 476 599551840
730 164 712630976
206 987 218870918
10 206 142425
905 799 358679028
152 247 596114310
64 283 358679028
511 523 870577994
773 123 107117875
446 716 18955852
178 479 526797954
460 952 663733259
914 41 126688238
231 659 897245184
775 274 680417676
339 872 379708528
390 675 337860208
331 159 713156463
693 702 630918745
294 212 360633897
379 177 226895777
677 548 415746495
947 817 946049380
950 247 805069333
61 453 255434199
868 212 429699445
526 262 851282578
341 469 647152238
193 938 304289159
48 952 162366269
859 213 854445263
775 926 712014352
256 538 57551694
233 225 132498067
883 42 329248628
353 303 381479214
767 191 512273986
342 112 760306743
624 82 40765688
827 279 950487634
929 898 440958285
54 514 164924631
222 372 382834637
715 302 441450955
973 880 361534959
736 14 488785613
230 598 248947554
218 623 159612719
716 327 302885044
485 892 713156463
706 692 457430901
160 948 426851935
760 285 930874798
506 597 709791423
475 612 137439431
349 66 164924631
408 590 710263075
975 90 302507180
666 159 157481563
492 362 809447813
286 797 644359708
662 521 627286563
988 397 356566117
351 182 713156463
882 496 831864125
800 925 791832146
602 847 353514462
494 153 400090715
309 48 549336117
576 740 469003689
277 216 440958285
809 427 708863915
264 858 872914295
787 522 223882935
105 668 940997499
760 797 488383271
31 935 881533461
697 948 654278856
603 445 240864900
899 188 615784079
816 193 542308130
28 277 268024311
130 909 346227915
503 458 874026402
201 841 627553437
239 257 954573735
273 51 996634380
436 790 747942095
931 799 128636459
851 407 801792781
937 402 971146442
585 143 951318859
861 444 899546788
982 177 613203079
152 151 252874338
704 852 301215962
306 327 387886680
233 920 353514462
285 518 248947554
365 715 771394835
603 759 513214750
468 514 645612739
898 253 213865002
432 258 485489052
414 45 283538676
466 783 347137281
366 666 913710276
672 206 182038287
741 284 270009981
883 520 946757788
43 702 189567726
560 487 35821111
364 478 441450955
683 923 418097363
230 691 455133895
988 106 387733308
137 89 871095764
562 846 479601677
388 592 335144992
551 927 340061621
481 924 231422680
927 437 881533461
688 35 827810203
292 640 292868685
50 405 169527331
538 813 872914295
632 18 760306743
698 749 627553437
579 163 996634380
380 368 339215514
777 35 337005948
622 366 391421624
521 31 932916222
556 473 273856926
273 951 504202775
620 744 495116344
173 671 886397902
202 313 841993515
367 935 513214750
36 770 781316291
900 884 811397335
344 557 657507816
193 817 795894095
156 364 654278856
780 637 946757788
779 961 653307382
819 692 142425
601 744 156905630
68 751 600518588
662 386 932916222
738 679 347794326
472 952 763475449
9 127 299868100
546 808 207487703
273 210 971146442
767 851 210499837
540 538 301215962
147 767 984600986
671 835 177287701
983 238 55522055
357 748 436607454
411 134 816332637
597 105 613203079
84 668 525069301
674 333 215960277
132 780 513214750
436 464 712014352
601 647 68080494
377 339 106113415
547 459 436607454
871 604 872914295
825 405 213865002
678 969 874281426
110 957 823533014
262 713 871095764
502 724 759711180
735 151 680417676
209 566 70018083
506 935 991596748
427 707 410543243
562 696 674231200
16 415 288484776
625 368 991596748
430 829 854445263
615 786 627300489
882 180 818839699
515 312 353898540
277 685 872322262
406 94 521762521
696 288 388265686
32 461 672916789
308 200 708863915
192 269 109662818
720 321 548514938
618 630 409552656
862 614 233643415
616 318 196371693
852 717 775363560
16 299 270009981
788 891 605528384
417 908 495116344
254 811 379722572
886 149 636818762
513 747 801720374
185 23 627300489
785 995 996634380
373 874 763475449
976 652 630918745
701 456 880164123
203 188 819665258
889 618 741910658
888 531 947034056
923 693 242945605
951 548 18955852
603 718 507333256
832 326 555703449
689 999 922616134
319 665 162366269
878 369 143517639
835 394 324605387
910 548 356566117
998 326 932916222
402 401 457430901
973 124 288297633
148 34 469711732
726 875 657507816
198 533 985001539
979 245 565196876
544 890 686328476
638 634 447139641
924 102 834882948
208 460 28815337
448 634 7611629
376 669 139957865
481 700 461806928
845 34 356633812
392 967 139071632
545 872 886397902
453 465 334441672
14 449 773831444
184 124 634316859
629 158 210499837
688 856 70018083
775 687 805875124
557 93 759711180
153 426 722603308
879 774 492281363
440 116 751886868
568 797 196371693
121 535 599181799
3 342 714943039
739 135 630979
361 873 773831444
217 986 107117875
272 75 163048109
979 370 222259023
431 438 874281426
585 155 780236134
729 583 304289159
848 831 136092358
907 294 469711732
6 34 636818762
420 317 881533461
596 419 605629096
886 259 613203079
115 584 613203079
60 287 722603308
711 181 896045798
80 403 258442382
731 526 681307310
841 517 581798311
859 588 488383271
810 986 337005948
125 868 262222650
803 792 529017326
456 54 311342854
60 197 262222650
204 718 351570525
409 235 382834637
92 982 751886868
215 499 299715935
484 997 274704341
733 951 65066103
693 786 18955852
195 697 397370592
346 58 241288937
983 360 224031023
525 761 328747281
448 141 156905630
724 244 60205366
914 33 644359708
906 476 721500196
767 488 461806928
803 469 872322262
317 200 488785613
663 126 227722225
264 412 946630347
73 945 730859527
91 898 769486551
844 73 946630347
285 682 663733259
276 570 416368336
104 738 387733308
407 727 881605282
729 650 366564932
813 356 404708308
722 791 704296977
529 363 614715719
52 452 722603308
874 447 760306743
923 211 143517639
800 497 529017326
971 576 549336117
88 150 795894095
637 209 361534959
193 423 589945642
719 221 630979
1 827 428842319
406 330 920016723
547 461 481998062
281 217 76022667
895 801 851282578
236 744 168670683
626 31 23092682
504 737 68080494
389 981 712630976
617 783 814963553
69 228 404411432
239 442 109662818
255 664 940997499
396 454 854445263
275 800 851282578
440 943 542308130
256 455 964180928
196 732 741756296
765 953 970822427
840 805 598001884
517 961 930874798
675 332 542308130
593 971 410543243
174 440 299715935
680 772 854055868
9 726 552186375
414 628 552186375
365 450 377775590
960 131 387886680
83 561 657507816
4 966 616833137
88 626 167878837
29 797 304289159
537 169 964180928
764 254 747942095
458 607 287039163
319 284 801765499
182 876 809447813
271 962 136092358
129 381 28815337
81 49 238563875
484 749 805296102
220 59 855772657
76 447 821662401
303 100 605629096
751 955 409552656
825 439 197427751
625 405 214815567
856 866 657507816
614 295 675134067
500 65 356566117
838 589 878336672
425 971 843910491
354 46 682736843
747 79 747942095
832 991 35821111
718 411 945121275
565 509 469711732
185 980 68100645
926 305 556830690
328 890 517709798
742 410 730859527
523 478 879488896
60 266 304289159
12 997 647152238
273 457 213375425
759 654 235547437
448 217 356973461
556 888 399573704
363 235 645612739
152 282 68080494
95 277 227722225
907 705 381479214
469 358 805875124
252 822 823533014
54 664 848522762
631 429 260137861
761 140 497458587
160 109 343389834
38 525 453787794
795 913 634316859
197 430 781498593
651 111 175255811
368 512 382834637
161 976 542308130
270 256 107199563
152 482 213375425
636 853 872914295
136 618 600518588
752 859 497458587
522 416 505897245
676 662 532788042
7 541 821662401
967 887 874837373
795 746 948204691
627 870 593423863
959 592 786210985
324 56 123532686
466 991 105763234
795 646 175255811
491 209 269303225
515 391 82048196
160 883 810041972
247 609 299868100
659 664 329248628
491 922 356566117
144 379 899546788
975 632 710263075
619 599 337860208
83 936 526797954
480 423 60205366
149 879 128636459
773 453 299868100
458 606 801720374
228 673 163048109
576 979 428842319
711 863 526797954
824 901 726779386
627 897 530379599
299 280 636818762
148 384 189567726
669 30 429699445
640 692 717277186
319 760 519292362
904 504 781316291
931 101 843910491
328 37 786210985
347 539 386715799
413 263 823533014
300 836 197410429
882 661 834882948
639 319 970066534
309 450 244401820
516 760 236595732
640 331 874105193
914 228 288297633
5 84 854055868
14 854 182038287
205 576 157481563
49 190 996634380
489 597 652470233
297 811 161888577
122 334 529017326
424 880 361534959
559 30 304289159
507 427 804570508
576 67 589945642
723 243 304289159
303 310 644359708
260 1000 610361412
158 553 242945605
27 902 557198419
188 582 314727013
970 611 710769673
643 710 260137861
64 751 354697723
268 742 920016723
551 196 647152238
909 406 471470813
389 460 325520806
875 526 138187578
757 870 874026402
506 502 247266614
795 230 957153620
235 898 800938361
624 186 65066103
460 462 224031023
746 592 447139641
850 805 259351845
834 426 244401820
907 920 142430269
885 608 238563875
391 778 18955852
992 728 13030333
978 797 455133895
77 946 301215962
993 880 674231200
737 755 818839699
865 973 82048196
903 493 636713209
485 55 217514677
859 842 13030333
316 762 382969209
966 669 971146442
386 265 272622382
634 60 592896337
440 696 148378423
801 93 337005948
184 475 376090452
613 892 252874338
286 820 874026402
578 17 948204691
964 732 996634380
732 958 173916380
207 74 584245410
768 7 843910491
270 152 686477788
483 992 647152238
513 916 932916222
240 492 946049380
912 87 751886868
197 772 87638126
693 510 175255811
422 495 376090452
133 616 680417676
451 1 509040670
806 91 358679028
484 11 276441199
522 291 854055868
796 601 76022667
129 7 491239971
556 201 514170664
464 145 922616134
53 566 954573735
47 111 637307523
983 621 467733911
429 650 339215514
222 493 686328476
341 272 599181799
642 189 259351845
376 6 404708308
468 960 379708528
324 396 877196541
580 493 374921473
101 2 870577994
854 527 644359708
459 823 415746495
779 387 814963553
65 745 224031023
379 535 376090452
383 161 549336117
649 134 351570525
601 784 299715935
787 941 818968912
877 242 581798311
218 732 122256760
179 979 210499837
404 329 971146442
453 269 224031023
838 867 809447813
411 441 119488905
172 69 351570525
554 407 640921598
342 815 951318859
142 293 106495606
205 484 996634380
410 959 598001884
658 838 334441672
376 335 302507180
500 923 218870918
301 907 824287502
55 354 488785613
183 654 301215962
711 304 888596207
688 911 168670683
645 187 105763234
426 585 205197840
730 528 627553437
929 828 634316859
534 50 213865002
588 483 521762521
84 261 504162937
223 907 669584455
778 989 874105193
339 232 723156796
917 255 748452907
198 739 404411432
717 152 918060658
737 969 339151947
110 794 347542490
244 956 272622382
722 52 781498593
557 137 269303225
974 745 948204691
489 72 95100009
24 710 310805525
797 334 519292362
296 971 918060658
313 541 881533461
973 336 40552128
657 25 274704341
573 626 759711180
213 132 117705321
828 985 845764756
699 264 382302805
618 452 385611848
823 537 457430901
749 923 805069333
695 609 299868100
837 858 730859527
601 498 447139641
97 928 58901218
782 724 256172737
306 290 609305526
881 605 388265686
605 264 637606222
457 741 385611848
601 162 339215514
933 193 28815337
318 128 40552128
778 553 334090737
838 674 283538676
398 898 339542858
814 792 142430269
338 542 791790965
74 209 913710276
931 952 269303225
374 363 988929149
311 964 404708308
47 816 60205366
948 125 287039163
464 514 241288937
433 99 107117875
902 375 841993515
318 408 630979
81 927 581798311
149 280 686328476
272 370 840724308
15 672 9180762
106 273 197410429
434 433 810041972
65 135 897245184
222 925 497458587
893 318 269303225
95 602 708863915
93 113 469003689
655 827 818968912
574 915 122256760
570 754 377775590
835 438 568559851
676 608 816332637
138 234 348725720
222 996 605528384
830 320 921276165
48 496 581798311
700 7 182038287
27 239 640921598
198 547 128335789
814 202 870577994
991 896 356973461
605 884 218870918
48 949 872322262
251 272 175255811
534 594 172316988
913 15 918060658
818 190 493631473
187 323 386715799
181 107 783719590
345 208 143517639
524 335 302885044
818 993 551616468
171 90 436607454
972 264 126688238
996 563 229341132
697 891 630979
179 586 773831444
126 218 167878837
533 636 304289159
189 414 301443298
163 522 189567726
153 232 128636459
496 855 55522055
657 271 706434151
763 751 287039163
985 85 865445997
921 18 704296977
176 389 628215399
500 26 942284795
558 111 816233166
804 679 340061621
637 375 507333256
57 616 314727013
641 191 615784079
744 581 834882948
243 287 872914295
962 63 886397902
383 271 710263075
431 763 795894095
648 701 418097363
397 756 886397902
79 862 458296638
165 385 288297633
221 219 950487634
729 168 529017326
149 571 268024311
653 107 299868100
433 645 492281363
668 633 382834637
400 399 463108066
289 80 951318859
918 643 954587262
585 578 555703449
555 980 197427751
555 843 821662401
376 861 800938361
354 60 504162937
22 563 865444353
352 247 247266614
968 969 148957361
979 467 640921598
751 108 993377610
834 359 325520806
11 246 680417676
350 948 229341132
18 850 730859527
574 980 840724308
502 4 710263075
289 437 337860208
176 23 954587262
928 948 377775590
298 393 971146442
431 965 117705321
36 20 549336117
839 193 628215399
796 24 126688238
920 645 621892581
256 479 509040670
251 471 157481563
187 249 581537868
161 494 657507816
44 896 301215962
1 812 261048468
128 714 834882948
327 777 998435573
827 48 998316895
590 994 627286563
965 979 999627617
217 408 805069333
467 307 913710276
66 392 162366269
539 683 819665258
499 785 138187578
768 729 514170664
676 574 851282578
793 779 998474056
916 943 854055868
955 629 999304735
651 436 548514938
517 160 998276949
972 566 998495987
245 508 763475449
60 734 814963553
449 268 674231200
483 254 268024311
886 718 998955580
129 911 998593169
762 846 221181259
997 983 998367721
538 302 997879568
386 627 628215399
778 522 999038247
508 647 469711732
568 1000 998427581
998 132 999513554
71 195 999833534
211 405 148957361
962 946 999790746
461 442 634316859
790 25 276441199
987 880 29747040
717 529 998137107
9 571 347910246
955 874 998253221
563 758 593423863
965 985 998230230
879 463 999994378
908 412 791790965
653 693 999954735
129 183 999595767
960 666 458296638
538 310 998133280
798 476 106495606
908 990 942284795
941 927 999491918
754 836 628215399
183 989 773831444
452 901 415746495
977 614 998907216
432 629 999504978
997 755 999050641
834 697 998383140
195 375 998123555
555 260 686328476
493 636 998181435
874 223 111085106
933 991 998564270
968 970 627300489
952 907 87638126
321 877 999626129
321 371 998744333
860 922 504202775
483 102 70018083
897 348 28815337
527 812 723156796
905 741 329248628
9 418 991596748
503 385 998552558
423 131 605528384
963 982 302885044
579 989 998407552
963 926 217514677
6 755 843910491
737 709 197410429
661 969 999016044
454 77 310805525
593 427 248947554
967 726 999676331
40 239 385611848
549 332 529017326
7 584 848522762
461 493 599181799
839 913 203847378
748 987 391421624
204 935 415746495
539 581 488383271
57 609 827810203
940 958 950182691
751 197 840724308
676 386 957153620
516 374 791790965
904 745 999999085
840 826 998926064
229 31 998279549
965 454 83479594
397 34 627286563
846 899 805875124
700 62 814963553
395 429 998692116
892 190 998370481
570 67 310805525
888 766 730859527
2 497 879488896
684 972 137439431
791 748 599551840
378 723 142430269
528 887 999872620
931 983 65066103
877 903 999482947
561 452 399953122
573 116 831455536
989 976 816233166
932 552 998264487
818 801 997989494
993 966 804570508
960 966 999115527
498 868 998000576
801 175 411835768
565 842 918060658
787 309 358679028
830 486 998946888
598 875 816233166
932 950 211981815
698 937 999214948
442 309 386715799
96 771 999074350
537 784 998333446
750 815 998154503
141 342 416368336
835 576 999787529
276 941 999199806
43 221 998095525
964 894 310805525
948 925 548570420
662 670 385611848
10 85 861134634
89 822 999618129
534 948 999666323
251 233 469711732
603 26 998320565
484 843 999901038
748 678 999387600
914 747 252874338
12 777 411835768
683 990 73949772
953 835 76022667
554 886 356566117
725 640 374921473
660 588 429699445
813 294 441450955
963 1000 139071632
626 980 599181799
129 312 999132440
164 234 542308130
60 19 998902026
982 145 411835768
506 371 139071632
570 439 602749115
29 518 773831444
389 654 950487634
109 228 123532686
475 630 800633513
958 991 780236134
800 803 998863673
397 450 998978296
152 538 416368336
606 251 818839699
470 590 148378423
752 417 229341132
264 704 73949772
983 647 998969330
843 533 999957693
991 658 819665258
588 291 874281426
593 933 999489872
307 622 224031023
861 866 382302805
652 409 805875124
912 217 999746061
550 810 288484776
891 385 997999425
447 481 385611848
852 855 636818762
922 507 382302805
342 852 999091022
408 480 999634418
492 901 324605387
631 40 998307013
853 910 57551694
197 511 548514938
826 733 436607454
517 741 970066534
702 267 80018588
818 800 999499150
792 956 843910491
589 137 801765499
674 929 730859527
708 752 70018083
991 920 335144992
646 485 514170664
847 937 223882935
996 681 409552656
922 290 340061621
308 675 998672826
216 540 763475449
933 895 997940770
718 147 93483591
787 93 998001761
888 837 998674111
584 940 759711180
447 911 818839699
657 278 82048196
332 708 852898908
855 819 718256088
746 721 288297633
539 755 804570508
688 796 999321410
384 946 492281363
458 371 998162703
472 922 240864900
433 388 276441199
146 107 605228146
582 193 168670683
905 975 197410429
281 226 881533461
691 898 947396634
921 981 998736564
509 523 637606222
611 154 573519245
421 634 126688238
947 891 136092358
382 694 548570420
928 939 530379599
128 794 346227915
205 892 999078259
886 750 627553437
964 730 999503636
345 872 824287502
557 540 932916222
425 357 841993515
731 518 57551694
876 819 999166247
798 889 105763234
200 784 998422056
234 846 177287701
143 356 615784079
19 570 337860208
83 883 169527331
430 590 998329570
485 798 334441672
894 828 343389834
782 825 997878670
539 927 272622382
320 156 852898908
955 836 999498968
39 852 771394835
955 538 985001539
279 685 351570525
859 636 172316988
941 878 122256760
818 759 999735756
892 447 288297633
877 907 608127799
938 968 565196876
248 351 70018083
906 982 998154130
728 665 999146919
979 816 347542490
906 810 997968278
821 829 339215514
705 681 301215962
846 220 766495613
65 980 942284795
929 617 783719590
980 941 999975425
242 658 865444353
807 667 999365644
756 770 360633897
490 775 834882948
970 520 998787873
931 990 627553437
531 717 998142466
719 957 874105193
557 214 361534959
646 956 415746495
754 80 999250502
541 433 299416171
99 726 660469563
416 461 255434199
906 703 998407635
428 950 234491608
389 890 999654017
650 992 35821111
571 764 168670683
883 885 458296638
680 661 999999690
869 804 964180928
487 135 999520912
301 678 998119722
396 546 221181259
656 826 999134677
314 578 998863967
231 362 997998431
874 883 450221064
715 842 999462399
188 995 998490398
587 887 23092682
141 166 997966628
286 152 548514938
298 113 123532686
846 912 952895597
901 846 999478774
394 858 461083364
152 587 998479995
241 211 602749115
318 12 999942983
690 797 872322262
815 264 270009981
282 63 998387947
716 761 23092682
780 714 998551087
676 767 636713209
968 540 999303406
887 353 848522762
866 854 997930343
856 698 568559851
192 969 440958285
965 986 783719590
532 670 998573237
971 794 999832516
885 547 95100009
665 823 989808971
998 560 139071632
741 186 636713209
230 468 710769673
544 367 640921598
5 93 760306743
721 581 998436776
539 536 998481283
842 975 548514938
672 650 999998363
83 738 428842319
627 564 441450955
490 283 998043116
972 841 988929149
754 578 229341132
66 358 526797954
416 634 714943039
825 632 997915588
174 202 339215514
51 46 142425
925 935 274953308
526 599 654278856
44 704 256172737
813 934 999819310
273 952 999756992
934 557 627553437
861 679 999586963
773 456 222259023
966 977 951018949
151 791 461806928
196 512 492281363
1 718 999754095
383 611 999738804
957 975 631985807
679 313 143517639
718 862 514170664
598 683 998493456
768 832 163048109
903 897 416368336
396 725 721500196
626 851 855772657
905 922 399573704
541 735 821662401
995 929 169527331
998 851 431986952
60 491 519292362
216 32 517709798
709 887 159612719
547 432 581932298
704 883 998943736
1000 999 810041972
518 10 599551840
891 918 436607454
772 403 999823149
803 973 894573908
312 976 461806928
273 758 40765688
187 108 805875124
663 800 814963553
788 981 105763234
215 629 299416171
847 676 843910491
847 973 630979
5 366 998865551
683 934 197427751
523 499 137439431
743 279 998037939
71 791 637606222
987 962 998245199
239 50 180965433
978 270 950487634
959 964 997998198
78 930 931564725
231 357 998886225
458 225 360633897
445 859 686477788
544 583 137439431
623 876 234491608
511 610 998026985
807 507 998265369
208 723 156905630
265 166 256172737
904 826 573519245
479 382 999463373
862 100 998393884
352 876 880835326
874 949 299715935
449 689 493631473
12 469 998461443
381 491 360633897
778 193 217514677
869 13 347910246
195 797 654278856
990 757 404708308
538 829 708863915
972 999 324605387
75 484 999046959
315 737 302885044
971 970 801720374
930 834 880835326
487 104 687789206
962 807 337005948
939 921 164924631
974 878 999162890
775 864 997889347
687 732 463894485
574 952 436607454
891 363 718256088
902 842 203847378
785 224 999074103
353 575 999250996
712 299 292868685
648 819 998653849
484 580 704296977
169 462 258442382
414 483 998125241
393 473 70018083
759 987 998401419
660 999 871095764
655 941 521762521
538 369 73949772
885 854 143517639
918 913 998994073
681 828 998543329
892 971 123532686
907 831 865445997
921 788 998416744
633 23 998098478
410 845 123532686
219 128 880835326
596 263 991596748
816 481 871829365
964 492 999429101
871 693 808808080
999 287 596114310
488 67 970822427
634 411 704296977
598 767 998127951
301 906 998493892
633 256 189755751
919 902 461806928
165 943 65066103
465 271 663733259
496 61 861134634
987 633 505897245
992 938 512273986
909 63 339542858
992 979 343389834
632 903 874105193
941 518 851282578
933 913 356973461
365 530 879488896
771 744 111967630
888 757 142430269
247 168 988929149
335 533 177287701
474 761 712014352
533 741 991596748
705 91 998632447
862 831 999334957
703 810 999339844
315 176 299868100
664 708 999913562
10 802 161888577
636 860 521762521
928 849 268024311
448 527 299715935
983 950 431986952
209 906 831864125
300 221 998051124
685 593 730859527
976 319 999812249
347 619 382302805
669 925 353514462
795 509 132498067
586 75 998547126
944 565 822453298
716 847 619716625
239 237 998145970
574 190 376288045
800 937 999031423
852 977 440958285
990 954 233643415
868 262 880164123
823 988 998190993
343 838 373640383
441 256 469003689
356 198 565196876
873 687 999865748
445 219 998448994
931 534 998635159
906 935 637606222
426 77 302507180
664 924 998654683
728 944 132498067
945 89 880835326
87 201 654278856
578 325 748452907
189 94 998789524
998 610 182038287
304 336 305356129
606 654 797758727
927 345 634316859
828 526 313617025
973 554 998928048
984 989 775363560
770 84 954573735
912 594 998587816
242 704 896045798
633 120 998598063
423 766 431986952
574 766 879488896
715 596 952895597
411 857 998544694
940 907 998428912
499 947 998802404
983 976 605629096
752 38 712630976
73 703 999170230
646 609 382969209
629 690 573519245
806 939 998567492
359 361 920521351
852 915 998225476
865 995 657276848
852 531 999066148
581 65 998859811
629 413 605228146
995 412 636818762
300 455 998533276
55 682 970822427
199 38 83479594
859 593 999424702
617 538 999856688
721 572 805296102
318 599 274953308
4 958 998640112
837 836 999582765
310 870 999829623
433 232 998506233
913 929 549755560
727 140 999101504
569 626 999070310
624 690 530379599
341 538 999754995
468 659 589945642
998 875 652470233
936 904 999241890
670 719 865445997
639 911 997856819
499 823 229341132
681 826 722603308
933 813 356973461
734 196 997933887
180 659 302885044
825 71 998585826
242 451 263654127
973 180 999848636
454 343 957153620
900 960 998521563
757 767 40552128
933 94 865444353
682 507 786210985
952 933 426851935
995 521 599181799
467 509 726779386
608 461 998551155
1000 975 999466584
406 511 999004920
562 1 189755751
661 15 229341132
482 772 946049380
382 177 182038287
951 897 999063020
611 566 385611848
286 52 137439431
616 870 999660244
980 846 816332637
117 702 211981815
347 225 235547437
734 572 999331523
285 799 998225424
453 431 608127799
98 305 106113415
999 632 874026402
752 937 999433714
267 440 999860616
895 577 998095521
901 869 399573704
835 858 801720374
895 870 182038287
508 543 855772657
472 618 710769673
875 701 999819223
961 534 998281294
786 720 801765499
385 266 109662818
816 817 669584455
190 956 681307310
906 925 13030333
135 564 9180762
652 733 441450955
129 105 488383271
988 992 998396873
427 261 997930898
878 504 339215514
358 467 997969177
669 761 411835768
348 455 57551694
392 943 946049380
686 531 87638126
978 992 460389380
604 684 998377113
957 942 608127799
942 543 874105193
896 423 998359257
791 637 525069301
309 460 404708308
945 320 998726713
250 849 998875565
499 181 542308130
67 797 998141764
521 944 998026237
422 983 156905630
430 697 235547437
911 385 182038287
891 599 999568080
788 408 942284795
994 984 812218153
745 625 999508488
887 717 861134634
365 301 713156463
430 235 845764756
846 371 555703449
709 793 998082667
526 586 913710276
875 547 999923748
395 299 260137861
369 908 463108066
681 712 888596207
956 960 998189033
100 658 999085821
967 889 628215399
379 152 343389834
955 217 998419231
630 959 647152238
964 590 998210446
454 643 479601677
540 489 998711274
150 433 814963553
678 453 998470828
995 925 717277186
951 964 379722572
710 884 262222650
295 826 337005948
105 505 824287502
970 996 951018949
186 6 262222650
99 15 400090715
709 927 751886868
187 967 227722225
740 312 353898540
430 507 263654127
195 387 854055868
779 422 387733308
891 957 999346331
917 884 218870918
447 682 404708308
987 991 301443298
364 316 234491608
896 35 998222768
833 963 999425673
961 970 998548463
595 991 128636459
879 856 376090452
976 970 954573735
264 245 998922957
356 15 999419328
760 470 964180928
904 173 999227034
622 501 548514938
759 946 999260770
636 965 999113379
978 979 999780678
985 946 608127799
512 478 998065769
8 812 998500588
922 531 673096901
936 827 172316988
131 922 721500196
291 271 9696685
970 861 433903674
694 315 167878837
247 169 213865002
456 388 103696301
719 84 381479214
663 554 997892598
155 126 463894485
873 381 555703449
698 127 687789206
215 600 999296915
563 954 760306743
549 610 834882948
90 97 998875929
307 191 760306743
877 810 998467020
253 378 218870918
754 357 87638126
872 777 142430269
402 978 831864125
311 469 783719590
172 935 82048196
670 152 463894485
961 588 337005948
9 684 148378423
489 609 394121772
206 900 491239971
463 996 132498067
588 968 999376990
951 840 998004377
480 876 706434151
505 666 998181638
643 578 998744418
900 634 760306743
627 387 221181259
986 980 998116935
925 939 530379599
312 899 411835768
681 760 730859527
880 37 163048109
985 187 551616468
567 914 721500196
743 752 397370592
840 622 998323046
957 994 998657700
495 548 325520806
794 824 801720374
517 502 189567726
582 21 581932298
11 821 781316291
412 494 526797954
467 441 998687281
384 626 997935743
698 692 343389834
623 945 347794326
650 109 663733259
793 166 599181799
154 152 673096901
580 725 287039163
965 995 288484776
872 926 404411432
157 743 609305526
963 978 404411432
988 983 831455536
1000 904 800938361
637 620 999097998
92 931 998105628
995 993 999492434
622 179 999717143
859 645 339215514
508 698 440958285
46 331 999847710
94 813 128636459
193 95 589945642
361 500 931564725
962 936 240864900
900 746 687789206
394 258 998000850
786 312 310805525
148 256 600518588
240 433 40765688
465 963 189567726
279 312 126688238
477 238 997926885
968 962 843910491
985 213 998975054
913 971 822509489
184 18 213375425
878 670 999568961
684 773 680417676
549 701 83479594
846 650 999266770
216 342 780236134
646 843 513214750
638 446 68080494
860 885 801792781
919 864 197410429
837 679 334441672
849 223 998123471
297 220 82048196
643 23 998887452
211 438 999033775
156 931 471470813
235 946 999901749
586 582 999227493
735 941 40552128
818 793 387733308
870 830 628215399
619 647 360633897
997 991 998412969
306 530 998399349
121 671 672916789
930 979 872914295
931 867 148378423
672 852 780236134
879 770 177287701
987 998 461083364
975 98 673096901
864 328 998181311
461 346 998221980
808 814 637307523
822 148 82048196
270 654 999591554
651 158 180965433
638 435 964224757
605 947 450221064
373 860 356973461
815 870 999839154
671 868 436607454
901 683 203847378
919 935 996634380
713 594 880835326
926 840 998215626
144 932 382969209
450 565 627553437
940 994 9180762
932 107 189755751
980 966 998559005
976 973 998418043
721 400 999893433
698 889 169527331
823 986 168670683
898 817 741910658
254 71 874281426
693 583 138187578
465 931 605629096
956 565 404708308
857 864 999813950
990 981 93483591
922 865 458296638
906 856 93483591
989 588 998953939
949 954 262222650
967 988 782419040
880 418 999609097
942 903 781498593
484 681 822509489
791 689 351570525
832 151 999452935
57 619 615784079
528 938 663733259
967 836 358679028
811 837 630979
484 756 373640383
421 367 182038287
902 946 9180762
861 933 83479594
970 547 747942095
754 931 310805525
481 821 409552656
561 191 999558953
908 945 997884380
833 969 998135485
814 889 998228450
321 340 640921598
310 437 549336117
997 741 244401820
87 539 385611848
535 560 644359708
339 983 180965433
913 943 410543243
772 500 519292362
272 427 542308130
588 952 385611848
991 990 999753721
472 343 998296178
973 635 469003689
567 989 548570420
500 551 946630347
939 985 902161738
86 735 999731125
903 796 854445263
764 770 467733911
735 716 354697723
5 24 240864900
881 822 252874338
223 363 709791423
823 768 660469563
842 908 126688238
256 433 998886418
181 632 505897245
813 644 872322262
107 930 377775590
682 976 997948380
435 582 812218153
675 934 999114875
665 508 971146442
627 506 999919637
806 785 894573908
921 904 999795651
960 986 18955852
550 168 381479214
665 652 167878837
956 974 998204831
580 281 351570525
558 541 852898908
178 18 460389380
273 723 797758727
709 618 175255811
983 668 998394529
703 220 497458587
920 147 998719304
661 633 998887103
449 412 940997499
913 834 998492300
966 958 4922842
744 755 637606222
834 818 998492540
638 573 500535837
775 834 609305526
782 594 998687950
624 304 7611629
109 939 781316291
568 985 353514462
670 967 404708308
900 901 918060658
976 888 999904876
3 426 599181799
746 436 203847378
670 349 717277186
661 864 418097363
948 957 998011942
981 150 663733259
913 906 673096901
921 326 708863915
571 715 769486551
196 321 610361412
602 557 148378423
540 845 950487634
318 109 288297633
647 607 998489927
550 605 346227915
911 682 530379599
317 806 999870617
881 959 810041972
716 897 600518588
110 231 356566117
785 972 766495613
782 857 389144386
932 904 573519245
876 336 818839699
985 993 391421624
887 560 998670001
923 959 686328476
899 624 18955852
126 430 865445997
729 833 812821971
880 11 993377610
435 437 997886448
987 969 998411058
261 244 686328476
933 945 872428749
675 668 998449218
612 619 469711732
916 587 951318859
787 386 495116344
565 800 723156796
293 1000 823533014
725 825 256172737
19 350 945121275
217 284 998425064
712 880 634316859
411 559 880164123
983 986 998600353
983 945 998243126
737 834 682736843
736 315 712630976
847 443 998063872
858 952 431986952
748 956 600518588
750 327 998814208
845 414 301443298
748 733 951318859
522 110 455133895
686 612 640921598
712 956 356566117
20 524 998209784
601 812 555703449
742 638 998975088
360 660 998687848
350 283 492281363
818 401 741910658
926 950 998757006
200 502 827162869
864 931 913710276
973 989 613203079
807 909 382834637
784 99 379708528
900 921 162366269
253 724 500535837
275 182 87638126
680 304 999542839
574 671 652470233
868 94 148957361
805 625 997926158
587 535 189567726
392 416 76022667
42 480 998656160
689 385 657276848
982 711 235547437
921 967 999164829
572 304 812821971
257 369 998887524
769 987 182038287
309 899 645612739
883 983 854055868
839 669 173916380
864 715 397370592
840 854 930874798
251 446 485489052
485 996 791832146
920 971 634316859
127 144 999794625
76 392 653307382
459 569 999749203
563 756 387733308
935 794 107117875
643 760 877196541
558 4 268024311
440 587 346227915
591 978 361534959
987 252 231422680
531 870 504162937
807 423 722603308
977 940 311342854
872 455 548514938
861 824 485489052
330 246 999283379
702 122 999245919
766 665 105763234
879 867 168670683
569 330 162366269
585 480 999370884
784 39 998444462
940 17 998314897
967 754 823533014
728 684 106495606
855 82 999418303
731 574 763475449
622 210 216161029
705 334 840724308
959 968 23092682
873 498 999691013
693 733 999110226
422 918 998214473
323 812 447139641
757 50 999569139
275 921 930874798
576 402 998824203
314 691 999987398
768 817 173916380
880 969 851282578
759 803 997895871
906 790 998444849
367 697 556830690
359 788 999220454
985 969 993377610
619 611 399573704
910 854 998193990
823 833 998781711
812 747 164924631
65 752 68080494
782 970 999041852
547 307 157481563
929 366 999889218
996 997 999553529
802 877 970822427
652 590 854445263
317 254 451507145
92 818 998749271
435 340 819665258
968 574 175255811
65 875 998295314
111 207 708863915
641 177 999441447
946 896 809447813
696 868 573519245
641 269 998402180
485 732 999505218
833 260 627553437
683 78 40765688
370 47 797758727
182 532 801792781
503 87 998088610
327 311 999669840
500 313 128335789
622 851 998846120
876 965 998775179
210 749 998968203
806 902 556830690
66 855 657276848
357 844 998019109
926 453 998909259
138 63 999307416
185 854 627300489
982 769 998931615
642 229 461083364
386 591 821662401
75 860 346227915
395 692 865445997
627 559 613203079
725 209 453787794
958 927 947396634
816 314 998285667
888 852 376090452
882 891 999979702
921 306 998856661
381 395 373640383
405 274 221181259
999 997 451507145
587 993 301443298
47 449 164924631
963 889 854445263
879 725 35821111
155 749 657276848
769 552 748452907
89 602 999217497
968 575 999973374
783 512 627300489
981 989 337860208
843 783 861134634
993 871 822509489
445 985 991596748
569 264 763475449
281 991 660469563
845 836 589945642
227 674 493631473
512 748 998698388
745 630 397370592
335 313 581537868
331 723 160812283
129 380 340061621
314 275 998711941
904 50 337860208
879 738 999536096
938 835 565196876
857 680 488383271
392 258 605629096
599 842 999315891
318 826 865444353
969 978 262222650
556 580 998324943
997 377 581932298
895 955 663733259
736 183 453787794
946 967 673096901
873 876 95100009
126 652 542308130
520 347 998717808
890 953 479601677
960 825 999503761
772 320 394121772
534 404 712630976
302 436 999534861
968 151 998947362
565 791 998265640
745 790 999903319
228 757 337005948
715 296 500535837
86 817 997897022
197 470 948204691
533 663 791832146
889 857 997900872
990 862 377775590
627 740 526797954
512 901 148957361
511 110 172316988
763 649 786210985
982 953 609305526
956 67 236595732
643 827 998018730
982 985 998569892
564 570 819665258
883 834 998897390
915 856 998961911
534 767 647152238
926 949 998276270
153 489 214815567
643 642 989808971
871 166 704296977
619 531 998903592
756 3 816332637
876 363 262222650
367 717 997856819
464 154 930874798
732 762 382969209
930 877 816632029
293 906 172316988
923 957 382969209
955 1000 373640383
783 748 397370592
168 849 998001562
843 908 431986952
840 106 840724308
688 640 997991156
372 284 717277186
159 278 111967630
313 919 998433598
534 784 529017326
620 340 999070108
808 683 780236134
410 690 998195976
437 74 377775590
583 949 998596317
911 794 840724308
888 373 259351845
162 223 998279457
660 419 999710658
691 765 952895597
866 560 831455536
994 963 138187578
733 944 440958285
931 543 455133895
199 925 998985470
282 921 126688238
153 665 988929149
4 979 302885044
370 800 998545121
790 887 681307310
766 446 126688238
751 340 339542858
955 924 874837373
885 570 999230106
146 712 177287701
946 800 998216412
600 771 495116344
885 308 999670132
438 361 157481563
740 318 999076414
992 995 999902943
776 669 616833137
827 918 998527914
414 28 913713006
687 426 999375018
86 75 999123996
646 484 998713874
996 955 234491608
835 603 997877861
753 908 865445997
566 231 998391183
898 907 123532686
973 972 324605387
553 744 999701374
542 616 970066534
758 300 177287701
952 314 855772657
756 972 998635102
532 968 605528384
374 150 238563875
880 656 106697899
926 876 998106788
989 66 712630976
989 961 9696685
787 803 117705321
937 849 126688238
464 896 999390011
704 845 760306743
852 762 93483591
791 943 311342854
990 903 393096343
286 989 182038287
435 938 947396634
337 995 583691902
469 750 999575358
925 825 998449793
630 463 998859702
778 85 447139641
696 87 999324407
459 80 340061621
41 953 997939739
440 420 356633812
869 998 999794771
807 880 107199563
582 908 999083803
143 73 213865002
871 861 453787794
917 152 822453298
618 859 998709982
273 384 998169147
674 710 360633897
897 816 999829473
131 259 273856926
862 733 998058095
292 984 999131886
395 367 999528100
783 851 313617025
144 233 103696301
728 464 999536435
927 101 999294961
527 242 397370592
962 913 998710153
603 742 453787794
918 981 997902408
807 920 999426502
716 180 107199563
874 970 988929149
501 656 640921598
101 785 759410269
731 433 775363560
785 712 998763251
982 992 843910491
421 803 436607454
755 492 782419040
798 616 877196541
971 935 998377460
903 250 509040670
696 861 999833665
983 937 457430901
570 26 605528384
945 979 999569149
767 658 353898540
571 923 998776637
838 348 714943039
167 484 481998062
984 905 180965433
963 548 999459689
772 880 382302805
162 979 999436930
262 459 374921473
185 751 660469563
747 743 999353896
379 951 217514677
573 960 998531978
577 214 530379599
743 695 481998062
810 635 841993515
505 528 999038403
438 644 791790965
626 551 261048468
734 367 142430269
149 773 706434151
965 404 630918745
706 357 997940958
138 533 998157547
914 632 998299213
36 344 896045798
149 428 747942095
199 694 103696301
591 631 999464633
808 978 393096343
868 905 436607454
498 35 998873666
961 915 608127799
937 38 339151947
803 918 148957361
146 444 117705321
740 767 55522055
659 3 970066534
100 246 998349806
731 592 551616468
107 199 377775590
787 708 999563327
879 814 998416291
788 948 461083364
956 123 999465132
482 664 57551694
329 618 999796760
973 995 800633513
999 462 337860208
429 679 998767006
849 979 244401820
237 733 163048109
318 660 337860208
506 72 998111167
708 977 305356129
592 840 723156796
693 707 139071632
194 558 12157785
835 809 605629096
335 911 999065438
759 230 479601677
992 944 353898540
183 271 984600986
399 794 998683376
428 714 530379599
638 959 636818762
205 860 999827630
964 521 241288937
963 918 302885044
340 574 999088169
682 689 879488896
566 587 781498593
108 929 68080494
293 16 213375425
909 973 469711732
737 512 221181259
748 720 549336117
241 906 999518562
33 509 723156796
691 960 998843150
872 880 660469563
971 951 931564725
917 690 797758727
911 991 652470233
705 757 999742306
600 892 75515621
931 886 998418559
876 887 600518588
862 726 998945777
952 534 999017764
598 679 400090715
676 817 548514938
554 322 944574518
904 520 663733259
840 967 58901218
865 787 819665258
775 388 148957361
645 453 598001884
996 888 262222650
725 258 998043591
656 573 870577994
943 922 800633513
864 937 411835768
950 799 999820479
110 313 999447731
832 261 379708528
814 749 356566117
903 812 663733259
508 345 760306743
586 166 548514938
953 947 998442137
232 554 999639906
983 999 221181259
748 826 706434151
983 972 40765688
965 980 353514462
669 802 234491608
237 483 998028551
765 989 999560879
655 345 631985807
74 334 636818762
962 939 997878824
461 289 998698185
254 485 514170664
961 706 261048468
293 702 354697723
131 203 874281426
507 242 304289159
366 516 998859804
461 234 999330236
864 838 998570146
865 438 634316859
567 508 488785613
918 507 517709798
778 912 551616468
758 645 630918745
201 463 723156796
677 537 196371693
883 60 605528384
611 410 999912204
836 735 998049481
815 281 997943303
987 997 87638126
971 567 418097363
734 564 637606222
369 304 557198419
839 148 998208892
613 635 440958285
626 810 824287502
994 998 998331461
449 318 952895597
968 144 783103083
994 978 525069301
385 109 748452907
195 619 137439431
984 877 229341132
353 516 999280440
563 4 999019016
997 994 805875124
940 692 173916380
850 241 999447849
570 204 185650368
326 711 874281426
875 865 751886868
421 682 998929696
850 956 878336672
833 876 759410269
356 479 137439431
588 538 156905630
421 322 999060221
579 888 991596748
576 552 675134067
945 289 347137281
893 862 68100645
125 255 999812310
116 378 771394835
960 683 998884775
191 153 505897245
822 891 932916222
754 628 274953308
113 457 485489052
916 232 741910658
66 615 460389380
83 901 816233166
67 487 13030333
325 187 999622325
885 933 652470233
653 146 998981886
352 563 998164477
972 988 880835326
903 850 382834637
813 574 999688859
980 828 881533461
963 831 998321322
726 399 137439431
268 360 999445322
151 471 998198654
478 726 507333256
944 549 874281426
910 794 999511282
918 991 213865002
845 865 931564725
143 326 598001884
479 342 103696301
979 780 299416171
801 280 497458587
399 1 581537868
611 205 542308130
958 939 324605387
107 713 241288937
399 374 388265686
698 791 415746495
694 280 999307626
693 770 999636293
288 87 404411432
501 450 259351845
941 957 40765688
740 972 13030333
998 966 272622382
885 915 565196876
14 199 824340576
911 943 999645156
940 919 314727013
984 410 998304967
171 352 999568236
540 426 999182040
833 800 998584784
123 436 360633897
604 760 504162937
977 999 399573704
167 744 997981811
998 1000 932916222
537 769 211981815
758 234 998822090
410 221 373640383
229 619 549336117
810 371 998296489
978 962 119488905
161 698 258442382
892 148 28649212
954 884 259351845
617 363 874281426
391 586 93483591
946 826 463108066
712 832 143517639
916 639 132498067
579 328 998784433
926 496 730859527
707 848 831864125
840 365 998586930
681 513 440958285
265 700 40765688
734 259 902161738
690 939 998395636
554 453 998514764
716 999 517709798
370 331 965884759
615 978 759711180
300 459 998855873
899 965 812218153
785 557 370094705
738 641 241288937
550 244 70018083
556 596 231422680
825 702 216161029
972 851 211981815
831 902 822509489
835 873 509040670
383 354 872914295
515 591 751886868
563 739 997949062
574 581 7611629
196 492 634316859
892 334 599551840
826 877 672916789
704 694 998068887
836 776 136092358
638 563 999678436
632 132 525069301
263 197 23092682
977 858 999462909
853 701 103696301
370 678 381479214
899 787 76022667
208 504 998984567
668 659 946049380
966 989 514057921
719 705 488383271
101 58 224031023
268 325 800633513
996 995 831455536
491 264 60205366
997 982 311342854
969 748 888596207
898 916 709791423
335 607 461806928
641 653 411835768
539 467 628215399
622 876 292868685
902 86 387886680
764 17 240864900
972 390 822453298
582 452 382834637
985 955 288297633
551 726 747942095
134 235 998583649
306 346 880835326
256 524 216161029
544 657 897245184
781 907 999491273
222 517 619716625
585 842 997967134
743 785 999360495
203 518 999938374
263 514 997941429
395 871 709791423
237 978 299416171
696 489 999650174
943 864 769486551
93 904 223882935
450 521 292868685
279 271 614715719
700 897 872322262
676 779 346227915
349 873 236595732
183 400 488383271
209 935 299715935
835 897 998449646
668 569 613203079
18 213 918060658
439 602 848522762
741 275 998098578
564 429 255434199
253 765 218870918
896 870 997931548
924 880 681307310
831 810 377775590
948 567 549755560
28 582 60205366
221 163 581537868
983 384 106113415
228 132 940997499
599 762 551616468
779 454 886397902
259 674 999814051
243 381 391421624
158 274 999348967
392 957 652470233
9 212 631985807
129 608 211981815
492 528 117705321
895 567 18955852
477 622 77806407
856 997 881533461
795 1000 881605282
973 980 226895777
968 996 196371693
656 802 998917939
488 593 998247252
867 445 999629891
333 350 822509489
938 856 159612719
674 519 168670683
707 566 998358077
955 632 552186375
530 466 215960277
951 2 272622382
639 657 999498094
275 402 614715719
347 948 998945710
943 926 814963553
800 719 824340576
618 532 346227915
465 239 998988133
667 737 242945605
617 714 148378423
549 917 686328476
24 893 60205366
945 988 657507816
675 111 381479214
803 795 999242202
774 815 704296977
220 202 843910491
815 99 999448015
159 215 805069333
457 782 710263075
838 759 999024997
94 28 168670683
921 919 469003689
960 775 795894095
490 496 109662818
880 110 999853813
878 995 491239971
184 363 248947554
596 690 299416171
812 918 998719886
965 982 598001884
780 732 495116344
890 654 106495606
857 557 521762521
944 248 998568736
957 866 947396634
869 509 998928555
981 324 999542302
242 436 872322262
831 995 513214750
624 97 902161738
661 741 805296102
870 968 999548243
61 322 783719590
990 992 913710276
957 357 233643415
931 834 233643415
813 805 999177563
802 410 263654127
552 512 532788042
1000 992 999619689
320 384 998576488
418 801 236595732
244 649 998268118
741 631 416368336
623 820 998997106
176 256 998723295
270 873 605528384
582 692 436607454
229 542 999275883
824 279 998228752
69 365 609305526
867 880 581537868
369 311 621892581
119 793 812821971
904 983 999604493
984 933 999445494
553 641 946630347
976 133 721500196
901 783 616833137
306 800 998160017
53 248 760306743
464 598 377775590
877 976 840724308
895 905 713156463
572 110 894573908
314 686 993377610
253 891 581537868
684 467 998830138
501 647 485489052
778 584 999459698
506 876 226895777
783 771 726779386
862 233 429699445
880 927 83479594
957 981 998220566
730 481 998894639
60 511 998342849
686 340 415746495
949 933 301443298
887 961 117705321
221 638 998843092
678 517 469711732
204 948 374921473
870 935 865444353
987 989 782419040
596 567 157481563
50 931 831455536
722 87 997995471
851 734 797758727
711 243 609305526
783 902 376090452
14 291 819665258
899 492 461083364
304 104 970822427
389 493 998996129
658 885 686328476
916 868 999773835
828 721 223882935
58 199 385611848
526 753 999165576
326 826 479601677
752 980 834882948
34 935 759711180
109 392 142430269
687 261 463108066
362 536 415746495
2 268 999494149
939 933 512273986
626 414 404411432
800 313 23092682
938 919 106697899
250 993 946049380
774 832 710263075
565 758 998982856
892 964 608127799
378 718 818968912
988 995 998484750
525 913 999282930
639 180 834882948
383 475 137439431
211 956 479601677
579 881 526797954
925 897 132498067
775 715 999083559
664 249 573519245
823 793 568559851
999 873 834882948
442 684 168670683
960 991 240864900
855 828 879488896
441 687 997942563
829 682 998872569
824 909 997856819
4 41 706434151
389 887 356973461
392 26 920521351
551 275 660469563
604 881 998221658
675 103 455133895
196 753 791832146
209 860 526797954
375 342 730859527
978 876 615784079
332 379 324605387
388 74 256213136
635 434 247266614
15 615 103696301
451 52 324605387
891 186 305356129
26 704 730859527
558 383 998505460
879 822 871095764
31 486 210499837
13 16 451507145
654 905 998479410
975 979 301443298
215 954 162366269
857 825 822509489
440 695 109662818
707 430 270009981
720 837 775363560
554 84 999106693
281 372 615784079
876 56 682736843
869 826 467733911
869 887 457430901
876 549 998798124
494 493 998807055
947 914 999098528
854 59 998036743
419 798 999457613
911 993 458296638
703 631 292868685
151 989 999608912
539 717 872322262
482 425 872428749
806 581 105763234
945 817 998263154
987 547 505897245
255 650 299868100
78 368 672916789
16 931 999926337
900 568 70018083
546 419 377775590
488 787 730859527
884 164 491239971
387 871 299868100
931 997 759410269
984 470 409552656
552 782 411835768
926 56 672916789
753 265 999155498
759 744 111085106
793 880 82048196
150 754 610361412
430 201 998701399
363 358 999986346
957 918 492281363
966 872 921276165
160 771 998434823
555 804 136092358
835 888 436607454
94 218 997890196
948 905 999011694
800 679 391421624
912 849 255434199
64 817 441450955
961 976 999441120
920 963 488383271
834 635 627553437
886 659 795894095
513 599 706434151
901 737 801792781
271 329 819665258
943 320 441450955
71 106 348725720
998 489 998132755
566 289 999712831
782 788 227722225
231 351 999758782
906 770 652470233
954 981 463108066
339 885 347910246
400 689 630979
697 883 773831444
791 11 999876145
494 252 555703449
783 705 492281363
499 604 946049380
13 559 616833137
927 892 581798311
121 498 311342854
850 876 818968912
883 6 877196541
916 997 495116344
578 276 819665258
304 531 189755751
447 282 530379599
947 927 609305526
623 545 998542174
599 333 13030333
221 633 669584455
599 944 999225525
810 778 812821971
751 587 136092358
739 270 999043999
229 364 12157785
963 940 999030405
986 932 504162937
496 869 821662401
77 275 999043549
791 823 760306743
838 799 896045798
128 643 630918745
840 436 834882948
720 69 426851935
953 990 238563875
901 934 998090914
473 959 310805525
738 690 999226224
759 793 801765499
899 748 70018083
870 771 998742938
967 923 13030333
397 1000 998710312
737 787 360633897
403 937 4922842
939 767 801765499
571 413 999477707
322 831 763475449
173 255 621892581
550 12 105763234
911 867 706434151
940 810 954573735
102 113 411835768
706 806 680417676
833 837 999514488
816 709 222259023
659 888 650428656
865 861 998075172
525 867 274953308
895 884 139957865
86 647 358679028
884 970 769486551
540 78 675134067
115 803 881605282
789 340 795894095
972 978 75515621
312 229 650428656
250 266 335144992
594 162 313617025
382 265 177287701
614 385 552186375
53 155 549755560
520 720 881605282
934 948 636713209
985 436 353514462
368 162 57551694
580 602 999629186
97 511 998986392
889 891 628215399
991 998 988929149
272 917 122256760
782 877 730859527
576 863 469711732
964 999 721500196
930 914 984600986
873 37 65066103
890 718 999044342
308 538 998063018
869 988 339542858
976 926 997958195
866 951 654278856
518 919 346227915
904 935 999900669
960 627 998318034
934 945 168670683
746 897 111967630
485 614 886397902
666 891 370094705
723 857 998780426
880 887 999004356
400 358 157481563
925 326 999534745
1 76 954573735
465 942 874105193
375 435 628215399
655 161 998854751
855 830 549755560
506 116 399573704
556 398 999746941
411 475 602749115
998 997 998253180
71 36 573519245
248 492 999791864
563 806 999528377
796 888 557198419
503 874 998294590
978 415 951018949
490 508 160812283
995 856 854445263
720 815 999727804
748 801 999058508
866 539 998992576
690 416 997912336
573 278 270009981
912 833 215960277
847 592 354697723
914 956 163048109
3 708 827162869
800 521 998327481
472 599 999422414
912 598 791790965
610 558 673096901
968 967 203847378
983 862 608127799
956 627 997858888
651 311 226895777
947 534 532788042
866 389 592896337
605 243 173916380
954 890 647152238
129 688 328747281
988 975 999376142
223 377 117705321
566 960 9180762
643 794 999776492
856 990 999399225
982 720 142430269
617 209 999758340
884 976 596114310
662 667 436607454
563 799 999899860
13 382 997875800
142 609 139071632
698 59 167878837
778 622 167878837
638 298 801792781
865 902 205197840
651 681 946049380
547 223 714943039
288 265 351570525
989 779 747942095
467 877 999838801
840 804 913713006
959 955 645612739
688 703 998323704
874 929 998830516
254 175 801765499
65 604 339215514
491 297 888596207
609 313 274704341
894 704 592896337
93 937 998669432
510 12 492281363
453 257 356566117
264 905 248947554
871 398 999435246
935 871 356973461
918 959 640921598
808 998 182038287
254 304 902161738
957 762 998483390
666 346 436607454
522 945 999207816
887 831 999481522
944 933 549336117
801 989 660469563
526 572 998408183
559 299 999344774
899 974 814963553
699 493 998126062
278 793 82048196
854 779 998308649
664 935 823533014
843 869 374921473
803 639 283538676
949 986 301443298
244 959 791832146
102 204 998663001
858 619 782419040
697 934 888596207
590 567 865445997
471 564 998171862
536 592 80018588
394 688 404411432
90 415 581537868
955 574 809447813
782 861 811397335
826 831 93483591
219 77 73949772
529 625 111967630
218 370 999063398
925 944 292868685
398 605 509040670
903 814 999597402
709 376 210499837
670 830 189567726
404 202 998508052
914 742 514170664
715 883 999921561
445 200 824287502
953 967 819665258
284 452 991596748
887 668 627553437
910 826 76022667
652 640 723156796
775 353 998965022
44 270 340061621
895 858 433903674
973 987 163048109
309 40 549336117
91 288 256213136
925 916 944574518
480 162 989808971
440 285 605528384
656 545 404411432
818 910 964180928
659 470 999239832
652 111 998065378
710 947 348725720
886 917 274704341
989 905 556830690
39 711 946757788
879 860 998408774
777 738 302885044
601 10 329248628
69 236 874281426
910 849 288484776
937 642 932916222
906 928 180965433
738 439 185650368
361 312 998090065
891 988 879488896
949 389 674231200
856 76 126688238
415 572 599181799
843 719 771394835
8 402 221181259
970 959 663733259
3 250 299416171
533 943 998453852
642 675 451507145
728 906 998330084
817 212 999115503
971 982 636713209
862 479 9696685
895 921 532788042
850 911 552186375
723 259 418097363
394 972 921276165
707 223 801720374
145 141 653307382
764 596 605629096
602 318 631985807
972 436 356566117
336 611 361534959
919 953 824287502
949 679 28815337
480 739 565196876
331 468 269303225
89 793 999231002
968 83 948204691
949 989 410543243
866 980 998427041
534 288 137439431
518 381 999422070
300 631 999629382
71 191 913713006
487 94 440958285
449 504 809447813
672 383 240864900
164 404 819665258
327 889 13030333
896 947 880164123
175 215 137439431
791 414 123532686
734 150 605629096
758 885 301215962
468 344 999206379
595 656 999000510
979 884 877196541
986 969 653307382
514 346 999351003
741 810 998223667
246 768 221181259
512 220 871829365
555 631 805875124
245 777 999872848
467 326 998120720
964 984 80018588
929 945 721500196
956 765 998854694
117 656 920521351
740 433 998805797
879 944 874026402
10 612 525069301
663 221 302507180
981 933 354697723
868 820 581932298
378 645 222259023
45 554 781316291
357 828 669584455
626 673 148378423
35 2 998305701
372 474 999517803
648 761 9696685
866 836 998925080
334 10 999495199
53 878 950182691
973 963 453787794
24 857 274953308
268 832 998323195
916 822 999952577
671 740 105763234
955 777 647152238
863 798 998696888
314 356 999108679
785 556 998344465
917 664 999468053
105 43 874281426
529 1000 886397902
896 406 999595331
996 74 795894095
624 762 650428656
588 921 834882948
866 519 932916222
777 697 13030333
269 84 589945642
578 386 287039163
846 860 717752991
876 695 77806407
846 542 313617025
962 912 137439431
984 1000 60205366
782 306 358679028
840 695 339151947
671 44 999001257
256 802 998905037
834 627 997900564
936 680 999289268
272 675 347137281
941 985 240864900
153 495 999349015
500 722 997956790
208 331 583691902
888 411 637606222
942 361 139071632
469 528 786210985
991 999 631985807
833 568 999940348
356 292 823533014
923 802 721500196
969 977 722603308
693 960 596114310
361 943 313617025
629 783 998935810
877 505 213375425
665 952 848522762
342 170 998447481
168 616 816332637
864 440 241288937
357 407 800938361
624 584 998397814
687 826 783719590
166 293 337005948
615 550 998142774
681 528 356566117
656 234 998351646
839 944 233643415
343 344 657507816
771 865 998469237
507 513 399953122
490 766 259351845
675 696 162366269
294 209 222259023
358 413 782419040
869 878 233643415
816 842 214815567
755 712 305356129
649 946 998827365
3 167 354697723
640 827 302885044
629 425 343389834
244 81 999010074
55 255 730859527
377 163 997984322
676 595 238563875
40 467 497458587
205 632 223882935
956 681 675134067
877 912 627553437
51 366 951018949
595 137 878336672
977 474 999942129
542 36 377775590
895 118 985001539
836 849 766495613
747 786 998424484
821 745 529017326
98 511 77806407
383 286 256213136
120 162 596114310
250 412 999124745
74 414 997870610
811 712 426851935
784 644 400090715
960 963 998085996
563 769 339542858
431 524 299868100
882 789 998633808
115 317 292868685
373 160 998754957
299 91 782419040
358 895 111085106
843 969 998348070
788 818 652470233
711 410 223882935
356 445 999542574
488 32 944574518
974 901 999074382
657 219 311342854
201 262 605629096
943 910 87638126
606 851 197427751
815 793 650428656
280 312 998527189
739 530 400090715
145 563 242945605
991 983 346227915
862 801 235547437
776 527 999883319
532 996 998943201
907 826 805069333
346 516 532788042
884 542 213865002
984 551 999794653
438 404 791832146
934 972 240864900
948 625 233643415
707 355 997880022
79 458 759410269
531 997 385611848
542 961 463894485
901 851 28649212
941 176 861134634
254 837 999004845
713 919 542308130
898 559 360633897
745 198 105763234
783 545 808808080
562 43 426851935
765 991 175255811
293 260 805875124
938 946 491239971
751 84 999372167
968 859 999560688
59 723 816332637
995 997 871095764
988 621 637606222
352 25 998596382
28 788 998675017
988 930 998570869
958 985 686477788
954 368 999757318
869 832 616833137
338 933 376288045
633 864 497458587
590 653 801765499
184 997 964180928
50 926 816632029
669 472 549336117
985 990 631985807
240 799 73949772
404 763 896045798
276 488 353898540
653 430 343389834
16 751 870577994
986 487 7611629
320 494 197427751
588 765 354697723
249 571 139957865
88 934 507333256
846 958 504162937
108 253 721500196
795 443 164924631
394 336 999281654
572 320 954573735
984 990 399573704
650 824 636818762
567 719 730859527
606 564 376288045
784 976 382969209
130 780 358679028
787 490 356633812
371 497 998796363
664 486 999741670
819 262 821662401
562 58 602749115
491 226 218870918
603 808 657276848
701 57 871095764
405 453 999502641
957 712 495116344
157 149 613203079
269 778 627286563
846 754 657507816
985 359 902161738
183 416 998027788
555 258 998843438
968 642 998963812
556 875 888596207
819 244 741910658
734 997 117705321
554 486 999702704
896 689 998944271
202 130 214815567
747 37 999362332
805 646 942284795
896 861 287039163
457 277 944574518
991 319 998843884
823 344 162366269
234 453 998121260
753 781 337860208
644 678 358679028
671 319 12157785
676 870 672916789
720 857 244401820
566 876 324605387
868 548 881533461
618 943 493631473
445 809 942284795
948 937 993377610
279 58 556830690
925 815 132498067
808 887 240864900
321 885 999925838
149 54 23092682
675 223 998218171
334 916 932916222
830 926 301443298
894 948 998652570
946 343 997904881
859 801 932916222
411 631 964180928
704 259 530379599
956 893 998973686
767 507 672916789
880 19 845764756
924 893 998505184
839 733 627286563
401 444 528175738
427 52 469711732
987 902 872428749
277 912 628215399
319 921 827810203
521 660 107199563
977 998 557198419
896 935 4922842
778 265 221181259
87 665 998512158
826 632 83479594
871 703 881533461
56 674 999231206
547 213 797758727
789 971 805875124
494 629 552186375
914 916 589945642
981 994 998329008
18 379 805296102
983 716 505897245
782 961 299715935
395 115 946757788
711 754 998349372
185 682 673096901
963 494 886397902
756 966 388265686
945 937 189567726
130 615 800633513
405 832 660469563
2 157 897245184
820 906 999481707
720 399 136785541
905 972 233643415
957 964 999024554
858 191 998775136
911 705 854445263
974 966 436607454
371 505 998106141
954 919 998405479
539 573 999196324
2 931 117705321
770 474 954587262
255 852 302885044
959 987 686328476
430 189 241288937
798 290 984600986
990 815 913710276
601 988 182038287
630 756 109662818
65 527 609305526
690 988 647152238
337 770 998363715
910 829 999935641
505 68 999649863
305 295 77806407
974 995 431986952
289 834 721500196
18 534 652470233
919 966 769486551
636 739 819665258
732 642 95100009
554 614 262222650
967 782 999244420
91 703 636713209
631 311 525069301
996 703 495116344
965 963 999517700
786 51 999374000
169 546 440958285
335 128 999986880
765 149 509040670
379 782 970822427
618 70 999660752
276 974 57551694
599 367 224031023
156 928 999107719
226 628 932916222
62 289 801792781
815 699 628215399
988 994 999060940
712 901 998394785
34 549 759410269
817 197 998273495
907 749 998188511
554 583 997932859
346 309 999261186
985 49 325520806
216 171 748452907
992 848 872428749
341 546 415746495
479 176 240864900
602 877 584245410
203 874 106113415
711 767 519292362
614 7 999158511
950 222 999992020
228 186 913710276
632 466 999856298
550 711 488383271
448 904 998766824
562 782 353898540
772 28 999304695
167 940 998446224
835 519 998644267
544 585 163048109
762 674 894573908
529 902 886397902
68 356 521762521
578 735 262222650
620 107 657276848
995 989 521762521
582 485 872914295
828 772 998654068
343 678 999149210
968 293 998021456
945 906 824340576
400 757 999735031
550 727 998042282
771 915 998115849
789 429 400090715
777 693 932916222
100 849 999470874
149 888 998103288
708 721 872322262
621 683 507333256
811 893 998562854
665 649 180965433
912 801 730859527
519 795 998799103
523 987 270009981
664 766 998994430
783 72 816632029
825 836 680417676
211 749 663733259
995 849 347542490
954 461 589945642
144 80 741910658
914 162 874026402
520 919 189755751
221 159 998246245
737 207 340061621
60 590 627286563
20 1 429699445
634 303 998351142
751 251 40552128
941 858 173916380
644 603 946757788
959 625 722603308
407 726 930874798
322 456 997950996
546 317 681307310
620 860 998176790
69 476 451507145
196 375 998223638
664 615 997916844
792 891 871829365
766 35 637606222
496 124 409552656
448 206 999614972
917 808 997972573
60 259 630918745
902 881 899546788
224 578 896045798
956 688 999250442
403 168 227722225
839 360 766495613
776 797 997986182
223 206 637606222
604 170 812218153
809 102 329248628
7 944 998388727
474 497 954587262
227 808 247266614
741 270 998747879
699 850 946630347
890 865 708863915
515 78 999952231
818 579 256172737
19 460 682736843
991 1000 886397902
693 875 998340894
132 372 822453298
890 895 999572639
986 728 602749115
222 140 469003689
23 127 68100645
383 864 999862130
439 203 163048109
672 765 999703414
772 506 335144992
310 547 998665078
597 697 370094705
725 695 999962736
835 699 999666730
588 87 999524550
858 861 998680268
380 30 998459452
426 795 920016723
170 339 4922842
360 517 95100009
515 824 998822757
875 807 270009981
572 488 463108066
997 936 714943039
349 160 954587262
575 229 605629096
696 770 555703449
726 997 998493041
973 857 999777857
200 631 823533014
242 352 998163511
918 529 356566117
728 377 233643415
284 905 999197927
1000 994 998715967
172 75 160812283
287 127 874281426
492 407 999759345
821 638 998276923
430 542 634316859
665 695 930874798
74 305 998752042
801 953 261048468
212 359 874837373
885 684 999437462
669 352 106495606
520 908 387733308
457 593 263654127
235 585 528175738
704 732 944574518
631 534 599551840
678 764 169527331
179 170 999406144
971 406 351570525
754 665 940997499
867 896 881605282
790 219 970066534
20 384 429699445
179 241 292868685
823 861 998232656
736 642 726779386
596 901 998145119
906 880 680417676
857 866 517709798
91 259 217514677
222 23 328622923
683 332 800938361
564 861 999206965
450 193 377775590
872 514 999130162
101 867 529017326
394 194 410543243
109 111 881605282
726 814 75515621
874 898 287039163
314 642 989808971
706 601 217514677
771 206 28649212
725 892 227722225
858 924 505897245
969 576 998758122
793 821 83479594
186 331 998384745
986 863 549755560
214 627 999589104
957 947 128636459
573 366 999751408
917 910 998130026
791 750 214815567
78 605 999337199
10 812 714943039
998 946 710263075
197 187 998929675
999 921 627300489
860 874 70018083
353 659 998580174
150 548 920016723
393 981 999271605
412 656 998661167
750 946 999683659
680 144 137439431
618 809 964224757
393 625 823533014
399 811 946757788
319 29 461806928
288 103 771394835
862 252 507333256
243 546 400090715
713 564 946757788
954 843 713156463
832 790 491239971
978 173 185650368
88 884 999861973
980 997 248947554
931 866 137439431
981 183 584245410
181 629 428842319
124 816 998270579
733 40 997857838
257 264 818839699
29 847 40552128
853 683 998741398
407 601 29747040
905 892 999041673
783 615 337860208
564 658 810041972
666 523 388265686
428 606 946630347
670 425 783103083
575 79 998312177
563 555 334441672
815 946 741756296
208 925 998392292
346 305 76022667
799 882 339542858
532 797 302507180
978 989 717277186
952 999 896045798
317 652 77806407
306 548 136092358
720 485 999178482
840 468 366564932
710 317 999248897
983 990 621892581
935 65 998007395
132 624 339151947
941 906 865444353
921 649 143517639
67 246 447139641
960 416 998421910
270 327 999600913
831 797 783719590
187 336 645612739
852 908 164924631
892 490 999181174
876 111 999056715
917 704 942284795
627 659 276441199
241 418 801792781
583 718 512273986
264 334 4922842
635 879 823533014
683 697 801720374
979 980 93483591
859 967 783103083
982 352 997884309
975 703 999457404
809 518 998881657
78 533 999664736
467 551 997972257
5 672 998141630
244 614 451507145
814 345 213865002
912 740 741910658
847 750 173916380
487 593 880835326
497 395 399573704
927 701 759410269
309 841 373640383
215 812 840724308
385 389 843910491
583 818 455133895
87 392 998338886
842 953 77806407
445 729 627553437
984 988 65066103
51 460 998080360
809 823 999088244
17 883 997976802
581 742 337860208
202 821 479601677
805 633 28649212
871 95 60205366
650 373 609305526
829 928 998624360
644 365 311342854
937 899 930874798
834 678 210499837
421 664 139957865
17 530 631985807
292 800 998659179
143 244 805296102
948 758 999992665
275 628 998340232
875 660 673096901
760 31 896045798
954 771 399573704
962 902 872914295
794 20 509040670
379 977 946049380
872 960 880835326
844 980 998756386
351 555 999840904
560 842 399953122
996 988 998966935
998 724 663733259
800 47 211981815
941 948 379722572
971 310 999007795
599 408 168670683
850 521 998228672
164 361 766495613
979 914 999531473
400 214 708863915
981 62 399573704
373 966 106495606
265 60 224031023
391 73 387733308
610 938 418097363
986 985 173916380
836 26 880835326
813 463 998849794
935 927 998253762
977 545 469711732
760 966 346227915
921 650 998864060
882 969 9180762
158 672 998657581
997 68 999566774
969 656 675134067
980 896 428842319
169 907 998034695
916 927 675134067
641 523 241288937
869 893 605629096
59 965 998762126
326 8 999758675
516 865 512273986
845 169 766495613
646 820 805069333
223 876 999968792
274 849 313617025
547 606 871095764
452 590 834882948
923 982 276441199
665 954 469711732
936 14 379708528
785 566 83479594
911 577 999991555
925 619 999092956
950 668 185650368
839 948 451507145
395 552 455133895
919 909 399953122
889 689 467733911
223 100 999127750
876 973 999510037
930 959 233643415
768 902 999566125
743 159 167878837
535 245 4922842
629 813 461806928
394 106 999002342
321 934 132498067
876 751 481998062
922 815 507333256
862 432 999767097
695 377 913710276
216 874 169527331
135 994 999479404
548 574 263654127
635 771 328622923
404 758 229341132
898 784 404708308
936 832 801792781
578 859 998788142
774 384 998243090
333 643 999816569
790 610 83479594
961 660 269433054
892 940 945121275
828 663 999642458
759 873 600518588
637 788 568559851
350 592 998252774
906 405 598001884
291 796 132498067
189 138 843910491
892 881 998325439
777 865 840724308
907 504 167878837
827 740 185650368
921 959 313617025
806 886 997991243
276 895 75515621
939 704 810041972
531 201 999579655
787 857 999979854
570 573 998978067
864 638 488383271
956 886 714943039
760 903 529017326
964 179 800938361
62 83 773831444
449 555 682736843
462 88 999120654
448 138 759410269
60 216 781498593
242 991 242945605
245 198 644359708
236 910 433903674
686 683 11459658
65 182 347910246
892 973 952895597
508 198 387886680
490 971 215960277
967 350 999443028
949 857 613203079
987 362 998665178
703 880 347910246
433 98 999395153
484 842 272622382
455 712 998550664
539 984 999463908
939 526 500535837
873 756 998288620
518 484 235547437
890 259 103696301
823 632 999654744
738 460 23092682
995 932 242945605
474 41 998837938
795 254 637606222
841 731 258442382
865 285 75515621
891 535 751886868
319 981 865445997
606 717 379708528
211 41 197427751
701 920 991596748
138 673 931564725
42 294 387886680
426 786 998722845
12 788 426851935
735 795 824340576
724 319 491239971
228 624 999841349
947 943 751886868
754 964 339151947
859 303 999753346
885 530 896045798
875 804 680417676
928 813 999587795
678 846 353898540
835 883 998306347
619 775 999886923
952 876 999988411
3 472 513214750
422 464 998001496
456 529 76022667
956 913 669584455
689 634 946049380
38 203 301215962
461 434 954587262
307 627 999356196
728 589 816632029
818 69 492281363
440 414 122256760
991 982 514057921
602 855 766495613
888 863 70018083
169 410 880164123
727 878 686477788
195 451 999565122
374 291 657276848
772 991 599551840
363 127 964180928
256 161 393096343
36 65 107117875
994 911 947396634
876 302 596114310
272 736 211981815
122 406 999607755
243 148 999131093
976 979 998427275
658 460 997930065
888 633 358679028
163 250 185650368
379 923 999048245
846 748 500535837
295 424 532788042
266 665 998340664
44 397 818968912
574 844 717277186
749 993 706434151
634 553 581537868
966 779 161888577
904 567 965884759
729 410 334441672
696 703 584245410
685 736 376288045
216 562 274704341
909 828 998777763
1000 298 213865002
853 606 999603222
596 302 387886680
894 954 801720374
786 952 805069333
75 487 708863915
553 95 998573665
792 971 640921598
509 406 999210754
902 990 999611741
833 851 999174741
583 468 347794326
821 920 999458538
806 677 999159071
501 566 4922842
658 721 717277186
451 704 159612719
913 915 874281426
899 354 870577994
837 398 128636459
495 945 505897245
864 901 647152238
623 504 854055868
575 513 816332637
812 758 356566117
782 502 999457896
236 853 786210985
857 515 999747654
438 689 416368336
848 964 824287502
25 902 197410429
91 701 399573704
903 640 205197840
686 742 998325619
942 829 999495555
459 850 998044689
760 467 608127799
872 953 805875124
520 964 157481563
758 1000 621892581
214 106 998367772
637 128 509040670
423 331 759711180
793 827 310805525
224 468 619716625
468 202 161888577
753 505 142430269
615 945 324605387
434 723 998653838
254 209 998010681
877 848 325520806
554 711 137439431
663 733 998649775
276 767 998927954
327 294 993377610
896 967 356566117
997 188 645612739
715 900 348725720
816 726 999850880
722 990 759711180
779 689 998324236
597 770 999082349
841 621 346227915
869 930 998578074
953 931 111967630
911 602 998984519
478 995 718256088
899 451 998958849
156 220 185650368
737 187 998927825
793 498 28815337
871 785 998591853
859 831 993377610
866 676 999948126
976 988 488785613
539 436 645612739
658 782 185650368
960 904 180965433
515 781 999249327
887 877 997875281
971 999 871095764
766 412 107199563
928 780 999688599
915 242 500535837
415 310 399953122
757 652 998779246
861 629 377775590
924 31 433903674
902 940 781498593
615 889 337860208
299 499 999977596
388 687 136785541
966 934 998924975
990 967 105763234
570 486 314727013
779 983 4922842
875 975 809447813
447 523 189755751
113 788 999668442
708 557 433903674
629 318 998481735
892 972 998094186
7 561 605228146
967 536 492281363
280 814 299868100
956 978 797758727
639 438 653307382
988 991 385611848
984 392 68100645
844 987 998722508
936 888 999494013
912 991 260137861
949 782 385611848
756 784 500535837
166 24 999208476
225 719 128335789
964 598 816632029
770 698 236595732
530 242 998503571
19 934 769486551
459 50 609305526
198 21 60205366
135 68 65066103
144 15 28649212
913 592 998245571
832 939 827162869
182 67 932916222
825 928 433903674
44 249 653307382
932 863 999365095
709 658 542308130
825 45 107117875
463 614 77806407
586 870 568559851
676 632 337005948
240 698 463894485
285 733 497458587
510 463 119488905
24 445 870577994
885 936 262222650
832 881 861134634
96 16 258442382
229 610 163048109
798 93 998857686
391 277 159612719
478 747 436607454
858 710 922616134
10 799 236595732
366 660 283538676
714 461 999075054
979 806 653307382
230 653 999073177
640 334 167878837
593 772 805875124
950 808 811397335
874 756 28815337
337 420 431986952
534 137 947396634
955 510 440958285
958 857 998373146
665 507 82048196
905 907 855772657
481 703 998753992
997 449 382302805
369 360 998554093
831 398 236595732
896 887 954573735
274 607 999734678
402 455 920016723
974 633 55522055
624 113 816233166
240 265 339542858
608 226 881605282
422 803 997924330
191 525 999207304
885 665 60205366
293 249 259351845
963 935 65066103
974 999 132498067
449 685 87638126
651 431 871829365
660 849 347910246
675 907 360633897
955 688 347137281
952 868 998493500
80 373 998025906
867 976 998288582
996 606 998919897
36 519 816233166
81 715 229341132
989 975 301443298
286 436 394121772
180 726 231422680
832 789 221181259
707 614 999332871
532 534 999517947
908 453 60205366
630 487 409552656
374 45 999182467
881 997 881533461
984 886 504202775
750 189 272622382
581 295 805875124
737 633 241288937
437 593 451507145
976 995 997918631
306 578 463108066
557 565 302507180
49 403 999819096
727 726 997969630
671 649 998917898
928 700 132498067
952 932 9180762
446 344 328747281
865 905 710769673
47 802 834882948
234 457 998310552
636 32 998940694
982 680 816632029
975 963 526797954
793 549 301443298
700 946 614715719
766 257 394121772
990 567 288297633
1000 983 240864900
202 945 998733076
844 198 998365841
975 717 999355733
63 360 999962263
16 875 998901064
335 696 70018083
717 109 816332637
841 922 65066103
163 218 512273986
866 800 288297633
53 259 766495613
971 668 872322262
425 131 343389834
1000 799 374921473
890 66 256213136
956 955 999922800
183 251 111967630
787 596 723156796
873 941 997889194
272 383 942284795
595 518 418097363
301 834 780236134
795 819 258442382
895 605 717752991
113 326 999148203
423 441 613203079
164 11 816632029
389 180 998854354
625 210 103696301
695 435 310805525
782 884 123532686
210 13 382969209
583 53 337005948
236 767 971146442
845 683 283538676
564 945 999874564
617 575 292868685
781 399 269433054
649 852 337860208
495 887 999934536
21 399 948204691
13 802 214815567
90 462 593423863
154 49 999491068
572 552 998836662
951 960 565196876
869 970 404411432
235 158 998993398
496 342 653307382
657 412 389144386
809 200 161888577
638 38 816233166
826 915 741756296
598 632 940997499
317 793 360633897
379 95 871095764
994 882 354697723
779 664 148378423
280 140 878336672
798 360 610361412
574 867 999821391
345 292 921276165
519 57 999521067
254 847 814963553
583 769 998065910
984 995 163048109
248 500 999042049
816 896 334090737
631 974 998092110
544 904 998988532
695 965 999268629
126 869 258442382
404 676 998266285
783 881 809447813
715 729 394121772
227 921 301443298
242 442 631985807
940 660 998563048
990 727 505897245
842 288 999280648
859 458 592896337
66 79 654278856
574 817 831864125
283 204 998462198
28 727 998944693
551 684 871829365
204 610 741910658
154 514 669584455
47 259 998138834
380 610 471470813
989 986 880835326
94 483 965884759
788 708 881605282
628 43 741910658
885 905 348725720
86 535 881605282
86 7 12157785
974 691 139071632
825 792 997856819
631 330 274704341
472 570 921276165
958 674 781316291
997 1000 712630976
421 868 453787794
518 547 804570508
762 308 942284795
47 498 647152238
850 507 999209244
906 437 999966779
774 873 504162937
976 868 328622923
472 747 35821111
757 991 999884810
595 787 302885044
249 618 999835681
446 815 82048196
679 42 999710222
839 888 469003689
937 895 996634380
681 599 328747281
79 85 598001884
278 779 80018588
469 677 106113415
881 878 998694644
565 586 399573704
43 878 610361412
978 959 997971931
858 792 119488905
863 384 845764756
744 673 818839699
982 983 998789550
995 790 741756296
780 299 812218153
872 683 492281363
836 925 583691902
156 893 998145797
897 849 998972437
71 850 877196541
667 104 823533014
187 238 227722225
120 286 824340576
817 271 512273986
832 973 999256044
713 480 998537972
808 982 205197840
334 988 811397335
292 340 999399210
212 187 630979
990 998 492281363
983 996 999650728
64 285 337005948
426 859 106113415
425 860 592896337
130 336 881605282
233 294 874026402
480 886 552186375
350 604 189567726
963 614 946630347
815 552 347910246
385 279 998619119
825 707 599551840
338 530 950487634
531 133 998684610
520 407 415746495
944 928 998059207
746 675 334090737
732 806 878336672
293 283 861134634
808 933 999260409
899 774 106697899
813 386 874837373
796 959 4922842
643 962 997881784
910 811 999410629
609 482 998308324
825 655 998494945
75 949 393096343
744 863 231422680
247 786 997902621
807 416 998948916
991 711 998972103
54 591 236595732
101 638 999879428
842 939 234491608
906 853 159612719
842 441 236595732
155 795 999259160
885 966 167878837
281 236 998004419
775 767 223882935
581 701 224031023
673 11 269303225
154 696 998470449
726 25 385611848
770 767 998727598
846 892 680417676
731 608 596114310
296 85 117705321
991 947 415746495
949 919 548570420
379 701 998822800
271 470 812821971
365 564 999108323
715 756 786210985
615 88 356633812
281 98 447139641
978 495 356973461
996 992 461083364
710 407 339542858
948 397 514057921
997 965 998623975
693 590 998279319
440 184 128335789
564 999 488383271
905 980 172316988
756 950 173916380
157 695 865444353
978 906 469711732
868 274 951018949
448 811 335144992
751 773 552186375
288 886 581798311
644 103 999081000
778 488 314727013
354 242 302507180
982 956 337005948
969 921 999014339
558 472 713156463
45 53 998464105
643 535 12157785
286 442 999483225
486 520 272622382
737 959 940997499
894 857 663733259
975 825 741756296
482 954 387886680
577 492 881533461
948 960 347542490
794 877 999919590
364 382 998302105
163 625 997930238
383 440 663733259
909 662 598001884
862 693 337005948
1000 981 301443298
219 632 947034056
941 925 780236134
959 922 58901218
251 759 998151044
522 440 137439431
426 175 954587262
12 706 942284795
812 790 218870918
702 811 997891278
495 194 747942095
456 547 999671108
643 921 411835768
986 157 997877386
296 639 999903699
731 449 77806407
581 297 221181259
962 988 238563875
270 167 107117875
395 517 410543243
810 86 305356129
645 716 29747040
552 884 598001884
932 931 791790965
507 111 581932298
822 905 999101159
394 614 305356129
1000 913 223882935
621 854 373640383
612 480 998144910
5 861 644359708
958 873 841993515
187 847 305356129
191 203 999450235
851 517 999873302
462 671 404708308
967 218 55522055
144 106 997884172
831 496 783719590
869 790 111085106
949 643 819665258
461 841 999487281
193 901 261048468
651 252 999127621
987 978 40765688
979 970 998152617
451 650 236595732
993 255 997867922
504 715 399953122
335 863 988929149
815 384 721500196
688 523 687789206
579 480 218870918
605 660 347542490
807 453 999798788
629 435 999218913
700 957 302885044
912 667 55522055
660 284 205197840
825 872 241288937
826 775 455133895
855 330 741910658
279 337 999378920
619 491 376288045
183 777 657276848
203 423 780236134
306 360 299868100
493 764 741756296
723 860 998544282
921 823 800633513
694 943 998646196
977 931 143517639
552 641 418097363
506 909 259351845
792 12 631985807
723 660 999085766
138 935 356566117
638 665 70018083
542 771 35821111
566 584 9696685
322 616 998960889
995 947 970822427
820 776 388265686
247 269 441450955
901 647 493631473
144 75 106495606
947 930 302507180
755 261 556830690
670 374 998945191
773 245 998115130
794 799 354697723
707 716 207487703
931 811 998351052
952 820 872428749
852 637 999525604
988 999 311342854
150 874 851282578
993 996 645612739
944 871 592896337
464 656 996634380
579 894 68080494
748 902 800633513
951 267 35821111
915 846 998470736
222 907 999192535
316 735 269433054
584 441 999541779
946 997 999088837
883 568 161888577
754 564 310805525
766 705 999970557
226 155 234491608
132 363 77806407
298 283 997981005
838 910 348725720
580 917 680417676
675 993 998199507
604 484 504202775
556 902 227722225
903 949 999774508
422 41 998837234
652 27 998323917
977 914 647152238
269 16 418097363
721 634 886397902
4 182 998048215
987 763 9696685
573 824 95100009
289 504 769486551
856 673 998318091
802 527 999833813
879 797 726779386
776 715 106495606
350 782 717752991
765 957 299416171
489 297 497458587
721 803 999150125
985 806 998975989
982 941 999189864
995 990 207487703
982 981 481998062
19 812 458296638
914 967 874026402
186 897 999100812
772 304 103696301
768 675 998116245
603 777 28815337
223 266 636818762
958 969 9696685
415 48 599551840
908 862 210499837
963 869 899546788
861 988 999504995
403 760 998160184
146 342 999625122
63 605 800633513
702 649 999692812
356 221 999289894
913 423 203847378
450 364 87638126
727 922 801792781
981 748 270009981
264 875 998971842
117 676 998079848
421 806 999028062
689 864 998466398
62 456 877196541
899 616 581537868
65 996 636818762
936 798 258442382
303 840 999571780
686 798 871829365
952 800 998990149
45 676 12157785
862 677 123532686
946 798 680417676
958 955 28815337
475 427 262222650
464 937 236595732
912 652 657507816
642 716 233643415
845 563 29747040
953 955 998552880
711 738 712630976
560 786 461806928
293 242 964180928
499 534 613203079
518 957 999139103
627 209 831455536
265 260 337005948
313 463 453787794
774 316 686328476
26 377 841993515
340 145 998777546
361 689 940997499
957 867 497458587
921 299 653307382
490 487 354697723
978 567 999122770
836 410 117705321
651 723 998253263
795 918 998738167
999 990 602749115
857 842 822453298
954 907 999521557
665 287 913713006
537 915 886397902
608 887 75515621
856 934 630979
697 882 505897245
740 965 998491283
622 219 631985807
516 89 213865002
993 956 997955428
353 350 791832146
157 236 998724089
923 899 653307382
711 152 714943039
423 209 197410429
749 174 913713006
869 121 710769673
916 719 704296977
10 990 759711180
448 126 167878837
212 444 894573908
557 921 168670683
273 887 299416171
986 92 998521403
845 262 999715791
305 339 385611848
848 546 216161029
567 697 388265686
703 847 991596748
823 857 461806928
511 319 301215962
987 632 302507180
225 746 493631473
605 872 329248628
496 976 339215514
725 662 109662818
598 36 998192496
98 731 997930204
879 778 874026402
887 782 416368336
792 911 818968912
784 966 818968912
383 801 119488905
479 827 999410785
574 424 948204691
991 170 998662780
775 209 215960277
931 926 899546788
860 875 999760156
965 959 65066103
539 964 283538676
95 513 997973970
21 813 242945605
899 932 177287701
789 296 848522762
649 956 998658748
739 858 172316988
402 3 60205366
445 852 823533014
900 669 993377610
540 514 302507180
497 344 998692335
470 59 630979
363 969 252874338
742 304 999683365
846 136 998406673
934 921 391421624
127 142 399953122
357 485 247266614
869 350 845764756
309 393 998510072
589 810 637606222
307 540 998448866
243 911 234491608
723 954 351570525
292 681 998617540
965 331 998603595
887 936 324605387
920 985 998603059
738 906 148378423
129 88 479601677
496 747 636713209
416 823 709791423
767 628 999176297
82 231 999235411
700 365 999946240
504 961 997959753
804 247 999232679
989 937 947034056
908 346 512273986
354 486 999408513
705 926 999763816
852 550 920521351
800 806 197410429
415 877 581932298
379 16 161888577
960 308 469711732
459 643 999898305
742 696 196371693
984 992 747942095
839 927 814963553
832 84 997999261
427 629 998927776
320 400 998696064
678 479 998285983
310 210 812218153
238 253 998037514
577 746 899546788
622 597 411835768
23 319 970822427
789 524 999110310
928 909 998377898
410 225 167878837
869 934 763475449
935 857 999666322
657 323 657276848
940 997 997940851
484 488 58901218
645 576 399953122
582 637 687789206
429 852 650428656
317 991 710263075
753 949 609305526
82 631 874105193
835 760 999118673
250 751 999345821
265 85 824287502
116 803 128636459
396 260 747942095
858 867 721500196
978 509 998551372
361 737 999420500
115 558 998125301
941 749 80018588
532 883 287039163
332 915 504202775
932 947 353514462
580 733 581537868
266 445 998508138
859 951 216161029
770 864 841993515
798 544 999746953
705 645 872914295
554 391 999962843
892 718 263654127
617 553 673096901
648 990 999421286
929 462 399573704
444 491 998027090
789 948 139957865
854 900 385611848
457 514 805875124
890 429 28649212
523 778 504162937
775 120 998710205
625 69 542308130
919 794 998981935
168 183 865445997
106 363 68080494
841 947 455133895
7 746 999105345
582 626 163048109
159 244 60205366
855 973 602749115
207 88 686477788
786 144 984600986
969 995 920521351
265 584 106495606
581 542 461806928
392 1000 167878837
714 408 348725720
460 20 673096901
520 467 999500901
987 708 521762521
545 324 164924631
481 564 313617025
253 95 28649212
812 972 68080494
114 171 998762321
942 946 999437569
918 593 106697899
564 683 998910470
392 656 128636459
814 819 214815567
793 667 771394835
450 728 596114310
160 567 999364629
982 977 663733259
798 785 373640383
830 929 998238325
921 689 878336672
574 870 325520806
611 800 800633513
707 286 870577994
878 886 999991642
309 803 805296102
569 990 630979
287 718 782419040
498 66 314727013
642 60 808808080
64 786 954573735
113 928 548514938
649 936 998865755
813 602 106697899
679 886 142425
790 498 717752991
931 366 123532686
506 612 598001884
282 893 161888577
