1000 999 0
528 254 60415028
425 965 416518097
950 723 696075283
289 325 163671813
650 465 523968263
438 947 210757718
140 701 208182535
894 344 714874830
955 593 298506677
702 571 75903910
525 182 900731499
347 554 46718075
747 281 714622972
561 341 318067966
507 830 298506677
680 494 403284626
845 340 368919294
603 519 414219977
558 23 494950082
574 854 163671813
934 968 734603939
911 45 63505738
176 853 677019268
721 227 778111145
122 210 75475634
209 152 492327926
579 92 366914608
12 857 304207419
517 779 516813112
954 463 170989791
97 55 780434929
936 875 339912679
368 639 718867121
995 354 826127245
817 593 463338594
775 975 724370224
13 367 515724774
242 8 744873150
366 643 830001039
146 573 284875072
614 724 16233727
983 693 777359635
288 539 27761495
223 585 922542454
527 554 830001039
401 918 393337118
299 930 770551552
313 173 807436869
163 437 906788609
28 7 281188529
293 728 619556990
610 157 997425342
596 791 407365271
652 124 433933643
971 216 32303327
627 556 910862033
177 348 60415028
924 229 591062856
625 516 601118042
777 275 298506677
730 743 94184790
271 110 75475634
93 545 482280053
937 228 688178873
353 729 997425342
390 470 906473101
211 685 611538301
20 799 645335849
686 378 860046161
805 916 389941945
186 286 183238024
251 333 898811685
442 494 669599025
904 941 61668323
807 949 215836556
513 547 415233221
65 576 354941816
703 44 145372532
578 801 392368148
810 327 405722287
898 298 20013419
935 466 850581051
462 316 222602739
601 880 826127245
772 634 709927805
717 468 354941816
326 979 890838261
328 471 745719802
866 108 961749632
394 131 807748847
572 716 35099518
913 857 136987973
226 235 687118507
255 807 4306535
362 444 310333154
155 454 544935868
904 308 499988974
299 343 809440865
711 176 407365271
134 928 255361535
343 450 15058481
519 625 130963154
748 82 664916091
120 226 13203224
485 704 738895
794 933 521365644
36 70 154940092
773 511 559587391
563 6 851555000
133 115 784695957
555 715 444095373
56 337 784695957
547 960 985220566
327 487 743632587
740 918 20013419
108 914 316284722
426 884 368919294
362 547 169242229
694 790 577230389
631 968 620966512
757 794 28547805
598 809 41255691
864 785 795838940
808 856 822373550
455 594 492183676
941 311 850581051
26 659 339912679
575 870 301953460
998 874 514805310
617 27 805235552
699 404 984292752
172 97 786026685
733 383 81586247
696 449 984292752
770 766 802593587
608 508 111717711
882 304 478475367
341 485 850581051
264 242 795838940
381 47 592784660
297 203 241799453
913 89 155647672
556 71 317860324
516 360 166967811
552 185 35099518
759 341 29833669
564 106 286722301
321 550 577365205
635 284 546965362
902 213 136987973
475 834 516813112
140 302 286722301
509 136 890838261
61 825 710156469
342 608 301953460
532 314 759343072
767 42 234713214
707 468 368561639
176 64 212773966
733 148 472343833
13 249 874710806
999 59 714874830
744 219 815974775
907 697 676290438
20 403 108369168
787 547 777359635
209 20 171208187
891 204 798038452
923 960 35937909
616 198 900812081
107 353 568304626
749 530 92947348
897 605 354941816
885 370 114145636
950 415 155647672
232 914 405967071
406 712 904649012
315 813 697978953
426 969 561027336
859 948 859014018
672 145 19618682
396 711 452705112
535 566 579118224
858 715 775273202
324 126 932704779
874 972 988895277
782 537 405967071
968 215 927896616
79 571 415181936
282 992 805667311
622 672 888157414
512 590 326779881
457 87 203654153
896 578 223317622
823 684 577230389
592 757 795838940
215 655 557051311
577 808 795838940
102 410 222602739
618 853 217775632
445 244 234173340
914 819 454294984
846 513 391452620
641 732 769160647
307 240 514805310
356 998 326779881
284 538 900743648
791 932 866867496
467 138 714874830
928 188 19306687
452 916 684861068
473 613 169242229
232 517 320604305
343 850 809440865
334 169 471953909
194 932 499988974
215 739 276869285
980 30 546146299
650 876 125038256
984 219 904649012
351 590 496321891
354 829 35937909
546 589 988169828
105 659 131347174
700 284 759343072
175 237 166578772
4 199 579118224
654 630 128182311
370 605 802593587
621 264 499988974
644 728 825361954
445 603 79649269
342 851 537408088
530 229 44007561
844 455 367653021
222 783 384345561
268 331 16656447
390 580 338324501
658 79 645740277
223 827 670346697
776 591 27761495
807 859 371136312
890 318 822373550
964 649 895329570
527 803 501224717
774 837 812160876
114 248 266389706
572 111 8586233
353 760 454294984
214 304 215836556
557 369 222602739
7 408 105675150
889 999 35099518
485 127 988895277
878 617 69449024
57 797 261766632
398 42 67590963
301 171 948354384
25 943 874710806
79 860 619444638
299 762 376732459
76 765 955499999
421 160 222249138
505 335 241799453
447 988 27428379
84 331 407365271
125 382 135993561
306 733 988895277
840 788 284875072
904 536 8586233
425 246 559587391
784 282 798038452
881 63 619556990
841 606 63910066
334 102 503158867
238 863 188075893
303 305 709393800
860 139 270780395
624 15 904649012
499 9 561205525
191 581 873465325
312 783 501012632
224 284 805235552
457 198 968844504
600 130 46446852
296 581 222249138
615 503 922450699
908 363 415181936
427 46 591062856
966 965 738895
990 659 955499999
2 788 108378273
301 416 523968263
461 676 351879067
714 240 154133490
620 444 32263904
376 230 429781978
226 838 655033177
624 41 967395058
839 723 80850486
719 229 4306535
758 445 371766186
969 317 154133490
201 534 826127245
411 471 994281567
892 678 170989791
390 349 709397831
991 53 322796669
375 443 354941816
111 602 415181936
922 586 573107852
253 218 415233221
225 152 795838940
684 355 131573244
802 120 772499565
539 795 74878499
768 980 155647672
723 165 922573158
482 173 997425342
260 545 720957270
332 626 619444638
438 42 212773966
496 810 195686812
673 617 319300555
109 888 392368148
727 811 385681255
800 868 143052258
373 447 89973778
377 773 780434929
756 72 820645167
915 205 4306535
716 710 154133490
309 603 619444638
953 284 300171697
254 568 131347174
316 582 718867121
674 397 242344208
859 275 546146299
19 310 392368148
927 890 987412772
139 735 720957270
202 254 851555000
189 112 368561639
712 191 276869285
656 926 74455482
145 583 136987973
763 304 241799453
884 456 753809090
670 696 58935125
672 786 185899930
145 847 577365205
920 746 985210509
999 100 46446852
82 521 71037357
336 615 368919294
652 88 163671813
886 841 292418116
720 482 125038256
712 479 720957270
69 819 612324591
393 533 620966512
405 197 200590094
62 612 107965253
970 548 490040576
949 648 470314066
244 633 235671156
571 229 902697147
435 471 592784660
40 377 452705112
632 718 984292752
793 135 367653021
880 55 802475367
37 770 4824019
641 480 645740277
343 33 121738507
814 667 265375330
359 499 820871491
700 921 611368582
898 322 521365644
940 203 316284722
252 248 234173340
279 500 140105356
486 639 804928248
20 411 846800220
404 665 41851025
752 288 131573244
943 199 938633967
498 600 664916091
398 879 904649012
99 861 60415028
847 392 8586233
448 251 391452620
101 873 322595515
217 495 802475367
370 585 34021049
153 791 304207419
699 83 772925791
60 605 984503203
358 972 590003567
645 891 977282152
159 662 32303327
390 913 906788609
963 977 802475367
664 650 463338594
509 970 786026685
267 260 58935125
39 965 108378273
192 91 923863733
474 380 633201029
616 852 784695957
897 310 667059035
131 890 80850486
265 971 778111145
485 582 544935868
122 648 41851025
263 830 812454644
846 221 108378273
895 470 577365205
507 43 277736545
44 301 714874830
535 721 215836556
236 426 632902349
637 502 664916091
219 477 842538835
366 98 170989791
266 731 503158867
849 843 670346697
223 102 923952158
559 313 317167570
624 457 696075283
816 530 590003567
537 332 873465325
16 801 74455482
992 154 829533624
211 347 443802543
292 993 772499565
828 834 829533624
443 689 135555213
290 724 927896616
163 921 235671156
909 526 850581051
914 789 588586447
942 926 28547805
237 14 368919294
615 425 80850486
783 208 463338594
919 142 288731977
281 134 538320852
220 791 397446885
652 171 846800220
931 651 519485893
35 217 985220566
430 724 592784660
733 259 434153387
564 528 371136312
150 768 681710198
522 465 184253353
308 651 747078232
680 587 688002188
724 995 229573943
93 705 29833669
452 371 895329570
114 842 303784670
837 267 46718075
886 184 787620710
243 975 577365205
735 94 389941945
424 847 208427221
164 207 200590094
742 928 379341942
996 38 6836903
771 938 549193790
714 959 496321891
970 807 570418761
249 365 709927805
792 329 601118042
825 412 984503203
233 903 16656447
741 563 645740277
836 977 923952158
455 869 687118507
397 774 775273202
950 627 943691766
697 730 777359635
784 417 898811685
113 334 629389147
109 189 724370224
163 949 60415028
385 389 436362895
755 518 183238024
524 8 46446852
973 272 99235830
397 453 208308703
58 67 181958139
603 183 775273202
506 918 724370224
52 370 664916091
110 586 633201029
442 991 515724774
977 826 131347174
80 244 325152813
286 595 166578772
901 821 737671139
585 161 277736545
21 814 559448978
633 329 128975823
538 549 600595595
65 843 338324501
442 577 967395058
706 280 726478310
166 875 421476576
54 185 241799453
72 932 889260175
479 970 739964412
952 736 499988974
731 832 368919294
548 764 376732459
117 325 714622972
272 157 46718075
862 323 494950082
685 693 46718075
661 511 860350786
996 992 130963154
866 295 181958139
629 294 368561639
554 63 521365644
631 510 730802228
725 433 720957270
848 908 938633967
188 393 822373550
234 224 583614374
515 393 850581051
942 540 820871491
460 204 494950082
963 565 61668323
1000 772 266389706
911 139 906473101
682 40 234713214
861 789 343973010
314 139 463338594
920 128 917664969
427 766 888157414
308 847 753809090
495 467 795838940
403 523 900812081
75 761 890838261
157 440 985220566
944 455 611368582
830 902 351215451
231 179 736831998
181 277 176592226
731 554 89973778
722 865 988895277
577 883 709393800
970 238 91545678
855 362 956435624
458 511 158453359
928 320 62481114
296 957 910862033
379 294 577862916
426 656 777556688
600 413 4824019
577 250 777556688
212 78 775273202
987 721 627937890
420 661 334339678
730 126 154940092
511 310 318067966
880 128 751720465
897 668 414219977
16 718 611538301
893 393 738895
637 590 276869285
492 833 217864137
443 343 265375330
434 686 559448978
332 90 114145636
517 7 247483035
45 980 166578772
137 528 710156469
350 929 499988974
337 253 633201029
997 982 140105356
557 456 673801923
562 968 745912262
715 293 19306687
256 851 971817765
67 238 859014018
502 945 907336595
450 875 94184790
286 125 710156469
142 776 538320852
414 639 673801923
189 647 688328929
755 469 75475634
277 81 108369168
414 382 568304626
696 187 466910743
835 387 957904874
246 285 857043260
899 527 234713214
584 128 41255691
331 378 266389706
376 20 745912262
751 259 561027336
893 753 176272049
669 850 371766186
200 269 669599025
783 738 108378273
59 843 80850486
42 29 396923260
713 736 257457810
695 608 917664969
737 910 490584892
203 227 499988974
951 652 19618682
77 579 991760849
205 994 183238024
657 126 82166164
381 31 46446852
822 431 28547805
219 715 504650320
574 294 820871491
160 903 15058481
50 12 714622972
519 653 583614374
998 189 984292752
446 79 566007698
679 794 514805310
227 629 717481211
337 609 128182311
270 42 11308832
228 440 684861068
463 891 71705382
441 723 51380687
964 951 929515870
614 814 384345561
496 1 619556990
242 330 486006518
868 998 136987973
340 561 641009859
875 798 726478310
774 872 645740277
184 454 820871491
932 245 619444638
887 180 41851025
57 762 583619964
49 263 210757718
849 78 784695957
703 23 923952158
925 891 738895
299 470 780434929
469 197 140105356
35 698 257457810
103 877 740275634
352 80 338324501
432 425 454294984
473 780 53317432
454 731 654130004
928 539 391452620
151 128 521365644
185 143 914426807
434 319 922542454
695 283 46446852
132 52 673801923
101 142 917664969
92 407 415233221
194 655 929515870
79 717 131347174
171 771 769777834
880 750 344531404
823 774 486006518
733 171 322595515
389 408 425327072
389 11 654130004
284 901 69449024
48 188 973764525
291 5 144763126
494 946 770551552
149 762 807436869
464 933 971817765
754 209 977282152
252 577 784695957
24 313 379341942
205 677 809440865
182 663 341788400
31 541 771847639
970 845 664916091
339 314 627937890
455 856 738895
547 766 234713214
16 459 626880917
978 113 270780395
121 642 670656770
677 338 866135436
171 478 891615356
764 56 89973778
441 455 891615356
246 708 136987973
377 628 75475634
970 211 404448620
531 293 577862916
47 287 379341942
874 860 960065130
905 545 171208187
289 124 303784670
764 257 223317622
215 955 744873150
437 976 476927808
748 864 215836556
877 953 454294984
192 230 184253353
905 466 371766186
982 838 688583101
49 78 709397831
687 91 661270223
22 211 738895
761 4 454294984
395 973 984503203
865 21 514805310
257 590 325152813
368 528 633201029
196 92 61668323
602 70 503158867
566 450 235671156
481 848 688328929
489 970 994281567
118 582 425327072
498 472 136987973
519 433 664916091
939 573 266947493
333 352 144763126
589 399 492327926
256 717 379341942
361 354 466910743
109 824 805620967
397 979 108378273
151 359 770562147
914 730 514805310
404 298 753809090
569 158 326779881
410 160 669240390
615 871 74878499
770 806 873465325
484 404 144763126
73 363 203267029
339 840 583614374
134 90 444095373
241 108 974076122
467 130 740964151
560 588 706350235
364 416 546146299
806 929 128975823
423 28 670346697
446 135 368561639
1000 562 62481114
673 289 80850486
490 416 825361954
676 614 379341942
636 839 736831998
645 941 79680842
455 429 588586447
233 95 125038256
501 539 946936715
383 275 694800440
452 956 286722301
699 997 266947493
882 988 826127245
655 237 439952785
282 615 417116374
472 488 805667311
884 82 812454644
170 258 292418116
140 345 753809090
187 536 99235830
774 167 815974775
483 654 686461393
162 986 369749777
543 1 805235552
131 315 804928248
754 660 490584892
946 312 486006518
249 262 183238024
67 912 611538301
868 967 172545479
555 562 286722301
532 303 171208187
26 604 371136312
651 544 371136312
172 592 155647672
289 826 874710806
11 727 188075893
70 916 288731977
981 430 895329570
111 399 908560044
607 737 318067966
505 276 288731977
993 324 670346697
588 736 684861068
726 561 481175335
689 302 181243222
553 639 537408088
796 631 844957563
94 900 28547805
414 276 802475367
586 646 577862916
359 675 158453359
867 809 809440865
147 278 265375330
233 734 355599318
6 780 270780395
724 611 510883660
706 88 948354384
763 520 74267421
211 68 592461610
313 492 28547805
246 809 677019268
119 728 780434929
917 892 466910743
645 676 592784660
905 3 454294984
511 832 632902349
243 666 223317622
301 285 710300045
397 141 805667311
966 247 181958139
617 525 752070901
81 971 694800440
431 696 851555000
62 713 726478310
837 894 434153387
386 825 304207419
66 385 11308832
144 142 1484632
725 818 34021049
158 808 815974775
256 782 496321891
786 589 795838940
385 812 129439856
573 57 184253353
388 213 448372932
363 820 932704779
671 414 300171697
692 238 781772179
200 753 320604305
838 497 60415028
406 804 210757718
156 77 32263904
158 197 315240548
300 63 917664969
623 597 415233221
782 249 319300555
354 769 481175335
480 179 827074279
299 418 829533624
662 61 709397831
10 905 977282152
69 718 466910743
688 823 217775632
74 142 939497291
436 297 185899930
923 85 777359635
550 515 15058481
111 31 300171697
207 587 326779881
273 578 953846133
402 200 499988974
906 333 957904874
542 44 288731977
129 907 688328929
95 681 714874830
619 560 339912679
991 428 910862033
79 413 984292752
261 469 718867121
989 196 503158867
616 346 265375330
190 587 855596556
534 980 687118507
407 34 71705382
81 238 416518097
794 599 384345561
391 784 772499565
24 961 669240390
789 594 786938186
85 167 125038256
432 690 851555000
795 414 255361535
51 325 827074279
974 89 284875072
384 765 478475367
800 24 225336228
180 618 922542454
264 723 612662112
722 18 667059035
529 537 234713214
370 400 612324591
596 736 866867496
918 346 988895277
962 902 790015199
340 180 35937909
217 902 718867121
291 720 900812081
924 92 494950082
8 745 153537204
587 848 91545678
668 135 58935125
231 407 235671156
162 127 235671156
177 831 241799453
258 253 389941945
648 105 775273202
564 846 664916091
19 430 405722287
206 428 183238024
547 279 135993561
138 177 570418761
915 193 784695957
970 551 826127245
125 178 173621074
672 239 131638037
552 439 927111280
951 168 566007698
919 786 222249138
870 399 277736545
104 160 416518097
449 654 504650320
596 920 888157414
228 584 577230389
465 24 661270223
821 686 407365271
420 640 158453359
434 504 112269230
642 192 804928248
570 429 45646932
115 901 777556688
195 612 844957563
447 180 215836556
116 841 416518097
267 835 600595595
374 782 369749777
372 525 736831998
409 108 397446885
790 496 927111280
709 688 664916091
719 357 738895
691 696 654130004
223 159 265375330
654 526 953846133
880 422 317860324
343 35 355599318
123 405 751720465
493 541 938633967
158 265 627937890
353 523 684861068
646 380 922542454
389 17 798038452
514 971 939887597
487 892 111717711
598 781 985188306
474 970 472343833
419 106 544935868
34 32 777556688
916 862 16233727
29 849 745719802
404 361 772925791
98 353 780434929
985 496 601118042
765 974 385681255
666 654 874710806
789 244 379341942
491 228 829533624
958 666 625202654
318 848 906473101
765 476 1484632
659 205 71705382
185 214 128975823
147 353 111353431
761 713 888157414
464 475 227585794
648 623 775273202
689 959 180314086
192 282 571712709
86 895 82166164
520 6 501012632
562 522 344531404
778 821 130963154
316 274 325516701
254 174 443802543
438 737 566007698
55 852 846800220
683 189 620966512
96 918 448372932
567 562 736831998
24 926 583619964
815 746 223317622
844 638 111353431
608 487 709927805
451 290 298506677
