1000 5000 0
125 439 649602704
808 101 19617230
424 143 563022829
950 418 12660002
994 242 715380719
502 128 852679239
554 205 31517642
754 550 536857724
24 956 802878854
31 772 896955513
152 452 510469261
844 394 538143605
880 708 828210677
459 240 617524575
77 433 609560316
707 745 457312118
649 562 835062649
717 246 510469261
464 234 324422453
259 492 309550133
172 296 879077551
456 186 92017836
353 57 999971423
477 723 772122105
343 178 939845882
12 281 373763856
450 263 672544248
186 213 825352271
308 628 716778009
952 83 309550133
763 611 883451616
528 799 568041667
683 796 892433055
811 7 175819873
486 318 942427846
83 931 172425659
23 152 883451616
135 336 369750847
849 678 987950247
165 560 211976237
737 262 680950857
246 203 686447448
641 971 49976725
245 381 391543293
478 562 248562883
487 698 961315258
861 182 241927656
865 942 115033917
310 976 934159769
770 680 832618600
89 920 123190333
165 591 209720188
567 927 399387852
177 782 621174327
324 862 124666166
608 506 29599499
729 451 324422453
351 822 232870359
341 344 246326992
724 616 6748067
249 196 951679515
868 306 423956186
125 146 399387852
651 49 158353617
630 950 124666166
948 354 187494084
577 362 892433055
518 798 7861749
968 563 209720188
638 423 593725301
83 835 139381302
317 680 939845882
189 255 865505305
501 127 66554137
674 804 803170162
753 790 892433055
216 496 232870359
915 286 995914079
866 934 515929067
524 773 307158602
259 11 880806019
715 109 902867628
578 161 896955513
51 601 987950247
944 258 705572005
110 265 241927656
317 15 267900160
455 519 825352271
34 241 316861739
174 358 257521045
125 699 922674548
886 431 441931174
140 674 833728158
280 572 920019854
396 649 700186955
125 898 66554137
309 218 442365479
381 555 441509907
719 927 968506132
855 372 449187602
478 59 7328070
339 997 409305628
946 267 388278905
262 958 633484070
811 977 504893255
787 334 993608948
620 726 594275143
890 346 366904658
749 781 775855463
102 969 22564980
890 943 941719899
670 36 503755350
495 683 737258973
696 957 29599499
922 22 272747444
612 395 55163269
807 317 273985488
599 122 641877110
262 686 954446015
936 825 142330301
451 149 119121732
161 87 618382128
174 183 437357537
491 347 686607162
250 579 54349731
717 985 534150404
587 71 840827887
985 740 840542232
755 261 145783573
78 659 946210264
598 571 961315258
777 408 495473576
115 136 629118793
540 229 38373654
266 969 569839203
463 664 961502976
517 38 437357537
800 970 369750847
918 546 318672134
878 453 897940165
426 1000 743266343
362 901 973260921
122 953 535178924
960 986 762415974
345 409 944197367
40 1000 417974988
858 439 611066430
535 586 495109843
741 873 500952871
744 562 772122105
300 317 100612155
162 43 872873433
632 53 391543293
114 634 178776221
683 848 696664007
572 644 272706858
998 760 971045743
17 399 417974988
867 93 537062085
592 158 307158602
586 561 814984175
974 705 416174258
147 90 272706858
233 165 69435565
450 892 686447448
9 154 896955513
927 231 377608094
743 199 655149522
802 995 43741159
171 23 423055265
454 392 672544248
413 405 950864106
195 646 417974988
117 423 592126084
179 702 534218102
294 675 186009432
238 987 489878072
148 899 973260921
647 81 272706858
138 122 417974988
452 316 186346630
290 755 309550133
709 494 174440992
2 883 117932689
725 320 52372962
488 823 842142200
930 206 229966700
843 541 43741159
58 280 565981784
176 757 604692970
462 550 452411279
676 219 951679515
220 155 347786053
141 275 416174258
308 346 61016200
225 939 613075459
363 929 948511068
288 126 705572005
47 844 641591169
360 150 349864775
411 607 417974988
829 70 917927452
645 825 338546602
400 818 369750847
722 780 433677655
430 425 429755370
373 13 307158602
809 654 968506132
383 725 594275143
111 607 522121682
854 811 716778009
60 547 140793309
962 66 442277414
948 319 534150404
507 569 685380064
74 144 179624518
267 428 686607162
959 310 550052798
240 715 484970692
231 235 147786574
756 357 27314141
827 126 268514392
18 395 66521958
688 995 12660002
744 584 442151853
157 267 837550245
570 662 177240232
42 317 859928384
402 209 882342222
550 841 618382128
368 194 892844868
758 42 366314167
710 650 504893255
294 772 672544248
90 523 309550133
86 194 971045743
842 506 347786053
124 46 621174327
529 154 437357537
907 645 119121732
402 896 737258973
582 410 724220869
484 856 442277414
527 132 466167968
933 170 427895346
144 838 775362014
982 619 375556135
643 510 424513761
274 90 814984175
932 353 520869064
470 403 399387852
131 302 467853156
474 575 441261236
783 847 995680318
638 767 489878072
641 996 939845882
314 815 914294615
757 285 593725301
914 505 842142200
165 63 96397130
672 740 147786574
342 386 264272286
278 624 773287916
397 600 442365479
935 152 391543293
79 331 618382128
799 307 177240232
534 274 568041667
836 83 824500802
42 852 686447448
283 256 478372162
466 171 420127157
569 26 676110021
784 431 922674548
590 555 892844868
343 438 232827508
30 174 61016200
229 489 118139482
821 570 318672134
859 320 676110021
770 321 139542766
405 896 899852993
228 101 131712379
699 517 633484070
206 175 61016200
8 323 681954023
449 982 946210264
967 732 934159769
24 947 373702222
817 821 902867628
805 633 64932596
158 497 604487254
840 367 163954577
914 66 433677655
160 282 629118793
6 762 902867628
581 88 409305628
874 11 158353617
684 566 500952871
621 770 298515173
909 309 825352271
262 153 742437945
273 979 427895346
118 355 800209320
704 32 388278905
246 831 892844868
952 361 629903141
79 536 462626603
429 49 309550133
805 696 329810110
29 416 575361899
97 852 207124577
299 647 307158602
476 593 593725301
857 621 478372162
912 943 64763041
688 739 814984175
874 160 686447448
766 253 536035898
930 269 454243401
972 586 698773682
270 549 641591169
892 304 374622046
242 348 995680318
945 323 380128109
191 745 373763856
191 725 832618600
636 503 686607162
959 268 596385640
650 530 417974988
74 673 621174327
563 131 770775298
204 637 768046606
75 284 117754428
394 448 951679515
157 257 246846946
255 944 429755370
922 57 690527837
932 441 681954023
888 362 607100341
727 163 27314141
832 835 388278905
142 78 346986796
565 750 64763041
523 351 281014357
585 959 229966700
211 611 523231549
401 53 537062085
390 789 172425659
730 846 107246285
73 373 612444055
110 420 823325378
334 251 791250397
921 603 502596871
839 403 520775379
595 51 330777359
926 501 917927452
68 853 6748067
12 668 6704562
191 734 550052798
21 344 248562883
422 20 38607636
569 865 880806019
757 625 373763856
71 985 298819258
65 993 773287916
728 83 825352271
91 784 441261236
817 823 269050956
273 645 537062085
566 291 910837781
971 749 538143605
752 959 404033188
468 110 904696889
65 483 318672134
505 677 428047890
822 961 611066430
110 49 837550245
480 440 417974988
966 394 911381846
28 173 211976237
852 712 26030643
854 550 772122105
99 327 120875912
155 870 416174258
418 837 267900160
786 731 159846017
482 974 663828346
176 872 230639207
452 724 683340878
954 159 115584972
119 527 118139482
4 360 175747968
706 92 374622046
492 276 976228079
45 928 821536205
561 499 139542766
253 337 384811932
550 713 307158602
867 871 872873433
171 365 267900160
163 417 49976725
113 427 629903141
166 45 346986796
63 655 415454149
883 617 377608094
188 749 423956186
479 449 593725301
182 997 721601941
256 252 258476442
76 226 551913994
172 483 246846946
293 197 6748067
107 43 524390434
899 810 119121732
224 69 484970692
114 499 272747444
481 568 902867628
867 446 258476442
327 504 642951071
440 741 968188572
419 311 607935480
288 529 122691519
650 840 680950857
191 976 879077551
390 635 427895346
299 851 510469261
570 973 137717966
373 566 375556135
945 311 554430885
683 860 177240232
791 693 734300004
795 885 596385640
301 219 264272286
910 272 380128109
952 103 720620827
183 875 145032782
799 7 309550133
669 826 835062649
458 419 43741159
574 708 100468948
572 81 522121682
66 607 669337852
955 649 388278905
753 666 116015863
956 132 275306113
852 978 840827887
632 669 179624518
818 604 288832570
921 846 773287916
185 403 511197816
206 156 733444519
991 517 535178924
879 502 569839203
94 580 951679515
353 382 208276791
10 297 431896911
335 95 712402103
529 563 467853156
95 356 380128109
909 149 331736268
464 614 289629669
270 242 159846017
905 911 734300004
383 518 363377311
700 870 186009432
444 679 33137841
748 205 307158602
151 6 375556135
465 720 275114418
789 298 27314141
246 294 912058685
698 638 946210264
990 566 948511068
805 589 950864106
933 191 138089820
920 115 433677655
131 964 138089820
230 350 422014002
902 281 373763856
412 463 51688766
813 77 307158602
309 313 172425659
963 74 917927452
855 776 800209320
893 570 6748067
448 792 110054272
29 534 847803958
814 615 280256826
477 691 420127157
682 896 508901819
36 387 124215187
815 684 123190333
721 993 762415974
437 401 940405190
277 335 129244371
714 110 569839203
971 889 264272286
926 788 158353617
10 593 437357537
381 983 654150896
965 464 4100169
995 648 793775692
882 309 948511068
545 165 856164759
994 667 179624518
154 465 489878072
864 806 324422453
163 828 288832570
349 37 791551243
304 774 770775298
416 40 721629547
915 391 117679896
104 239 951679515
123 69 22564980
64 330 852679239
459 300 471430634
480 511 452411279
578 878 380128109
15 481 680950857
890 377 511105498
738 902 914610883
674 606 466167968
275 961 24276720
535 162 62210299
960 349 672544248
626 804 172425659
794 778 860867957
206 458 621597507
217 822 268514392
438 34 685380064
434 609 825993725
186 701 142739521
212 10 502517459
196 987 897940165
348 474 604487254
605 982 968506132
572 521 650339716
181 679 858931103
772 366 797650990
573 704 611066430
703 826 816094639
83 260 284450222
849 359 248562883
201 374 852679239
134 351 307158602
351 508 324422453
208 854 324422453
742 457 208276791
505 92 423055265
812 623 369897403
768 205 679841058
336 679 75949569
135 380 331736268
24 180 384811932
121 452 550052798
863 11 524012011
482 653 698773682
828 473 550052798
185 118 604692970
906 710 176339060
975 349 163954577
469 106 672544248
440 649 276361061
915 32 154341123
345 668 629118793
449 186 743266343
316 975 985193638
899 739 229966700
78 189 910837781
188 271 176520120
768 84 800209320
525 909 536857724
715 866 942646530
100 133 151084238
388 764 594275143
197 694 911381846
62 152 7861749
833 205 102969878
658 831 554430885
322 771 835062649
36 506 882833898
134 42 849433359
142 429 374622046
649 17 107730984
856 432 358355040
819 85 15201169
234 401 502596871
385 98 478372162
442 389 810191562
130 906 743266343
692 49 484970692
718 345 380128109
623 532 209720188
672 716 241927656
876 388 471430634
450 815 852679239
854 139 289629669
947 869 510469261
911 285 575361899
893 627 524390434
453 674 541564387
192 96 51688766
651 639 471156352
982 229 832618600
646 292 764706869
61 762 160340912
216 890 131712379
556 919 147786574
808 510 532360166
988 147 104490118
531 105 151084238
176 637 702770719
492 278 958857122
891 965 973020266
248 246 328407191
901 344 298819258
591 811 504893255
801 381 404033188
205 580 852679239
194 657 914294615
483 568 720620827
273 722 309595004
725 334 513071204
53 20 217788096
828 472 911634135
645 934 914610883
537 789 745019089
14 671 88217543
840 385 211976237
252 881 511105498
589 19 953577610
155 955 821661895
66 476 912058685
315 858 934159769
750 601 858931103
757 656 160340912
41 143 999038182
392 887 289629669
489 413 324422453
492 476 373763856
219 403 54349731
724 890 685380064
615 29 257944480
34 207 840827887
994 751 119121732
305 945 705572005
317 418 66554137
498 996 600421507
535 548 911381846
340 168 733444519
661 109 650339716
143 445 797650990
941 364 593725301
82 725 594275143
644 747 727782381
623 956 686447448
785 944 973020266
137 884 169873477
261 104 51688766
37 440 457312118
925 820 174674730
533 19 950068204
352 234 775362014
131 435 663828346
149 877 88217543
820 264 164811091
342 784 124666166
980 797 840827887
404 75 825352271
76 978 720620827
581 155 880806019
25 67 985193638
645 84 791551243
68 759 536035898
163 973 187494084
826 446 821536205
757 18 38373654
108 360 308828379
736 395 814984175
351 64 797650990
237 508 346986796
436 531 534150404
362 670 914294615
882 397 930958558
147 35 821661895
459 690 175819873
210 597 816094639
471 84 892844868
940 548 146270370
620 784 391543293
472 925 617524575
596 461 840542232
597 496 872873433
509 669 284450222
537 396 49976725
723 760 888037407
594 161 550851445
547 114 176520120
516 701 154934205
400 616 523231549
462 222 701205543
421 466 346986796
618 481 819932547
755 714 939845882
926 384 116015863
545 951 922674548
610 1000 115584972
164 715 6748067
7 447 515929067
759 200 705572005
929 78 457312118
493 867 814984175
675 709 15201169
476 69 633484070
293 522 802878854
735 894 600421507
553 803 679841058
276 577 307158602
143 574 534150404
375 555 858931103
520 514 518526721
513 138 174440992
357 214 349864775
970 500 369750847
989 57 330777359
438 477 698773682
643 378 554430885
146 781 441261236
456 892 825352271
550 328 441931174
916 636 534218102
714 698 961502976
407 808 968188572
538 171 451297507
82 455 860867957
858 796 433677655
236 667 847803958
539 780 825483272
934 113 452411279
734 112 948511068
60 937 523231549
995 695 139542766
613 163 951679515
453 573 586685887
415 284 823325378
652 212 289629669
893 809 768046606
193 404 896955513
577 221 257521045
406 455 999038182
215 904 338903399
544 106 794609007
420 425 338546602
325 45 961315258
921 44 650339716
192 708 111619959
687 366 16904820
306 854 440070841
630 499 607935480
770 614 452411279
45 857 569839203
506 303 879014347
908 892 146270370
103 733 152279631
1 764 124666166
490 6 892844868
680 685 186009432
326 893 229966700
964 927 941719899
3 40 618382128
50 958 641591169
970 40 111619959
506 824 177240232
768 243 958857122
642 467 551913994
721 353 489878072
918 93 124666166
114 44 641591169
413 227 15201169
709 370 847803958
643 743 794609007
998 855 941719899
448 999 580817141
911 51 415454149
398 865 833728158
47 681 985193638
96 520 330777359
691 272 241927656
913 125 457312118
769 263 954446015
110 564 935506150
679 186 825483272
354 318 737258973
966 830 686607162
681 696 650339716
711 939 232870359
184 758 690925546
499 926 61016200
777 345 930958558
62 638 123190333
79 888 603083301
231 706 810191562
15 502 870101507
518 18 600421507
590 466 609560316
357 939 917262644
587 193 123603742
49 454 160340912
751 438 38373654
485 667 856164759
908 461 417974988
106 574 944197367
636 920 164811091
322 250 689486831
70 433 508901819
166 232 264272286
39 187 700186955
49 598 985193638
232 904 825483272
369 671 912939101
139 229 275114418
995 622 489878072
895 452 904526777
870 923 418089310
620 515 459516665
345 588 712402103
449 194 536035898
942 854 961502976
255 145 288832570
27 663 7861749
911 87 641591169
187 34 151084238
568 779 629903141
371 40 688267916
358 969 260037480
850 912 794609007
134 660 498399710
680 512 600421507
459 438 821536205
379 647 188694718
526 764 724220869
901 61 391543293
227 693 825483272
197 13 391543293
376 920 440070841
558 48 236611232
244 310 62210299
338 919 872873433
401 364 879077551
568 765 600421507
558 194 66554137
956 5 209720188
419 148 896955513
179 586 232870359
120 990 489878072
674 91 910837781
729 223 260037480
496 367 288832570
822 794 451297507
938 256 268514392
521 838 452411279
735 893 329810110
164 671 64763041
410 84 845598212
911 531 727782381
219 786 904696889
789 862 431896911
598 806 705921364
34 143 404033188
190 531 721629547
116 911 489878072
55 787 66521958
919 58 164811091
559 628 154934205
428 884 518526721
25 813 536857724
329 527 400317851
527 295 16904820
732 496 688267916
329 759 484970692
27 333 66554137
33 674 935506150
442 114 593725301
399 2 825352271
651 475 338010701
761 144 186346630
174 289 604692970
946 816 762415974
917 258 258476442
436 409 115584972
19 816 66521958
198 195 441931174
984 330 175747968
124 776 217788096
543 590 54349731
551 286 246846946
664 329 554430885
725 763 613075459
849 757 272706858
840 793 939845882
819 264 257944480
80 951 33137841
153 697 27314141
557 165 33137841
250 300 61016200
752 432 55163269
578 169 275306113
981 763 300378593
133 400 642951071
69 27 428450483
949 850 705921364
782 834 236611232
542 531 120875912
773 3 111619959
371 78 587757349
79 38 621597507
163 312 298819258
122 81 260037480
249 194 343019790
173 346 318672134
821 311 117754428
990 256 603083301
414 397 904526777
72 953 140793309
845 213 518526721
397 108 541564387
834 296 107246285
460 987 179184912
795 371 282033294
164 525 276361061
763 247 29599499
939 900 845598212
5 583 976228079
1000 797 733444519
440 746 102969878
903 404 284450222
317 287 147786574
868 958 273985488
746 924 380128109
443 959 642951071
205 428 38373654
897 770 973020266
579 813 51720723
78 576 104490118
23 24 934159769
552 680 441261236
612 378 217788096
470 787 415454149
801 954 879014347
681 230 676110021
753 240 908631061
174 945 761449254
66 504 424513761
83 772 484970692
459 457 708939197
503 159 441261236
838 990 892433055
640 860 6748067
649 689 939895595
553 15 950068204
714 52 154934205
631 735 441261236
17 129 145032782
205 646 816094639
527 711 118139482
946 16 976228079
356 260 987950247
168 97 282033294
167 222 388278905
728 6 906268439
765 393 973260921
541 365 954446015
602 216 690527837
201 607 388278905
929 486 519627752
153 78 208276791
105 17 495109843
202 902 24276720
974 452 604846674
54 683 38373654
826 69 207124577
254 449 308551997
665 163 374622046
131 491 248562883
119 56 568041667
434 242 489878072
190 279 280256826
853 775 705921364
766 969 208276791
666 629 104388992
144 1 298515173
642 572 462626603
765 158 248562883
592 992 641591169
847 938 712402103
116 662 733444519
381 861 902867628
6 332 676110021
207 324 227437
454 257 3795862
724 897 405950979
747 706 609986286
540 353 648046161
978 713 807156284
871 907 3125360
590 845 2136519
614 927 1785192
645 782 561690159
993 994 710182823
827 852 466056638
58 41 690545451
769 876 917299923
949 513 974429743
979 987 828316161
970 969 898544543
50 159 585616757
209 424 593729762
883 190 2588802
987 991 46787503
759 901 932877112
189 730 3930442
326 398 548360201
118 203 251667406
412 102 577004991
896 654 182567444
958 987 273078
421 60 854044
996 815 126566598
147 767 132445171
270 565 866872
183 521 697984872
873 902 943617082
739 183 150620549
747 59 827881117
879 799 61008213
903 883 683797611
648 970 3436140
201 198 2408768
551 432 196633720
719 72 95762
694 899 75062674
874 939 126037171
477 401 618431973
731 703 499571715
805 758 1522663
237 267 538306738
400 434 753759619
111 578 384728333
362 240 600510827
720 711 522298141
554 636 938405287
658 483 831532907
741 768 1829523
105 552 817773299
605 774 551579624
980 882 836744476
722 385 352297944
968 999 458888331
971 924 947326160
464 849 479218831
411 241 245167465
695 652 639083456
828 337 117125337
784 184 3446181
731 576 195142670
552 922 664282874
291 562 245928927
52 935 687148912
973 20 1063648
957 697 680419048
197 215 398028
27 788 676521791
792 553 648188826
597 644 210624276
724 727 165411706
521 118 3615892
669 910 409454922
269 195 4069335
345 871 2394691
719 249 2465217
888 923 210765928
925 937 647360694
49 388 694206773
297 72 2674932
365 758 540858
688 983 426723283
420 34 405342921
879 199 600160602
735 720 804543545
20 467 4061522
263 175 164111298
590 700 975230650
982 894 1713121
412 689 506646768
695 975 548791235
637 167 860146399
355 257 790753491
853 955 746723010
750 583 219317896
995 971 306007441
883 89 3655928
23 127 3913283
358 364 549701861
626 821 344107806
140 983 234343048
908 439 293364464
961 835 774941660
326 17 4039510
390 478 819553179
523 667 410794256
965 961 365482367
42 829 3159007
76 338 202373277
391 751 307438177
726 76 413716362
581 927 980681120
139 478 3409091
994 945 7500779
944 942 718690998
594 697 565356126
675 573 3843260
44 840 607990817
437 499 782975740
403 832 3784434
985 993 771903095
614 695 514059932
364 383 2078167
767 878 553623649
507 551 546491165
407 676 432487769
453 579 3517139
998 542 442004841
157 114 710551352
591 533 1610937
349 491 211930576
354 838 3242169
895 560 327700396
434 372 305403030
975 310 611924221
254 134 162245361
526 158 878852205
18 222 551393
861 969 909287517
918 857 483821406
734 510 941325341
990 989 303797086
112 356 965088
55 518 373883670
469 407 287561
706 919 58176259
530 249 33748466
643 511 15393949
626 43 513859068
340 887 948322747
39 367 988820251
413 39 851793284
585 806 335492513
427 881 2749320
445 705 160554498
691 628 492154706
686 348 3312746
373 419 491545890
852 716 2460443
74 839 3925145
321 492 319650861
601 130 431945909
479 362 551556526
212 112 2631908
957 613 69541
939 734 601832963
976 803 2363326
471 964 768449490
998 995 906683250
580 203 76220205
486 582 2138539
700 998 163602344
133 699 675696201
491 504 865031780
28 749 953171165
625 825 597313509
884 379 853486130
368 526 964073560
910 458 524160308
93 598 2661928
392 420 955471800
369 554 833373
783 968 951775691
580 364 280988067
407 506 3346986
249 345 26074610
813 618 155920742
757 709 244356426
876 354 221284534
111 246 3008839
403 741 851997
896 885 353001052
155 998 4057778
112 779 330347733
869 541 327689178
317 988 373418345
871 793 935730842
94 538 432754544
204 800 1040573
343 340 301099391
590 430 247798055
900 75 2087904
611 754 252598206
412 136 961260966
889 668 621948284
156 695 1822993
120 245 230244559
197 870 429790218
539 722 474987902
444 711 2146178
365 197 257133736
799 168 955800588
211 46 1057281
770 396 3161914
288 348 580149001
949 995 834776724
664 938 238970140
707 729 821380933
825 220 3668957
826 534 3067402
569 802 154266135
205 157 682811615
657 455 871670014
350 909 360556551
738 178 2570570
837 646 835750687
747 909 3598260
587 960 774679
586 450 835917223
419 595 2170202
378 534 325844997
568 110 230810743
743 499 306484467
538 462 2129033
396 904 2030144
903 869 860375042
123 853 2799846
599 397 907257416
682 849 969944433
997 290 443255806
310 626 702133974
112 170 413457763
676 579 748358181
545 589 2634241
474 742 3664775
996 936 769414609
867 340 963085202
610 934 54368948
996 539 927020899
297 36 3176326
490 359 2936361
333 403 705377062
954 929 74608172
851 829 836037538
749 649 679747960
475 635 573811154
716 171 200557353
532 721 1775712
367 760 194572959
429 852 437097644
281 951 216846341
259 220 400268198
543 443 921848996
53 694 1682157
541 813 890077722
706 755 403619757
247 633 285989246
886 704 368609453
960 528 3483568
566 66 351107
936 811 284341430
415 255 878555121
451 137 2030000
735 773 566758621
222 770 2717357
748 849 613708873
164 662 2263876
493 388 2169271
21 150 44912349
810 917 103585013
514 584 122042434
459 666 389822482
871 373 742903519
702 597 609224259
896 794 854067024
753 894 2445750
613 590 532973969
480 298 3891045
236 601 224836
851 992 276048718
925 928 779455826
258 72 53057939
273 818 1629489
945 968 958649011
859 692 74488502
885 454 642211328
777 562 946975052
198 69 2176850
364 222 40300309
644 442 3779692
429 503 471336445
419 204 106226331
481 215 434356276
751 436 764519529
808 941 245393220
71 433 569349642
873 275 93152371
686 753 1316381
271 714 680740865
429 980 174068576
512 147 3119392
746 125 405810299
461 649 611778924
825 74 757901632
944 828 811465946
844 940 331012520
817 130 242421
908 912 460970066
484 533 2617983
900 943 223954722
266 436 872591380
211 182 675401504
353 277 3055809
757 854 813523829
617 505 173714849
691 728 26935560
687 719 116687183
157 346 281064844
667 51 1446428
930 970 797348173
45 769 4053918
873 818 3068187
989 984 51319444
80 890 1069555
189 164 602000831
430 194 3520262
921 836 171382080
885 899 168882
154 870 974400398
983 721 968334646
124 936 524627594
49 578 709766138
12 459 369711488
501 691 193646572
930 503 1129023
935 958 872343394
519 692 9895907
380 387 881870101
875 774 387441179
995 683 642916561
605 442 817886960
285 805 969430299
895 951 96548247
777 740 935984877
805 796 500759105
837 561 369755026
94 37 3872643
990 490 2155368
170 900 489069502
963 976 769223180
824 605 268102007
865 873 618587649
172 128 602370780
12 357 289591480
841 697 999384
224 560 3254216
909 599 361162669
415 813 3738342
810 474 1128601
804 823 493876535
615 383 372606968
788 765 184616968
531 92 249440
897 614 37325154
951 805 497330002
972 933 184371941
182 985 536244596
657 801 278890
746 543 270174744
876 634 180316226
408 962 480866289
851 439 351873
540 348 570531
563 208 897340
483 412 374647080
573 826 448010239
431 667 917009
656 174 2324904
950 605 55826723
914 570 451567752
313 645 761662891
877 376 836586336
581 597 509217403
79 76 201346472
963 225 209911849
605 985 203836622
621 390 853772672
441 326 993076408
717 618 12036370
536 634 835087401
117 849 3974603
468 329 109361703
303 767 407689
940 610 798085841
43 62 70231614
167 812 978744078
672 404 248795
457 753 3158158
520 925 178237486
546 587 779390924
654 831 279822425
857 923 285194411
916 952 771048693
643 488 448462547
903 553 672313893
803 812 772270608
68 376 878584446
471 889 679823
306 154 593108043
987 445 2683719
995 425 265676379
496 927 417871020
450 408 638895460
338 962 680187158
735 594 428125259
378 652 871008029
791 994 265059677
72 91 556409541
839 662 288004681
928 375 718423486
637 821 528925859
941 922 481747704
896 840 360724913
534 540 414968253
917 988 901952645
486 876 748327176
215 27 562109478
737 56 848187954
211 748 128522079
424 671 347489183
976 991 223709661
390 680 459932308
411 40 457263508
256 670 543546583
816 823 566135685
526 559 342080503
236 784 795163595
961 905 655884524
796 389 999409
964 960 274678203
610 285 688384941
350 237 67326700
576 52 993874180
465 7 1422698
40 870 799827728
454 996 644803167
568 112 314948537
741 511 409176666
693 930 668552148
980 968 852813945
401 649 3907529
663 865 681804983
897 750 2322986
688 935 736320349
93 591 733211575
439 551 634354200
176 553 637104764
898 867 350751607
253 227 985987586
446 813 1205023
746 238 2261004
678 732 413694408
429 452 1710516
824 466 2695151
668 88 1577974
635 896 451523838
266 28 169495
906 990 302114248
133 283 742157952
530 486 306733073
903 642 1436589
843 492 615295
311 88 776189952
273 242 959442971
259 427 2833974
339 283 241110193
203 428 715228352
247 308 981044951
334 615 186305048
804 388 242020348
643 383 169191814
349 327 1541669
122 133 853559793
763 395 1135451
952 933 609255665
608 482 370180979
952 583 569583438
563 219 696636525
994 774 265425168
582 584 602505950
55 672 350629518
316 784 272234217
226 910 214939177
133 109 869235530
922 245 3249204
204 618 684880960
803 50 222762149
567 812 780794041
855 975 43173950
855 664 465066590
454 53 748641341
857 924 606427821
563 117 514955614
357 436 649338962
729 285 1103899
75 74 810368721
636 325 338111170
588 103 894786826
745 882 340179933
245 432 240340824
840 884 859020740
138 681 25128427
828 780 632427465
959 939 561945879
887 353 973191195
730 729 197916863
754 970 1520858
998 983 514572249
983 810 305150796
910 216 352099680
86 752 1594041
336 84 578781497
436 583 3944417
77 709 55393573
403 603 212487014
843 197 986476633
398 263 3138752
648 905 651600902
1 59 319888422
991 429 3803531
715 415 2027352
307 781 310004241
832 825 982800611
181 756 1506309
692 815 958094405
601 305 205140242
248 780 153918115
611 813 224312451
814 914 933666946
899 760 427958177
743 498 3508975
343 99 34206641
974 779 567069416
175 831 247390770
636 519 200411253
580 231 1539379
958 798 476294406
811 342 805105224
121 41 452183514
517 290 626159469
888 603 331820581
54 818 1876397
667 917 549931679
967 387 417062086
827 95 1886653
466 546 334183417
941 944 353141427
585 185 1776525
742 885 850694
411 903 256559553
532 581 790200806
403 447 578020271
274 360 836199878
172 689 696128015
989 216 578621005
123 756 698756511
476 987 980258230
639 140 1089148
965 951 758404889
969 968 132776331
896 863 575371496
669 488 366178726
465 905 3328535
361 96 766200539
567 333 590769373
517 675 779121915
996 960 99676232
876 804 764126484
341 492 413323037
252 195 1718410
759 179 1281156
263 519 1648716
55 855 192443065
356 830 460321620
954 914 398026636
152 961 909237290
923 220 936994806
345 414 280889942
692 867 1410133
899 499 383283044
812 774 400017565
575 915 720434031
956 971 2791506
296 715 656088371
947 856 894607064
337 632 289580240
951 948 897759501
644 925 843270237
817 862 792203633
503 238 540073230
998 926 599585300
640 102 870149652
691 657 755407540
433 337 939722024
429 255 1359123
932 286 3505564
354 927 2168451
823 962 872696153
330 845 590566634
804 88 404635300
506 778 483215135
538 718 810642662
362 549 836031617
317 659 3230034
246 342 72878576
784 854 569878290
754 489 544446440
629 845 1878607
598 448 100591941
952 989 431576679
238 651 2113813
932 1000 628339299
775 717 837995776
990 994 609126252
925 965 2131217
816 727 596642694
796 73 87603490
125 733 1107806
802 899 931254993
570 442 2450740
232 858 389104520
58 880 324177578
182 195 379922
763 715 823628800
963 999 512472365
992 510 3262489
682 113 297222
421 162 1509496
387 655 610064397
169 11 362245
602 44 3770987
982 734 896336539
612 445 984752067
549 890 221124893
987 937 99236665
285 221 144575424
820 459 3292121
607 475 1570826
657 633 178838731
800 885 805038492
719 318 682785631
947 846 72034715
531 525 607637549
205 262 2730595
489 568 928955452
981 966 857996784
744 739 410663392
695 494 2931951
777 370 579441308
382 213 153675
89 580 953328923
447 678 330690256
793 69 3471939
677 927 981638
947 989 920836287
468 703 772774193
702 354 71976773
805 300 2134220
503 25 743224312
848 940 161663801
533 194 884587232
997 998 318536877
996 950 491534424
478 325 2058312
372 309 190591781
640 116 3679951
762 213 1308253
723 538 2844286
171 583 565237548
982 183 1154025
943 634 688936163
993 228 355613577
929 917 472056932
454 963 783110825
271 241 108707289
844 864 437451236
29 905 1389684
961 945 207330367
996 753 377679495
995 135 193935566
834 719 974446250
893 953 190251671
39 194 839796166
999 962 396692736
88 688 3798552
902 460 524755
973 779 682341102
214 56 33241307
81 36 3885755
483 663 52392065
496 503 50908219
54 755 581652981
341 658 4013617
983 942 712147720
611 975 54696117
743 31 430928794
981 995 559938593
323 839 214226448
283 752 266889330
391 242 345435583
813 682 386935517
869 334 857753706
160 901 780344597
447 133 1766555
967 453 762785839
723 893 349420341
125 478 350904236
28 478 2322277
562 845 279550780
294 149 2524943
775 846 889144994
456 204 955642674
299 275 782072577
193 370 4071145
816 649 532811496
149 398 203752279
860 609 3594488
867 989 70413906
777 799 721378616
873 424 5783810
881 994 700640197
93 919 1511195
988 934 115375436
945 593 947343591
998 171 363119280
852 838 623157635
587 366 311597486
650 740 992747176
2 219 140431
129 194 544756707
913 676 596115903
447 198 826274890
740 942 757649272
484 220 400693794
256 802 334942218
180 17 2909416
736 401 672425552
102 122 562852148
324 18 2690015
647 156 599978357
512 639 48090972
620 913 2497890
856 872 433395186
996 742 288420908
450 917 2243911
473 231 414244426
959 819 410524795
199 177 752224100
728 848 709574801
483 6 422836158
893 501 1967797
422 726 3721146
426 288 221773618
198 732 50098134
65 923 153748985
869 914 965703944
265 861 995440687
896 980 3398713
393 601 2806615
183 118 928124350
937 775 961129395
984 2 307480406
523 642 665959004
686 318 325695336
533 80 3295618
565 278 628801070
305 652 102267433
559 413 209974770
904 784 641300720
371 810 734653635
546 138 2334447
249 526 3951561
581 851 3141704
510 601 397812982
536 690 550806058
691 474 901164257
326 117 878624593
912 185 2015674
94 386 376849538
819 646 1254175
487 615 331305929
414 501 3464247
957 466 452680453
948 893 3111665
823 990 175869665
972 317 317523
578 446 155371600
682 762 3608655
997 907 632227392
665 546 321716
747 947 1704757
564 297 842539319
330 618 267307
121 935 502606
60 87 4017219
134 462 750008615
34 50 755936395
221 282 26818899
580 719 790791774
705 783 916380194
456 718 2144847
464 619 970279151
465 660 909831204
995 996 162255847
864 938 292764819
636 813 405895205
849 14 905801523
962 960 787640156
986 724 805025343
588 845 737811297
970 884 744427330
754 922 478839749
526 397 2710725
265 919 781140957
406 93 305287
938 941 865552320
391 914 163009085
899 959 4626933
774 907 971356
896 910 216925579
632 538 306342
356 194 372352118
993 992 665496939
917 505 508930071
785 738 9985129
501 591 48736207
992 722 578111277
964 498 468732035
349 675 132858225
716 361 599604337
521 215 815410520
587 258 957231621
542 493 369705899
103 584 653336405
271 852 115760767
504 891 2590760
228 948 109924643
638 901 3450227
502 687 206261528
78 971 216364
129 159 504918599
770 562 666591557
454 785 948436294
600 961 900716885
645 439 786729380
708 962 297937
212 6 24297
481 811 709479445
461 894 940502220
423 259 34078212
627 624 51235788
470 492 2420321
857 673 175563147
975 781 2816029
700 336 378601420
361 198 493859464
770 503 678485148
504 245 967770547
187 852 506608700
386 906 1992271
979 510 2409232
341 23 657234197
894 527 772442548
550 409 617624
991 862 909156534
127 807 1131356
136 345 2660868
154 445 766982878
883 787 85576876
638 686 2293468
186 506 964280008
564 778 1073118
436 592 436906070
258 894 493231170
911 987 950281704
870 798 231463897
18 55 335413858
910 856 493527007
173 812 95708
615 567 379400924
271 209 1020775
477 557 366872547
341 961 806487
500 349 438655521
793 493 604920459
619 827 20057556
387 89 68827515
40 677 2588391
870 279 234125980
973 42 9637778
974 984 437241788
800 468 897495197
716 593 185707685
209 711 480142532
571 859 516087557
154 933 1652535
339 279 380653370
387 966 697340263
754 850 386628185
760 639 3992825
14 369 3773604
337 696 1721309
478 77 386758
904 961 51846178
981 977 336103760
132 7 2004774
949 842 1435917
816 846 484418556
125 874 2790043
71 730 215754734
488 586 19465
998 905 567765122
201 390 2955218
722 492 244549540
595 384 363195
839 735 853709865
503 773 443040323
948 671 812880056
159 722 828956304
182 742 3944853
997 781 602448938
917 657 358991002
901 473 367088336
488 244 60331665
928 741 731302244
853 835 415154884
747 540 691616406
172 352 425029386
995 654 3545817
109 836 459249
944 412 373450272
906 979 683531365
671 790 878367161
813 856 621839409
72 365 2835666
175 282 2339930
251 511 351257802
947 838 656519914
254 88 443398759
640 918 434482313
274 439 3479328
708 515 541193608
347 878 641633967
839 951 240631406
428 408 2201907
599 475 532352441
389 210 719512352
823 135 805134668
626 567 445300518
819 944 934810211
705 447 838609248
748 634 89340008
304 227 1589111
950 893 667912972
694 873 774642659
325 783 1274111
923 443 54772903
889 888 168127205
785 800 512297145
498 894 525177088
824 883 325201436
965 531 280499469
765 624 609319385
69 747 2566454
475 622 154847637
732 889 381447335
890 829 830811366
995 844 196486990
908 889 1876889
876 827 417238844
993 980 517109606
479 788 876591565
969 907 32593193
67 630 471619275
685 872 938579
988 613 158900839
145 554 3648125
754 696 689708458
628 576 196245685
396 966 233006175
606 454 399619915
48 622 1288381
971 777 943125331
817 805 713986987
995 982 203944560
417 818 983208931
636 156 3652130
364 937 3261645
682 967 98908345
291 781 778724223
55 836 617127338
811 216 264562175
945 816 581434316
135 93 745891784
904 92 858374105
86 814 705972483
794 602 600503
603 1 1781661
510 628 499784134
576 18 359408754
12 560 812254804
674 112 287282733
886 731 342702223
751 790 253450
63 607 228288328
929 563 336531241
954 808 551549553
68 912 768821
830 744 19397079
703 518 290769418
961 846 3379498
224 974 978520079
745 886 357229050
439 621 900411100
952 680 244674470
937 674 801313014
931 776 808037368
817 727 139026590
992 982 797092747
11 476 1837540
897 626 676678731
55 186 3648489
239 823 694796710
961 338 249217376
320 556 203668804
2 838 816191952
849 467 735077131
793 995 391108467
940 325 33320517
606 165 887971
476 893 674504743
996 1000 620626929
834 330 1000221
162 845 701033504
160 434 458315801
220 986 209548954
131 431 3272248
739 79 449105815
939 837 684771525
981 947 779503757
399 405 215828764
544 143 709501935
547 952 833262418
846 528 850376207
748 340 616750980
332 160 3257978
795 644 204839634
787 201 44871864
553 622 627373742
823 949 360549795
696 999 1965702
876 246 569512901
838 133 3501934
481 361 736697472
678 784 281850825
683 264 529083724
722 954 988713
932 56 3520642
1000 588 3352698
525 359 2362053
581 565 514471996
932 212 486551828
642 659 704209770
211 527 3561264
122 343 1933551
763 525 892530791
375 174 340672692
678 389 33991377
985 648 552692469
651 584 543407652
855 938 578136593
553 587 852813944
806 579 399747362
289 862 579054716
952 936 177679869
961 287 808925076
313 846 775142480
531 498 98383210
167 916 93577288
819 728 321565716
259 373 80573774
45 900 54802317
471 841 37839872
940 820 203001261
495 668 2593868
969 574 681017228
553 509 347151867
57 161 161890
455 319 54959186
798 896 351828455
845 997 209534617
589 40 558774725
797 867 557691487
142 771 3831267
700 842 527562
328 247 671928531
986 322 90836692
332 648 292743591
936 1 193932658
998 480 728782313
749 85 206504374
266 629 927113847
289 935 216708646
911 539 212010178
558 473 178315639
980 928 183912393
416 144 451525678
229 102 705215973
670 827 689100104
641 152 1822191
304 327 366245973
129 565 923681324
835 194 2342817
702 744 391802245
335 386 353696618
750 898 591887
91 834 950997320
767 868 584396468
660 717 398312
735 997 413158393
115 748 982414542
988 991 232440644
987 969 822980079
538 517 221399835
291 388 1524219
549 486 71767755
863 483 889067570
960 958 997528349
193 268 854908447
499 958 867870559
645 793 858239108
651 219 47653191
876 988 819565054
855 180 1183058
662 848 292427881
562 884 163610413
742 2 426412441
990 407 962053682
155 552 979621
729 599 875823917
999 761 100853016
523 410 3444437
837 827 2630846
335 292 507458759
979 819 269846134
792 853 533313483
847 628 414465172
431 184 369493691
823 492 1006836
867 536 2461630
474 781 608774638
316 622 823218230
923 246 591650000
30 414 66493540
674 836 373631843
745 981 881135904
963 607 601314033
876 978 869909401
256 239 1115146
340 922 913548950
263 783 438992136
313 950 2482519
977 998 974921173
791 776 416222620
600 32 685041126
920 684 841156357
288 727 781591574
702 218 695419040
508 954 202936
353 459 260500545
809 989 235295448
884 15 739232448
681 526 399538
716 950 441403
615 482 996366794
216 109 421914372
443 45 418263547
464 466 874091
193 498 945204744
833 965 413288130
740 995 641280467
673 480 1331333
383 256 411589225
786 379 2498849
56 536 2117829
646 165 392294436
740 662 333489216
976 589 187382038
632 631 697158372
942 851 896899258
822 110 865296728
995 912 216313485
757 818 914961
747 489 384438737
633 620 178188937
569 326 197338339
964 992 795210221
162 723 538580367
925 258 640147294
752 784 707349924
878 983 197426036
827 967 138024410
738 515 1864281
547 877 368865347
184 765 420552
24 629 202335
943 50 712059876
768 463 513133752
458 387 922464099
790 655 656202397
141 939 1046381
833 806 720314828
194 853 662117497
970 699 3933898
616 783 571201543
334 597 4399108
594 656 998507228
542 572 781950944
504 171 4063003
765 65 953451869
893 901 851573473
537 728 808399651
367 485 624509
159 336 517148
472 77 362576873
291 888 922576935
873 848 971680346
391 427 3926868
390 784 326200575
881 972 289269293
20 110 584419383
648 50 769923779
332 482 523806160
512 641 848749533
330 743 770899363
997 984 714301430
231 775 217253689
214 652 897708602
465 831 459967086
811 530 1359934
721 839 232688616
914 276 302036
343 196 423954132
778 663 315960950
985 969 819249857
793 721 658254628
385 288 2432194
278 677 2522711
602 300 844015770
912 109 798600760
666 557 232501075
715 185 418628623
383 316 765650065
605 3 584799350
953 642 873148716
662 392 165821187
726 634 757220097
708 846 233254689
602 564 509238465
526 94 67200102
973 954 836066767
823 754 810526175
818 819 346321314
425 168 662197963
847 907 252182416
625 17 2661299
385 591 700454180
934 320 411249139
502 617 2183283
993 986 563184786
843 815 189043597
71 493 506631414
937 466 508886527
860 722 301164346
860 863 2293406
611 133 825302749
922 2 773213045
189 395 2444874
901 959 292980259
757 613 836221631
949 252 568426723
40 923 128479270
358 117 535872624
968 929 196862728
139 246 633151334
119 317 540875127
674 664 594568751
778 936 174652584
996 997 135036326
215 766 381327395
289 673 163157385
737 617 936238949
446 908 8656411
305 570 674845462
247 106 523771
872 375 2913126
965 491 740667865
739 868 290153684
315 84 1680343
382 550 314158209
708 557 42606939
32 665 170824
313 483 1322811
507 56 2035701
837 324 780480913
919 831 46654445
775 843 790550099
265 393 1126500
425 689 905310347
479 334 4009501
971 234 3412302
971 174 2331932
967 990 389569286
598 928 856835195
705 976 431485759
996 341 39645057
714 533 114903725
601 318 955744659
995 989 787742501
745 317 334969805
783 866 3732117
415 729 27982212
966 968 796889583
990 928 516213123
788 768 48054963
370 201 530893654
739 963 21807
1 221 669218038
557 437 488262053
675 678 807260515
731 957 423831670
821 997 694743227
976 973 999552761
675 126 210155577
111 384 920303917
479 982 814629274
784 81 789691114
797 523 819434765
684 979 143158354
931 924 15765083
303 83 646678
716 806 265677090
24 329 181641294
622 706 1572397
370 997 288301837
837 191 595127486
740 460 5921743
840 928 797983598
727 123 854330505
590 918 3408747
681 430 250295039
650 920 2633394
273 523 2831120
764 838 2478452
832 740 647773585
808 875 930616840
919 729 818530210
284 653 3963553
882 338 967473234
451 484 113256644
942 991 568807728
679 436 843535849
802 945 957143825
999 995 33587820
68 361 3161233
916 842 575520340
709 848 71310635
860 833 554302326
702 670 384388
674 343 185902292
755 357 199861112
597 812 981566807
141 903 352262
625 548 398552700
926 574 133821560
504 681 762168518
627 52 428747
130 571 302324813
870 911 660503762
934 576 447720518
516 787 3527213
738 64 999312243
506 118 664754216
956 994 768359885
894 846 784191426
963 964 890296715
674 541 2794310
926 405 613612788
723 520 656975240
168 582 2782402
962 549 326521764
704 792 672301606
992 995 84131060
872 880 858571811
568 947 99612146
124 894 792315961
799 909 447756911
591 507 852683415
563 637 681679734
154 648 508525564
156 830 457517500
103 192 1545855
477 962 3427912
599 771 242022418
992 988 155291166
336 758 248342401
843 450 234681922
934 956 458719114
180 232 93432210
555 941 1387985
283 493 2447387
823 630 366749702
1000 978 23366512
812 969 817635812
553 220 1442205
565 293 1334944
663 597 834900
757 102 3024118
728 581 548850072
657 29 382702717
377 206 3214621
991 880 790840285
531 445 811826706
305 426 956966
684 700 902439624
301 996 886605040
863 915 693470783
268 300 2226632
81 148 963827143
202 663 894651497
403 541 396864910
262 787 3658504
250 171 440825055
157 448 209845661
747 966 297201174
25 352 628312
261 464 474316754
164 699 15674637
501 827 884749202
1000 992 541862059
847 929 33746314
166 789 358797919
811 401 663830
828 169 322569353
817 293 986782161
960 919 424059775
205 781 271674745
822 806 269420991
930 303 670284
733 187 1152762
711 433 316318468
790 179 570702040
349 326 976789898
151 753 384823591
357 316 2167978
695 864 642743713
875 783 4013572
733 474 578228073
300 264 544184135
932 807 178765471
429 321 3533867
781 848 274578524
368 97 686709
213 639 596601475
802 920 118247213
58 336 920996008
768 772 133559770
418 122 720891335
997 547 442325075
973 950 556857051
522 954 3151100
267 660 1881495
460 282 147799621
801 204 44405065
888 67 1203144
118 612 18205739
528 725 959931005
999 1000 949566676
629 496 199643481
984 980 860595914
217 69 649842288
842 941 948556629
153 207 851389769
131 380 370149910
573 304 1776825
239 981 716285
427 823 146411203
338 744 1131058
846 151 218349621
138 517 727810719
910 902 795221955
638 614 479065052
889 487 515962756
791 359 283151428
341 728 80115
33 475 1092643
496 837 591476356
805 861 487999242
714 907 481240991
941 298 648525
990 831 111173809
911 992 372609548
939 124 10667066
545 379 882847050
153 495 639607577
996 854 2602317
236 223 3831760
833 757 719711396
462 956 414077047
391 569 559340995
552 641 513829987
238 972 23253536
542 613 906961026
621 960 823035554
918 868 801389120
493 923 790045446
417 232 1834342
687 825 253988
809 671 708317421
915 920 310308991
298 41 38487
540 151 988497889
965 855 711713955
159 88 221051583
597 300 3018158
818 463 949805662
603 642 748004401
220 689 2383063
983 784 763933031
140 65 762253162
812 511 602611668
991 995 471610381
968 522 708211269
444 153 2347042
688 544 768004728
689 496 605187349
850 657 72140356
348 793 987540987
954 560 318388512
551 664 437082366
144 126 1263143
710 524 646858732
120 153 346577491
920 288 612177674
770 966 985416988
701 964 310822842
164 124 542123932
645 1000 1736678
461 942 481966566
930 924 894927720
260 72 803944889
631 429 2399254
422 647 570730918
564 284 2642928
348 865 476168088
534 648 878911065
830 186 3760526
897 909 709314942
495 33 2567127
757 972 548766550
896 706 893096420
405 902 359981396
851 977 746485682
680 804 138869730
374 609 3365101
212 560 498510045
958 430 200948936
408 843 604849620
231 945 226085561
875 834 685021669
15 721 183267470
52 688 372525380
844 721 123131701
25 483 893105940
886 981 764538068
830 505 932858441
738 270 1989843
301 7 209761
909 673 328966787
290 616 2724992
169 889 533288815
850 310 70050591
880 923 526605201
989 333 331953331
586 287 654018300
605 805 3694295
826 685 475294128
410 676 3842379
689 423 2703450
172 402 59719976
999 982 103362402
228 181 113992
300 595 317846098
849 986 49741001
477 442 421903854
163 182 939331749
316 343 467765120
509 281 2636826
971 678 3303200
597 809 941311804
232 478 912458017
825 771 281508196
891 963 228784388
960 681 88323541
806 791 980395020
212 620 206426
924 976 872019052
302 668 645885
734 137 482973908
888 912 231745202
600 876 135228498
662 248 1232645
961 119 597784
205 270 2363453
886 896 986288748
191 137 584448648
561 313 489144033
521 906 347446513
268 778 624640303
893 835 388197206
962 616 1256907
937 794 902317588
907 172 48011278
861 667 536664498
611 125 674730800
671 991 313536259
237 478 3016607
984 821 863087769
501 764 838063069
933 292 2636402
997 215 2954866
377 550 1756313
729 627 809755237
219 230 3995647
381 841 459523017
363 782 13490184
590 911 971459675
507 462 245496743
982 984 645066063
850 844 950058615
135 268 402790333
375 775 561453120
948 964 309259753
906 934 4028147
971 877 420464747
627 914 81050127
390 69 605469992
899 662 313095579
624 249 380468189
757 905 39929276
599 498 777886726
920 175 2562084
725 608 441019302
142 200 566924272
589 250 80958983
659 717 181296133
994 998 639686204
661 955 334914510
376 747 798694932
619 375 149618823
607 814 36575358
862 393 727784634
641 897 55368
744 710 868695990
633 93 3325832
84 444 252956789
715 960 33341383
569 48 1865567
371 910 3436996
440 785 286382452
854 869 723972439
896 546 435267480
228 155 4063114
244 104 235959987
207 483 446398039
590 38 676600722
256 850 135469528
904 951 646955250
604 173 3856804
59 912 24337033
134 535 253003024
990 850 688371754
804 857 267408540
706 677 971066334
426 211 739964
701 576 923609
119 530 888203385
378 523 156204381
412 826 828996143
903 969 681395244
950 835 552388143
994 674 388772167
977 887 841758518
647 421 461630
873 748 955494588
993 978 589850260
646 781 133281216
405 892 1348269
453 928 2037694
991 951 240698176
462 723 496315145
853 223 922259351
941 952 270505994
968 235 1652449
114 493 1934712
949 626 723532348
978 982 141592862
956 626 95554381
87 140 233010
771 26 329133556
906 765 219717623
926 818 276065516
169 562 1547757
698 402 2924089
846 301 721396960
290 705 445657216
503 500 3881419
724 761 871471127
681 865 75529436
539 160 392794134
684 687 276272093
989 948 172107940
718 360 2021306
397 646 726476275
463 16 215167
380 552 617523930
977 69 984101587
519 215 387831316
457 236 589515165
443 98 2039375
852 868 535824624
954 69 3704829
430 449 502124213
906 933 488054288
312 157 2690037
128 694 311074995
971 993 354960326
986 307 1473340
913 209 842164925
305 781 905543955
352 572 62620951
866 913 990577303
180 638 85115658
177 279 743023
960 969 746745502
423 517 63828378
686 807 244198396
971 984 411350262
756 135 117950020
946 917 705532619
954 935 2703722
286 560 761903
847 98 924653974
847 722 429446
741 996 659811082
852 713 659886051
688 462 803007947
986 820 475854117
69 310 293446897
590 607 492562370
354 732 185843368
740 599 995455
996 999 780727968
313 616 3277798
447 355 688947968
465 690 475627503
754 737 686528407
728 638 793371693
726 491 545907
337 612 83001199
956 931 969141504
614 361 63428353
261 784 503042681
416 563 231460141
692 921 951408164
183 706 3402173
846 143 278592471
868 542 37591921
625 23 649769260
444 393 590001968
156 24 950192690
487 410 322090373
883 800 51790627
946 556 308563958
998 999 831109521
201 875 772578748
916 552 224479561
123 174 742362262
93 238 2025100
136 866 735887597
785 872 166454
745 727 856203452
147 284 555778619
935 615 3034958
666 407 49774554
722 835 60719662
335 578 473601770
545 482 895761
674 79 323184126
598 176 2454898
544 695 511991730
931 801 567813271
446 580 2297623
76 898 2560541
372 533 300017429
829 886 635230441
455 204 880644571
829 661 852843085
741 726 936406342
659 358 749423472
247 332 379218302
462 235 653734391
597 897 142625831
647 413 841352880
361 795 2742272
736 920 337129370
237 461 227447519
206 653 37295483
982 954 146046966
276 850 908924344
537 596 420543939
634 426 1356211
900 206 1260632
908 775 631527715
530 585 667016280
867 507 141104537
834 312 320134243
380 776 188592827
194 261 926308689
222 612 457628
96 68 1582379
427 590 202608593
742 481 3559385
736 743 638334842
373 454 902422
958 768 187114383
981 983 954452503
612 556 866063056
362 820 2103713
46 309 133076923
410 685 603563504
517 770 437085000
689 788 1074950
8 203 1715578
911 825 383075612
755 520 330859
946 587 880797414
570 985 101351658
249 340 1239417
598 401 485531422
253 476 948894579
589 827 597118050
143 124 1172669
563 466 471478715
109 56 888270239
510 587 534154660
431 813 655612648
890 725 672915819
958 970 505091715
553 576 883504029
871 389 3369592
397 749 803720655
579 335 741556842
876 205 488671549
401 447 635725
596 151 574375259
338 584 214627003
493 259 925940100
598 808 3542844
826 904 852450421
796 739 799469511
770 646 473504269
872 892 809518626
652 194 238066313
463 492 261974359
808 600 276168522
999 522 578491452
919 57 1100745
123 610 3763630
902 799 999928950
159 866 287913356
816 863 811785
829 831 3548588
875 401 40104958
335 142 290336174
850 351 737552323
793 745 833805738
244 590 852212
721 9 708030264
180 903 928635205
234 872 543556695
996 623 3376707
37 75 670412933
844 831 48875851
747 515 243368728
948 124 84862241
32 297 928564262
995 987 983647258
828 830 69613428
413 599 188940183
181 586 3067320
745 331 305283431
624 791 141574913
640 961 116008
617 409 1197826
977 912 247113838
377 378 3225946
698 578 649043079
72 630 701217
815 561 936406658
827 571 272846517
195 758 650658262
322 186 3352816
747 870 270397036
950 981 302703498
516 972 687185049
207 424 20571575
48 370 148391
421 402 2976825
789 88 2176607
422 219 690858777
718 595 464216982
117 253 925219
594 629 160464031
840 762 154975456
397 863 748625945
659 852 472323220
827 972 818069847
776 528 237255390
903 698 472369209
417 689 431501407
278 902 385083225
373 801 694798
773 486 415988873
364 822 3809720
468 634 479887083
846 840 272958999
101 495 332220018
724 468 746045910
820 317 589315697
920 927 447609606
87 658 676958308
442 911 987652079
385 656 250411215
335 633 76612568
940 519 1431510
878 929 657467581
829 664 476457088
579 961 818569496
752 370 268121
944 56 941968800
381 317 290388848
455 746 424196718
746 780 776151748
786 974 473215792
692 74 743742452
425 977 644510
962 323 327645443
973 893 210644161
314 820 2983789
320 326 220601416
903 912 614123926
926 816 462680139
676 535 446529823
599 234 698147
484 583 502351665
865 706 3400096
233 367 2827174
191 87 512986
535 313 730452488
832 916 2608206
988 990 266810414
928 896 40954877
347 545 2775573
510 762 865640826
563 281 674263328
582 701 162866399
410 481 841133224
773 289 3834981
589 415 500132376
433 817 130808039
513 562 661781432
902 874 714648959
636 236 1077196
949 947 177972358
218 562 352366597
758 260 1861091
449 866 1824935
777 644 541781441
692 164 186533523
481 413 751618739
338 51 542527201
681 214 802868580
436 897 1378413
144 666 3553335
42 97 139654919
930 905 422837720
178 58 966379606
789 158 608331358
675 705 236131080
65 69 2040929
210 652 999351912
600 339 3053539
457 690 664217
179 575 2763461
365 868 68934226
42 655 381917
769 919 616171203
411 429 858243699
978 972 187288699
828 589 39655243
155 338 490385462
610 675 898095458
327 163 1230378
137 134 1398813
142 370 890064607
858 7 427538153
952 594 596436787
852 544 950899065
830 593 315839125
450 278 179161096
892 398 2071131
899 846 618954467
705 415 261108010
322 531 636135277
876 907 491680758
468 778 239738073
849 32 169159617
85 838 906967391
472 908 186811039
660 751 873588974
779 480 917909550
773 902 808200416
515 903 33073543
368 683 160934278
472 149 703164705
22 972 766233787
424 693 506627601
837 887 282263555
637 558 234066342
698 269 721482688
815 3 1422790
720 42 107042563
155 606 640376
777 55 289124705
766 923 894990727
757 954 293784609
983 228 540226001
587 470 980468643
64 513 298061
121 884 576223514
72 923 164188
265 153 294033881
476 284 654162797
279 255 686119741
21 49 158997713
349 34 506513
928 987 73180167
817 985 595516118
279 537 207358176
814 103 416403689
481 468 579353322
952 766 2520792
552 843 273187936
999 861 158716981
928 359 744003888
821 886 605883
497 970 3138876
858 429 394325477
96 250 185488214
108 12 323998609
917 758 676090360
984 463 891276387
694 731 729293788
907 699 89625318
791 721 515639147
872 955 142476158
979 123 3327667
334 665 387781772
850 964 498294425
549 32 3830382
831 944 43812608
229 434 441922475
616 456 881352603
442 466 565579805
818 786 200075181
788 893 443076543
943 915 720605935
975 968 969097398
779 298 1240114
508 651 178401700
457 215 935932876
910 851 750980544
109 555 258299850
177 440 1879725
663 788 767726654
93 47 3023543
779 816 400777270
804 348 2306788
428 119 162184619
800 703 791380218
916 740 662909395
968 861 55332761
647 668 109243965
739 944 972245074
357 617 18397714
187 19 450264730
638 28 447413090
939 930 548614027
964 957 251123635
310 802 3434654
914 418 889526632
584 617 560680895
399 602 2903732
124 916 1069099
466 747 917426179
521 604 20741478
813 740 295305352
978 964 855132851
919 862 362009991
948 697 1112978
624 734 369945267
599 157 841556141
805 540 630639054
989 991 946478026
87 494 681652196
932 718 988551496
617 954 270281540
161 741 775351225
850 908 417720585
314 544 843521825
422 745 260400263
466 903 286873737
593 70 918063184
968 944 764714567
791 14 794888986
331 941 625845
862 639 343403210
957 922 193676544
103 220 674626133
308 302 858008596
457 622 379326490
988 834 121168
841 472 1046052
197 793 66482
938 983 847863935
919 968 434343888
851 438 971765384
854 796 12465430
339 275 992122140
453 874 28573086
360 540 318123435
869 73 620831853
469 438 858650618
218 425 222201556
850 892 471897829
773 288 74311251
74 53 1330013
31 631 360062722
508 867 726273945
352 474 895834869
555 792 605674871
706 120 532925705
966 688 38905335
552 348 685345679
517 804 837141830
33 854 310388135
598 736 2568701
970 978 845367008
792 809 972085991
319 658 616616923
942 88 952231198
23 448 2403302
152 973 22439529
354 864 114046035
801 920 577029766
922 766 282008296
797 946 903740711
128 420 2312701
802 961 975597749
553 38 1351817
987 975 426071154
753 967 938623735
193 487 163840976
776 413 373171477
930 282 268987971
175 658 933780626
620 967 943419648
836 911 163635225
809 804 370172332
802 448 3431686
603 991 1464933
753 633 555488580
125 612 3771493
27 36 477799867
435 549 3245746
969 784 384150617
406 512 771994489
207 908 335431152
911 929 700069429
293 258 741912800
200 262 2998668
357 595 876944038
383 656 664353725
987 323 917305561
774 847 181491567
268 14 142430697
639 181 425098119
834 720 251260461
447 439 811591189
932 975 106268451
744 933 19584286
785 685 700660490
795 874 913905109
999 895 999528493
676 505 123881752
614 579 526466534
478 298 300267425
113 410 58854003
884 547 2040091
432 811 222612754
991 985 911746973
596 908 165007752
179 273 483665809
384 148 477430187
471 207 833452231
954 959 491086544
647 393 315361343
182 911 496155
438 663 4090380
428 764 127441
252 628 223901650
124 172 585108467
895 511 91220842
210 690 627731659
739 472 765879948
82 329 1736280
328 833 851474930
875 332 28791613
946 928 771972669
853 813 614196223
218 47 3132875
158 778 2438143
649 890 19194852
353 960 583728017
855 983 263397417
888 953 245355616
310 358 869790
338 320 622070
727 241 2811869
657 913 15051684
373 506 384375779
630 781 917903614
623 974 719653549
879 868 427804318
424 798 590355616
171 294 218785468
66 605 858821
751 797 374978746
904 172 3494501
626 327 521639
793 765 296093846
71 545 2716572
891 672 612761748
988 54 776376904
825 330 999516
367 908 2938192
835 446 1848723
500 445 1481078
924 188 648888909
475 315 874696102
611 514 1301158
749 669 356423944
505 364 426833
450 799 521682760
751 458 748246
865 988 266615223
961 23 849742730
921 432 4035794
864 796 855702357
923 378 947092155
779 781 326573245
863 342 766020924
12 402 618317768
497 443 639129872
854 935 50996166
500 185 55727104
513 950 8776424
392 257 2709321
427 836 15779220
762 813 613125288
691 648 390217621
988 892 628158776
857 906 947463301
534 969 669232540
810 632 638578711
381 532 3000811
199 100 2968987
178 174 461062304
687 167 908435905
105 206 491102228
653 727 461162811
488 583 590060570
596 903 553164006
510 704 959389672
252 203 2091363
981 290 758054740
268 933 770966286
680 941 3124779
38 90 769037515
859 895 3649743
650 450 969945252
966 940 987095215
109 993 25384490
464 287 467088805
791 157 591809248
363 392 1754688
694 384 717798463
522 464 565940411
892 935 270224460
647 999 761428540
562 701 796857184
786 869 894758005
474 725 382074279
144 24 853944740
100 402 721417
154 629 2426545
957 549 2072619
669 530 752857727
189 120 983847714
908 511 319557615
341 586 657059981
940 461 566699785
760 932 481427094
997 945 853609391
333 821 951706535
734 488 247282600
60 164 1551229
539 463 593770925
844 903 2701294
642 800 874911228
388 591 2457630
84 893 1238009
824 870 614163283
716 903 883153297
972 556 482200929
761 579 439560057
854 562 646813699
136 780 101752
965 985 356661888
966 993 935657455
549 47 734728990
57 841 611536613
538 763 480779
809 117 4084331
563 986 3791245
962 884 149167744
982 50 98979549
355 138 792995488
977 923 184124463
417 950 662135633
547 703 734567134
373 913 499270805
998 1000 162224218
242 619 4039960
973 652 719783567
511 414 490514213
715 365 996601633
858 257 3254625
821 792 720757118
956 377 79243556
856 730 514723967
507 399 645327081
921 909 977188976
949 956 683660250
408 231 746016014
43 532 3540837
949 580 884413620
529 289 3653334
195 919 694700036
755 567 751217385
888 994 28949299
203 136 4037293
321 901 191640327
246 716 1687512
795 601 83082198
109 561 2796733
796 426 377945165
821 702 925243078
874 893 258249208
880 920 523325
978 670 94748
668 863 469092150
473 998 1588822
28 129 539511001
654 679 1258471
923 535 11432665
901 751 363054234
718 766 368734515
781 382 516267885
260 365 387845409
858 391 754726696
909 511 476805172
344 363 765809013
886 770 564690102
800 722 983089580
795 533 191594055
993 403 642941779
789 850 3534218
916 429 355094579
833 992 1753281
728 665 606613174
451 620 936594241
179 671 2258549
329 516 97985994
369 992 1542773
974 365 315555
301 459 539480479
245 619 2024545
868 1000 23124610
983 995 640830917
759 468 110281774
388 643 197007269
307 902 273391559
673 692 988965753
508 802 993939278
805 592 3555314
471 227 147817790
794 341 399000401
743 71 594397574
980 971 62662341
550 19 1245112
887 241 1624842
886 517 187790
431 422 34953887
272 8 665418668
496 433 456627
836 178 62423896
448 943 2682325
451 630 744838178
63 404 315320409
296 907 3524332
571 924 916376188
782 865 224042684
819 785 211980220
876 761 26027015
479 210 3530592
337 78 1489460
258 22 633500
765 643 346041466
213 340 110144544
639 885 403357418
755 523 471269693
598 589 602695861
893 996 697029154
273 994 198548732
321 786 911221382
512 238 537505644
878 641 1677602
487 560 574553553
845 697 418769258
269 58 267225518
618 795 447526394
984 659 2092573
240 81 551149
796 895 846615869
899 692 229434511
682 827 511501799
12 782 3917248
480 425 251609169
908 429 107147872
889 909 655177840
13 18 711915284
834 795 172359286
844 310 627446355
867 928 595774653
776 447 674178562
600 772 1975328
646 996 97763718
582 508 492568440
851 698 73414238
440 317 883689693
792 121 387703093
950 634 1514700
691 981 846554199
32 520 2093480
173 146 574608176
690 883 765577036
921 291 999692879
862 124 214560
65 601 109975749
578 603 3745284
399 777 839892052
937 933 201363781
459 894 612099836
905 943 272141496
924 879 736657801
637 321 820338748
180 759 674529385
506 345 399843009
620 930 1043074
821 252 1548268
733 558 295364876
963 497 789569319
942 417 95602905
996 956 434681263
612 868 11638453
808 781 232653098
942 918 201272949
140 808 293559935
541 862 445074634
870 440 3672980
971 994 473121765
291 393 938217702
759 83 420164816
757 638 385978040
71 184 661572593
362 986 226560866
869 394 3167609
257 242 1839907
908 969 566138858
814 823 590394
576 210 378952766
687 816 932821605
852 251 689472
466 3 154914215
961 367 407361495
945 133 238367793
64 397 106656803
466 921 113160030
252 580 445393460
511 597 1239608
131 399 2829642
101 729 3677700
471 280 758833398
952 33 212183377
978 583 904437098
692 780 296855022
38 357 159979844
129 590 43508003
558 972 944135
260 455 535927
171 446 831347
415 900 3105969
652 773 276868621
607 949 497951727
432 339 996460621
794 833 185427354
99 112 296735523
546 936 329968
736 289 274633549
784 209 1020139
108 163 586070
487 807 1632896
489 609 965282676
990 951 471129251
333 539 840882703
640 780 204251269
66 912 687224997
568 11 3939450
552 557 88798114
861 964 1546082
449 864 698366843
868 467 61568154
939 987 266947366
288 266 858992509
705 199 2986147
86 928 241666496
218 148 617842122
648 484 101215635
26 324 2361459
561 744 555511605
117 376 2205341
662 441 454266047
775 249 3550463
425 883 800514175
765 136 281017796
834 938 2547256
491 413 2715338
691 1000 550557185
182 828 862222
750 223 385165148
176 864 1863190
978 748 308456173
916 323 354518
292 924 58264625
235 910 255884268
253 170 688487497
862 763 15762249
19 104 3358835
957 66 766670465
173 429 4063987
946 943 38681736
857 392 2531165
929 865 999329006
917 268 605441672
498 417 2560493
787 824 611738189
719 65 907992867
761 673 159598206
535 53 122622986
65 826 446519390
302 521 585035231
982 937 271435534
569 231 334576472
833 62 526563798
691 389 846765626
955 455 26286886
53 554 728220225
568 813 400410763
870 466 731459742
771 824 788843974
65 797 870731738
914 299 155567566
886 744 629308318
514 163 2866186
800 645 449888293
555 484 990339414
516 353 472749558
968 412 2817443
417 562 30499576
94 161 914981863
49 386 3558654
898 150 1281930
753 34 798918123
463 137 159573777
79 621 844500197
910 934 992338165
493 351 323035359
576 870 21008246
304 219 93344306
14 820 364493911
996 986 289519169
12 902 648015
861 243 750576703
741 521 898980900
710 387 3953033
981 963 553648351
854 731 658886052
52 430 369493784
997 890 162920323
450 5 20907668
627 410 225624563
962 910 573763972
520 288 2700166
876 187 407542317
495 607 976229201
503 71 906279987
365 141 311923
382 934 559845426
669 392 1933661
928 776 3840699
930 785 3416948
427 302 194626621
117 942 2920632
528 735 833461082
668 786 342316452
165 366 429197148
937 633 22048235
407 871 3073572
163 610 136082060
631 527 779860833
500 72 1825181
654 468 347451157
788 881 56455475
349 330 816387106
780 984 794315759
13 726 711874273
809 831 169255959
778 774 433898731
992 990 674171671
918 106 1465191
647 301 849374154
464 351 2014364
492 657 476455232
237 299 185361540
342 67 1309935
716 486 978815976
60 656 851683664
640 892 444675704
46 377 707529649
343 650 2921657
324 602 844083219
325 735 2146407
206 874 1743299
261 439 558932877
263 939 1729592
130 843 3044223
611 539 889229
172 854 7806519
673 741 725181919
216 172 832499823
978 789 441595671
537 366 406428535
740 412 1474894
974 951 483216098
853 373 93711148
930 977 593195080
542 61 1241420
864 807 287427488
799 900 831727691
782 204 3565544
912 804 234476983
229 964 230376052
337 79 3557662
764 936 606185432
828 745 2767538
35 946 353949
28 92 830949
113 551 965942232
101 741 9067888
877 746 12140459
935 584 507160
452 702 35254727
170 137 573182
974 402 398962806
960 691 2044421
400 599 624615733
983 988 823393510
931 972 982166033
799 729 187372773
93 631 595439685
966 148 3102477
821 283 269769960
745 781 54117200
835 786 1143645
185 456 963981909
606 564 297105838
541 879 1820374
948 231 515844377
828 921 436005867
487 969 258973746
50 984 335099379
405 750 388695436
367 656 2705495
894 871 369127263
843 998 199997392
3 422 584772865
821 921 553162683
683 590 401811644
800 179 709996129
408 802 3072021
914 974 300376158
1000 229 3427692
826 887 951830148
948 932 559441732
627 365 86453792
640 458 529129514
686 702 439217155
892 244 180477254
983 574 823545931
352 786 348956882
353 554 347377
945 1000 848785234
454 790 987610969
519 745 644578431
693 625 705121811
655 152 469588879
446 613 335072472
563 900 959747138
695 902 132292710
176 61 870721380
374 193 393645022
792 816 213772003
800 713 550211155
167 102 3896418
879 584 155384806
976 854 775066956
333 425 4027093
706 201 347154125
246 858 84467078
238 400 3556245
280 550 4062305
685 792 887545277
639 810 862181378
762 2 357875527
720 479 3855658
595 708 767596652
372 24 71176309
994 897 166160183
331 332 336982240
857 756 940320270
816 188 365729
697 181 645032
178 757 797893568
980 988 93999129
981 436 898898997
947 974 37356078
989 973 86938007
556 653 949001659
988 960 297163780
486 975 734363
565 244 356939819
854 861 376313314
933 201 696719282
249 483 760369981
647 27 512519
841 170 519315221
495 290 401593091
118 470 623378830
944 641 220286836
645 537 266752115
824 881 403245871
561 724 243671537
994 995 649243669
571 99 229991
272 840 572734221
503 535 829276
966 582 48111106
304 635 104149725
888 958 574974519
596 732 3287468
828 681 60802659
856 510 978116
751 33 1759183
373 797 2793600
553 328 211069116
933 862 513436085
633 101 118163000
34 928 363233082
994 106 765974
930 226 640595112
712 617 691459650
814 898 88396570
912 815 24346651
889 225 2282581
389 85 721227524
427 120 2275965
655 670 531575688
627 339 1905598
597 711 594649911
676 626 147375718
981 605 541560892
135 491 1294985
952 408 2382858
430 641 884960993
105 481 1844871
882 591 486605536
211 472 114122183
656 643 279214637
286 833 3687228
395 656 464752199
558 939 711999841
165 950 972022661
720 905 533324637
988 1000 314003679
550 599 637134220
491 851 594331959
872 746 100064676
560 309 181852
873 587 40867749
938 392 590012885
706 385 971616482
936 956 430529582
876 308 3836871
110 342 103178587
554 275 2678700
915 904 284519680
944 985 58359221
954 905 522789916
986 963 93063238
438 704 3595428
129 457 583078155
916 732 510600801
756 691 567845748
609 942 33676
713 864 2984164
928 920 311690190
476 366 264562834
925 927 2710028
146 830 35279
371 550 1493591
538 589 565939484
815 771 373665015
154 643 1030088
118 436 255437360
130 548 534479332
917 981 589701684
863 958 921063753
544 610 306601
969 913 57353810
529 347 14154
783 854 488457397
926 790 145389762
314 899 664194674
900 837 492660542
990 681 158830572
924 910 30946669
134 533 615012012
995 970 607443120
814 859 796861799
533 225 78272561
756 891 863468364
455 719 803065755
344 805 3992985
90 861 255938294
946 961 109456997
879 339 173061961
677 845 3548135
686 700 539034276
256 860 2219111
660 529 3054958
97 291 85658292
579 982 63130324
674 115 865408
582 11 1348082
828 392 814048975
503 151 320509
484 157 3378462
710 944 214514
36 228 249766558
705 937 657981231
308 614 2353971
53 529 31524333
644 576 791676586
179 178 958328924
525 231 92492478
422 701 862457
522 652 984955598
957 933 19323566
974 778 210499971
217 62 804949421
1 725 2006381
299 962 246315620
843 498 609414877
892 882 976088051
641 948 93955918
502 842 667037181
200 500 543701498
347 399 451988625
451 512 447910892
817 854 513676919
335 767 3402382
459 172 285647819
845 912 735974633
229 842 228591
334 83 271412740
752 213 370223276
939 914 647675090
449 741 190161152
464 166 351244546
84 776 65298497
987 965 854603203
70 977 683665181
419 434 2210728
193 496 15278074
1000 953 280400587
983 715 172899573
77 908 111943631
960 671 114353435
973 554 732683592
582 479 540665612
730 835 724449536
923 549 324146967
776 566 750240833
971 824 997773841
617 196 3484879
478 784 96329259
145 209 553002329
977 999 514904000
995 402 849019244
511 517 944245521
743 771 126265338
948 513 134455714
988 619 683515679
816 787 395801764
962 856 545056188
641 542 625659589
598 693 954371195
860 778 680810923
979 832 198801480
738 984 619390941
363 903 172234998
71 670 116168854
775 796 588099770
822 731 386350
130 407 912841
797 925 735553702
941 771 785849280
679 879 490744915
956 998 707566187
417 939 71883491
342 897 998986490
910 867 691671265
205 686 466356443
712 368 485631
790 221 4032018
70 620 3107421
686 836 427352102
216 89 2215944
879 712 4054086
25 324 143548542
971 774 664155332
732 367 1505348
827 984 154894912
380 441 693872
926 917 42326088
495 481 671460756
627 839 125383052
134 57 695717912
175 944 492265556
904 627 146321942
819 621 238258101
150 848 3073175
932 794 17340937
189 310 1096015
921 637 920863097
367 868 1763755
971 819 3643697
100 232 875181014
8 468 3437608
791 584 20785601
747 261 1333044
707 872 655932142
906 784 835128166
777 347 3477838
157 912 825254527
838 919 731262860
80 534 968161543
743 875 569364735
780 558 235817518
773 190 468005262
884 656 816009698
106 865 500513972
751 322 241156877
431 253 963248238
906 999 844742923
627 429 31368580
403 961 938663459
507 332 949886
629 976 1704236
855 826 887746318
953 988 462320370
994 416 956283820
934 985 461352205
869 226 3312130
175 659 275260
612 755 816896013
167 392 184143015
594 812 503482
340 324 312550
74 329 365400359
822 813 852134488
471 82 147417602
937 244 580738235
564 849 258624475
504 717 124147939
896 92 32128997
132 970 1384350
975 510 670235515
927 711 39728324
272 914 1735111
767 795 157039290
798 859 972844415
867 243 3570923
34 12 142937810
926 758 698033963
895 411 2213292
509 55 987656379
604 980 51617616
911 475 589858803
719 955 606539855
224 640 513578396
152 658 131584880
921 922 835143882
343 529 1037194
686 314 3129032
456 889 167408877
381 516 403242466
482 525 795925505
129 962 976338
635 300 404744021
177 957 2135289
786 639 35310554
214 103 1045539
584 76 204392
951 1000 954202589
251 342 597613197
211 608 41815
776 653 219355710
823 53 208221376
94 889 751829955
414 592 910196708
607 970 231769474
202 451 316342025
750 894 957902837
760 587 406859
529 481 593007106
468 246 603045706
389 708 878023722
906 921 799433885
881 577 1743032
327 570 636822233
5 185 397726
599 800 5988212
233 453 3592105
864 867 311941876
89 28 849754
658 740 174416947
828 241 389648117
168 630 972859449
632 76 373989360
959 818 510045
929 80 1813895
492 651 906771413
951 75 3308137
903 704 405476179
100 362 15350591
626 706 716511744
814 458 784530226
256 580 252649885
967 994 764666041
321 568 251033543
41 50 1113222
970 903 294352867
152 83 573321138
735 833 723777423
580 148 479480399
928 761 547036258
748 798 784119450
62 374 525832895
978 138 472799588
427 735 708633617
819 18 754697013
988 974 121267154
520 223 316106573
109 557 807018866
963 936 546446824
30 755 2686478
578 487 1909553
915 955 185868804
632 664 349379317
337 945 2904875
246 504 38043044
209 637 1632063
857 411 348316741
136 749 3786428
624 621 879567930
295 625 840993966
32 995 95502
865 322 698299583
347 750 257574988
696 910 566293924
658 424 3162722
381 927 611469371
281 446 874174
15 873 345608974
136 812 517013906
345 155 2143063
365 402 649639768
461 967 1449754
458 853 2407289
899 969 521611503
806 754 2247413
661 195 942037223
971 769 316362
564 999 341320020
660 940 197493979
314 975 473679844
848 615 962463449
547 85 4080788
451 830 382041441
592 552 88241150
881 716 542137471
848 409 651782690
714 42 996437675
555 794 965780121
810 737 480715465
428 68 2864732
890 29 623104463
750 353 752918042
95 678 3014994
272 255 973366
799 758 3743424
122 211 2591303
389 334 467134080
799 813 969407322
87 221 675553566
923 359 135891629
446 907 650011043
93 797 986090557
996 899 855115444
887 503 887628423
264 310 3348459
110 593 432025620
836 762 3218795
324 676 379075450
319 816 451486234
737 64 104464
338 382 814086377
941 949 202542719
572 35 398834126
565 548 341089
670 649 2565768
7 238 832623
67 68 554722098
166 434 2621794
526 889 646806329
445 532 531923277
815 620 571566540
390 71 627578788
242 176 580376318
883 429 907121936
165 530 470092156
10 513 934850935
334 790 502533656
987 985 748729350
463 401 82406562
672 914 969323305
502 62 6699542
853 518 595932866
791 699 952398738
918 510 891048247
715 483 939963106
406 907 244152504
561 919 561066919
919 926 368714526
88 148 873714175
627 917 89116921
995 952 738357585
719 716 277284827
503 553 3024672
925 926 396238445
585 194 474844231
265 21 2394683
726 877 626751803
404 915 3457638
737 940 173365163
913 748 442163493
601 259 371818071
884 41 75056506
73 31 224981
372 238 2675509
871 967 366492717
260 81 703216173
147 969 3133342
856 575 699716865
480 967 734382218
528 569 841229201
892 829 750694998
130 155 648308337
717 329 303159857
603 377 247229701
833 543 1817295
503 379 363652984
712 351 536398178
321 346 1448402
380 136 1607603
397 234 754178269
349 855 896665044
574 409 878490571
969 153 2100159
209 643 405412541
260 918 354545395
628 317 142641958
819 656 902245090
842 764 386763609
239 565 287794312
107 137 686520030
988 882 488312655
899 10 196000
986 949 496086955
739 931 3825599
730 695 186539311
941 983 3933615
615 84 834118368
364 202 848844024
206 451 526497776
625 270 676524859
866 992 560566267
905 945 254821306
979 967 626498588
649 592 543444307
350 848 223273174
505 903 560891471
930 996 609337928
671 838 3094161
73 878 3928442
844 943 115565700
943 976 602861533
481 628 2309803
382 634 962167181
795 93 49815178
123 225 131801344
830 442 555541963
8 599 834836628
160 123 705473467
815 305 3422632
779 777 674209818
506 653 140470128
132 182 982334
716 596 680453256
786 437 150190
145 990 531423287
889 665 400294258
932 579 375034526
313 47 39887516
23 912 661254459
512 769 682728238
171 299 505553
199 9 3188128
946 993 21502727
977 949 130511777
91 525 2841158
337 371 260436967
7 100 2799441
11 750 424641
20 593 433934573
324 79 110840614
388 912 903040755
246 218 320074257
610 689 4057473
724 563 3121575
397 575 107803082
495 829 340248614
418 201 3395529
563 674 113113083
98 78 259936772
212 734 2415361
809 581 576192641
755 142 2494083
459 760 928558840
243 514 884612177
303 296 432569586
107 175 302621
16 861 1827236
488 807 662938209
76 637 932962300
905 687 299734671
760 780 977080503
591 490 618933008
664 987 208904169
189 263 857314059
245 165 2176487
894 693 1646612
715 428 324618337
800 818 649037875
526 630 493591339
306 736 109767523
359 20 570503316
348 886 171404337
447 145 771782143
652 989 1514172
883 911 210801869
948 859 2380807
812 911 475367323
986 990 781860078
489 335 1365513
500 853 978825680
998 996 672208561
164 1000 2918877
941 719 175147823
807 330 695885773
767 448 834086291
926 299 726145162
469 284 322435
364 209 118199903
605 269 317844618
896 839 116176179
800 607 1064473
835 994 853780627
66 668 749492004
252 465 748731817
459 694 81245745
995 833 576806064
159 684 3953648
144 247 728596
641 177 979408644
616 638 692248972
250 758 172602789
728 250 3957447
899 402 869679582
974 848 956605256
884 920 302642408
281 498 293232223
550 962 570093094
582 673 373977752
986 469 635264923
650 583 134681231
923 52 3736559
665 347 665508113
483 274 348496484
881 818 664802105
311 485 665531195
95 965 398784145
879 682 3536817
980 903 365322116
594 797 11168312
453 451 304048435
332 950 521654949
934 927 798887738
343 572 3620730
721 85 917877612
311 680 595639373
559 608 119626156
449 840 432384
728 815 500599980
209 537 115850
448 170 739523
307 154 753149
295 506 627668265
707 505 3128973
720 964 640790296
798 617 1135697
728 513 74132680
792 812 791455657
759 574 250594103
437 833 105284144
799 908 153474173
950 799 183831940
833 503 3999796
315 301 321886805
699 78 820369800
736 538 883622998
511 738 827721312
772 328 856790982
884 985 340638170
780 938 749205140
602 295 1345437
996 852 893505609
232 996 931209009
882 822 1702108
559 661 302740894
630 995 26086049
944 933 435082958
421 791 1232532
3 499 979937794
776 240 661093959
600 110 596812184
559 876 998386104
925 889 710513443
636 252 356116778
99 786 2231106
48 49 3812460
533 924 1887591
845 1000 5141632
989 62 760240605
815 259 502385789
912 975 394409581
68 329 710385373
786 940 650573110
594 882 1627574
733 750 181424028
205 820 782688626
590 740 580737403
310 30 873969050
800 861 220052744
472 241 909630598
235 635 403072960
1000 997 774264513
975 738 720687087
350 381 2830210
574 943 181162484
508 308 151186936
327 985 557802
118 938 722274360
897 923 792225577
986 1000 673590122
989 593 589422
898 148 155884771
131 719 250283
94 883 2011410
610 957 859250433
317 860 453134125
287 338 3942604
276 37 156002967
571 582 205912553
830 337 998646363
192 406 467331
309 985 252040720
785 572 291434825
954 956 947636860
182 888 808315041
653 875 979440749
942 937 429793326
849 635 2974103
412 966 574610265
851 833 180265557
912 632 237399360
612 916 701672802
317 49 376620458
965 971 270510719
740 58 797230
53 782 1775756
400 277 583716258
517 109 5993396
591 241 932796
36 609 179707472
316 924 15105980
868 911 209428849
824 865 396408071
488 606 688144069
618 395 261674491
919 996 618651203
54 650 558775164
973 943 127755981
355 167 714127256
835 652 2302826
324 41 349088564
767 780 472234540
971 991 778014016
326 222 44203523
96 69 193705831
698 656 627316789
259 384 749090551
885 862 824993126
247 964 1714123
418 827 610209173
521 90 619746
520 726 595363228
695 40 702090396
883 711 768197379
472 246 446410462
26 981 750457937
991 969 794358744
39 804 956074931
907 868 3170646
546 639 880957420
644 63 501006
695 351 245533348
57 669 976443873
781 974 318041748
906 235 230354520
328 305 275787772
913 499 598083739
412 816 189909166
432 430 169159438
49 130 711776102
613 97 191400094
817 306 1856563
687 45 256503974
158 117 999754871
565 983 301100
263 43 640730873
308 328 1052199
547 230 810190285
557 234 3943186
943 916 141660070
587 165 657551373
253 11 810913853
766 915 567367166
868 209 412539779
918 923 790472278
703 774 432085447
19 30 592747223
370 397 848236792
269 43 1756430
50 716 448360525
163 960 973281455
135 622 268243431
266 647 357333335
99 767 777555746
387 651 2302323
854 539 983850930
858 766 770013343
848 59 670653
598 914 645768600
664 941 129868
787 759 671914084
351 882 673345968
761 479 306571
404 455 2848878
986 848 818806602
276 403 857782111
903 928 622161047
308 336 2749002
521 411 3351523
778 903 378551520
416 331 3007226
968 963 76737545
795 648 268183960
527 370 135494
362 567 965228195
318 853 519936701
148 792 768151
430 528 469715116
959 956 417852854
791 757 420995687
590 146 99973436
891 641 598377185
936 777 835938090
990 893 541004668
730 405 413207433
212 359 897545157
414 61 404815
372 254 1846488
779 851 934285524
990 963 714479119
600 644 635057253
934 952 522165451
109 792 353508519
347 287 3618691
75 385 175103658
67 530 547099219
707 73 301460801
187 525 263754961
877 222 2270534
404 931 1313868
121 242 200152832
594 626 42054795
248 683 2543210
943 894 409433300
400 528 352280104
953 869 202100254
182 743 787549257
625 651 433642617
390 794 944980958
128 562 2466672
970 856 401086033
184 35 1263532
391 155 290963
107 609 1262829
527 782 3327737
526 118 424514127
182 426 932622872
851 605 82491560
226 397 978575130
353 246 444917360
498 985 487873464
76 483 457314250
534 295 2497780
206 52 141782966
238 699 850122756
860 884 190325443
110 322 242213
553 340 634348839
52 432 1134969
987 977 937116467
422 743 123245053
742 775 587858046
258 145 1461439
883 30 830811334
283 118 275335353
490 776 561255471
967 491 870778909
461 656 791983527
556 580 1449123
344 579 2131996
458 532 105717202
39 850 2371179
416 551 1965706
492 926 969120437
98 746 577488
235 446 86585549
883 658 510502419
887 437 776975000
11 518 465326858
71 518 1886934
506 932 351481934
915 973 992361544
47 840 179565747
524 145 94174061
943 489 460638684
695 845 319408922
457 684 207556056
753 919 644662217
334 403 152634450
58 671 150083769
710 580 3856538
966 526 876926
829 868 757756202
383 627 207674019
678 788 652928264
679 921 253194091
42 63 802994228
836 654 892799726
616 376 917671303
224 717 263351022
832 583 708852776
711 980 527605278
767 557 872595328
499 609 756624995
217 365 2431882
595 587 2272327
258 440 488692144
936 723 366817173
357 675 378513850
604 560 593885098
980 275 2938191
882 41 1589521
953 821 267597326
438 270 251581601
652 395 197638539
900 982 255798062
758 793 387923246
84 786 794258345
735 440 296636533
311 794 563042903
946 870 89067423
385 226 473194367
441 556 982853377
669 125 282754725
179 559 69762
858 767 493262213
313 274 384408
932 199 915232330
489 423 386563558
1000 989 610412547
169 623 60742235
992 998 812684483
501 912 3380555
810 12 191388528
765 403 1729433
1000 728 138490754
963 642 796106943
6 832 85596248
930 956 685395818
552 841 763912505
908 864 954481046
729 279 3060509
557 294 449366
127 351 386128910
704 522 929959737
15 456 56810298
163 878 122837536
510 170 267003699
852 942 532763229
17 311 3084442
518 67 3209821
832 126 995624111
263 809 555959372
757 884 313295
872 976 952575043
541 443 3625753
503 884 4033273
422 734 470308657
826 909 1252409
499 636 3376851
366 554 3192876
989 360 67288621
755 766 291899405
701 698 985443824
986 113 255595982
357 282 1207698
82 941 1434344
808 542 452027832
629 47 3175745
502 56 21450923
594 181 625966
728 795 600431525
174 326 156560831
870 513 542594672
424 711 205010944
209 336 383952691
35 978 920608660
819 759 419384729
976 158 671643208
64 795 4046954
377 303 592818575
856 265 564226629
25 235 1261831
204 644 49205698
447 643 213760834
628 953 667443
413 4 3617625
998 286 301782716
224 516 244505106
944 983 414284890
798 159 118772595
217 611 466299879
602 992 3322597
965 954 57042936
839 820 205308974
349 606 1571418
345 722 636231687
934 891 496457022
406 498 357859
382 522 357223085
661 467 189450337
679 299 700647369
440 771 807799951
32 565 152826610
863 319 1206749
693 206 897369570
217 855 2122552
772 602 696687742
543 238 264236250
932 540 550483465
661 201 3697444
632 665 878384590
2 33 1011461
343 787 365736063
376 456 989519844
809 298 914294113
1000 480 568796605
461 781 1125355
416 959 898212181
363 780 160036179
869 690 905381737
865 974 520893632
518 63 1018691
894 977 386873346
998 737 975260496
655 634 383196283
843 844 247132252
963 934 475535936
639 470 454411874
227 446 3921276
425 719 116971
981 896 666401453
955 358 359346
912 627 554289599
658 446 711436
609 833 955001316
761 766 844383268
976 985 138402073
767 675 979613508
230 487 293316025
939 784 733462607
677 15 3343365
829 186 1688830
483 450 3329834
482 539 165211587
943 434 492034037
390 711 3309617
197 774 368366443
237 305 646657063
481 405 950652283
979 809 574072188
916 742 819031
832 85 499487862
476 401 3400059
855 985 625277789
963 989 580425148
892 677 281599806
138 783 1286449
586 496 3284102
397 777 683693129
309 621 2667035
821 744 958444915
759 887 514365602
362 322 329051232
954 546 212094298
379 839 802673529
992 459 910644148
861 808 603659101
153 65 526187145
869 779 2519341
721 318 960980755
94 385 125726103
18 720 3530369
240 954 3928599
886 569 360582734
732 792 69404382
958 1000 809170456
962 611 659177007
843 708 319976067
690 746 233848628
377 765 273104367
879 806 889445324
843 958 741128213
735 635 402191819
213 198 682620505
922 562 831769505
682 863 431586567
709 817 307405558
531 719 272887977
975 929 282489900
475 537 173264628
488 468 254767449
731 604 175852224
486 703 3482523
1000 980 949090031
263 180 824282158
725 938 43614365
202 609 3475615
576 827 414668000
578 791 19875423
663 234 630335208
242 417 370576939
882 327 524729078
36 926 2760421
758 983 566447895
17 448 213538301
961 996 312296058
90 768 529011772
968 902 794383586
987 897 761383147
45 354 870341902
253 810 191562068
887 415 928104344
346 962 995767869
3 353 989189751
399 248 421179396
193 793 323858697
628 805 2006149
585 8 30771570
567 570 241972975
428 525 2444175
647 623 848827402
89 458 3229012
637 649 697142971
2 236 2775411
557 484 3975087
712 619 457214437
196 993 2251945
932 968 29627541
164 571 941365645
815 960 859205260
757 339 929656623
512 862 26395956
574 597 3030592
709 622 827085
920 798 795258968
422 10 4057226
670 629 45739340
62 885 3719147
61 793 168178908
696 862 890108101
355 435 4040377
405 193 483921360
267 907 166822342
762 897 406513583
874 826 48360304
741 743 357296403
977 703 267063804
799 354 65493103
581 415 342970111
514 567 1686239
680 410 304007902
899 444 48813079
612 624 620091
619 735 58242524
977 904 363805589
746 748 1459579
682 798 521709725
467 872 2003180
182 925 340091699
146 786 8421456
336 360 1727904
868 906 796958415
706 591 639475029
524 81 2042999
452 899 490848291
975 224 346634262
540 845 259682169
771 972 560325521
782 424 215165693
863 889 133928042
767 279 966281463
215 318 3429604
688 854 2417499
203 821 484643487
724 60 273479520
545 544 385875099
975 650 619690598
133 814 653833667
302 351 2150772
443 856 306848896
556 575 755732449
802 365 972538600
409 793 176230353
236 733 693251094
922 693 485823607
907 715 99662813
386 268 25122582
965 914 422920060
710 467 337989192
900 337 990583207
13 133 1118636
990 71 217547559
924 926 265097055
577 517 607977435
823 133 3108962
510 760 607007726
965 801 642233739
43 146 3713098
361 623 388370229
857 927 295147486
873 861 471714574
531 333 764970206
366 985 604404816
849 714 2301594
855 815 3261786
881 487 55915979
