1000 5000 0
961 942 200040437
972 645 343637356
573 231 941362711
304 225 158678007
665 304 812256188
586 797 943450472
407 759 954917249
197 375 688630665
223 618 235260484
739 775 811994234
677 533 843371424
264 151 722114681
13 266 954917249
120 361 420238402
216 106 48396967
360 425 661938288
911 656 710958078
175 366 336822613
324 133 47465279
400 331 252921497
853 428 91317518
591 986 994150876
198 378 91929428
671 68 796070162
154 914 869756798
321 169 45322772
539 709 978553827
337 963 964745139
544 504 652656277
470 10 477010392
932 391 28424661
386 830 697759423
919 115 292390760
747 76 504765841
879 579 522200508
649 15 808517836
799 774 477883713
891 610 272331587
504 461 459832711
662 316 544259819
980 952 427236493
13 548 660380138
159 882 715739380
457 895 154790449
168 943 400733417
158 537 229063350
337 514 64364388
334 789 167118507
81 311 615078508
142 875 590315811
596 705 131642589
337 785 544259819
576 420 894391036
621 5 363847853
468 783 425081432
543 166 382678701
983 61 761666838
264 391 954917249
115 302 938366657
490 930 229063350
154 143 600209080
159 647 427236493
475 840 10748418
292 982 981750963
559 972 191065569
965 643 50499500
154 509 50499500
313 912 680937808
574 122 569389095
268 622 690026621
454 118 851699796
387 342 544032344
838 490 183718901
191 177 310913858
922 696 768080508
767 524 635299532
85 960 552666931
809 486 843371424
774 87 237517670
385 117 879439705
667 25 857070710
594 372 809984673
268 934 324171241
716 819 330434556
777 893 382678701
924 954 935303058
504 623 172225352
157 32 544259819
841 169 433687981
165 496 994150876
362 918 160970427
701 704 21638931
222 522 817767205
72 291 913343526
741 772 92884147
601 916 763047401
846 10 605705503
830 112 101857745
816 419 497063865
563 808 327992272
515 456 97550125
943 790 531129700
169 305 390998201
522 497 929078982
883 558 610913004
110 962 604822019
989 411 987480191
326 707 994622027
478 636 953175821
76 351 925379879
579 395 324171241
862 306 271101164
470 898 711940683
194 794 648138420
468 340 886365134
245 280 388359041
490 503 623174641
693 230 47465279
344 458 792555646
756 79 183718901
616 507 450720613
241 248 253559129
1 383 410454646
447 547 31539800
8 202 459832711
70 619 664879415
765 113 504765841
592 870 619091144
986 839 300199824
67 346 761939730
568 561 132315298
858 112 15959962
317 84 711711485
901 130 962109100
204 139 290785273
987 155 786310148
658 571 709817974
979 350 761666838
843 976 970440889
121 56 907123618
646 813 761666838
797 590 173032910
21 874 21040834
830 687 912346082
952 583 948317197
991 975 948317197
694 120 21638931
78 695 173032910
122 307 166390391
550 970 360740872
409 826 818760393
882 399 198219377
941 716 432751730
542 564 67491156
844 894 560399519
297 18 433687981
345 995 624900676
13 775 44737911
307 453 408887166
520 48 737151078
769 427 16109493
557 203 154790449
943 768 4618997
495 578 6071826
994 225 119988127
668 733 913343526
69 943 381349679
226 235 593174193
542 549 991097224
751 425 954917249
956 670 710958078
371 158 948317197
145 533 818760393
179 377 520523005
149 153 409781910
988 931 619348413
156 895 994326350
737 306 697118840
583 634 991336213
759 986 913343526
331 344 912346082
449 533 871514676
6 106 409781910
570 721 709817974
267 273 295632551
384 791 737151078
925 828 681733253
119 365 569389095
510 171 37937896
565 832 613297431
131 779 929078982
881 463 624900676
387 768 912346082
939 853 85180284
781 784 21040834
820 243 808517836
166 82 322147422
777 763 710958078
149 756 389733314
942 817 381808978
521 2 994150876
445 836 522200508
857 210 763047401
529 868 235260484
262 653 737151078
167 164 894177909
477 304 485984673
52 936 32812058
799 985 248927450
768 53 962109100
457 715 310913858
220 357 708100298
193 302 48396967
600 381 449346050
221 73 410454646
638 113 323860421
383 64 97550125
366 485 111288926
586 725 473646631
693 777 159132516
789 584 117567259
957 289 894391036
363 802 391039596
879 442 343637356
447 1000 389733314
329 379 872847327
793 269 705464964
935 942 941357912
533 363 154790449
606 829 390998201
500 398 755007957
448 639 637721793
576 332 966531114
498 569 893415300
682 88 511900438
394 610 132315298
552 959 604822019
433 266 579121072
701 140 941357912
178 961 92884147
367 650 697118840
104 102 912207390
450 154 813060766
759 858 750172070
453 610 173032910
542 837 656740102
588 852 879654457
697 993 929078982
811 221 363847853
202 261 907123618
754 718 44737911
21 52 290785273
236 635 381349679
633 46 969149317
650 850 710958078
609 629 30468942
300 25 768080508
124 813 748279235
171 675 407486082
572 525 627185224
833 544 76043622
786 797 191065569
138 805 68433064
920 905 295632551
283 824 487252637
365 183 233855496
95 703 515409829
815 989 928024873
847 906 664879415
636 63 166390391
620 563 978553827
137 256 873761965
928 675 177457461
679 770 243742690
707 859 615078508
244 811 291707629
508 793 715739380
37 666 232692128
315 308 348245056
121 415 912346082
599 370 907123618
698 284 361186911
462 196 477010392
915 172 17841383
142 549 97897606
744 83 31503807
74 216 691377370
884 136 444461555
199 85 912346082
164 504 940655977
322 185 64364388
479 146 149766713
795 84 245229777
493 110 209614303
423 962 755007957
730 616 408887166
222 900 994326350
361 685 561596164
940 847 290785273
207 626 604822019
82 842 743678406
174 46 248927450
966 577 409781910
409 159 837484065
992 386 446166965
896 481 273323037
115 921 117567259
529 974 211836859
143 368 954917249
450 738 761939730
445 701 310913858
57 106 154790449
54 354 861393925
277 890 515409829
432 484 595747527
355 266 40109482
868 344 622270384
163 234 915601554
317 23 968291756
595 91 612511578
390 676 97897606
931 859 982663673
135 303 271304382
29 295 64364388
95 675 292390760
8 604 149766713
256 557 557585861
991 847 346498133
189 741 246557895
375 26 730320689
44 766 4367493
462 910 16404693
919 429 569389095
649 835 497063865
444 124 310913858
865 639 757663176
12 997 272331587
910 922 780841179
812 898 427236493
777 872 389733314
490 655 619348413
821 554 962109100
99 70 995111606
91 903 409882513
527 462 155770160
96 849 78481277
35 809 752835741
942 460 894391036
396 89 410454646
763 726 631858324
417 675 530500530
40 121 742534214
228 437 242620996
866 112 364867505
276 205 886365134
831 426 798257564
687 161 158678007
787 110 404161340
99 155 227950845
964 363 56135189
376 567 838668305
466 185 144245230
843 632 6071826
305 227 113102118
95 414 16109493
523 519 710958078
710 272 446166965
713 243 425081432
604 978 465976578
621 742 91317518
365 854 290785273
64 398 4618997
861 380 755007957
973 800 404161340
206 643 456958615
330 614 226953989
289 586 361186911
406 768 254108326
21 825 71595323
467 871 935303058
386 222 411124068
37 384 166390391
514 258 4367493
631 282 425081432
528 325 211744651
343 258 869756798
561 794 530500530
963 807 166390391
938 477 597114527
797 476 928880647
357 134 141028645
914 354 16404693
730 289 177457461
212 141 943743528
817 380 929078982
729 484 530541140
873 868 612511578
393 30 446166965
77 892 686973187
578 417 731295657
330 572 21366333
197 642 793420668
434 134 925379879
904 922 272796744
291 892 327992272
623 282 322147422
32 93 522200508
392 891 861393925
793 818 410454646
94 919 459832711
480 768 851052073
854 511 303062517
829 101 523284260
232 342 542659731
358 969 273323037
153 85 613297431
456 760 183718901
186 980 610913004
689 684 792555646
919 742 680643802
82 252 536996976
743 804 232227233
699 477 861393925
722 847 642146375
882 789 32812058
148 320 842345137
125 800 158678007
215 785 135621672
670 684 873761965
601 738 596224447
99 91 995816674
366 238 44737911
605 188 440923282
438 880 423674434
664 266 978553827
470 422 786310148
73 727 62488588
834 134 691377370
126 714 135621672
761 111 760008440
487 853 363847853
937 953 243742690
467 870 544032344
513 291 50499500
560 265 970440889
103 460 656740102
892 10 928880647
957 182 627185224
310 528 787517844
331 367 271304382
293 668 644742591
562 179 245229777
648 901 330434556
207 145 336822613
559 905 619091144
831 197 153775311
477 648 71595323
855 485 97550125
853 493 145368140
448 209 994622027
152 901 482678431
889 624 193317104
877 381 30468942
962 643 30468942
666 576 76043622
495 374 50499500
598 509 146902400
123 967 710958078
956 446 695527403
922 174 857070710
836 706 560399519
19 253 456958615
911 491 963990345
710 967 493745072
328 867 635299532
559 882 346498133
862 471 796070162
430 508 705844671
229 294 246557895
656 759 625981137
506 411 925379879
34 212 237517670
440 321 31197279
869 962 619091144
885 405 936182239
909 433 266195489
295 55 252921497
7 991 752835741
541 781 109576889
415 451 780520031
747 593 794683610
751 41 397516225
249 750 144245230
788 562 508523885
104 692 680643802
818 592 761939730
776 872 67491156
265 2 132315298
33 698 707679907
92 363 995816674
886 688 978656506
971 333 432751730
734 978 302237853
999 575 755835276
292 643 28424661
330 881 117567259
126 290 487252637
536 38 780841179
264 971 135621672
375 254 248927450
131 649 79224139
132 205 431316608
697 111 964745139
374 880 659614069
250 365 752246407
824 159 912346082
64 169 193317104
224 859 995816674
223 933 615078508
291 84 636200008
739 653 709817974
762 378 381808978
748 944 455816353
612 185 85180284
121 128 288494452
967 711 943450472
84 148 117567259
809 78 969149317
977 504 928880647
624 516 419287074
842 658 999471568
980 846 253559129
63 751 763047401
501 3 953175821
723 720 813060766
100 237 154790449
708 1 531129700
677 981 750172070
916 138 872847327
401 540 4367493
247 955 48396967
661 700 748279235
295 474 211836859
214 308 858306077
70 868 400733417
752 239 390998201
131 408 769099872
137 455 198219377
94 724 155770160
143 947 249387261
208 124 273323037
844 435 522409299
465 519 994622027
242 271 711711485
342 116 561596164
702 681 752246407
574 752 994622027
580 576 45864049
668 295 550433541
11 621 310913858
34 102 89335134
555 360 511900438
135 608 449346050
444 70 185737425
82 169 364867505
683 469 941362711
461 88 936466853
782 601 364867505
526 416 982663673
730 369 336822613
506 274 433687981
628 650 300250456
961 973 443885017
71 533 272331587
127 286 10748418
654 895 226953989
182 673 813060766
213 922 211744651
397 711 879654457
150 855 154727293
2 817 796070162
28 73 443138577
959 209 166390391
490 808 531129700
713 147 248927450
107 929 597114527
551 363 166390391
666 352 272796744
501 1000 228590198
316 790 514524197
48 519 622270384
699 849 838668305
421 904 644742591
585 878 159132516
42 997 361796172
115 608 222909549
638 192 449346050
354 883 444461555
203 107 47465279
210 866 493745072
31 834 508523885
74 276 595747527
530 557 978656506
111 604 752246407
546 345 552666931
864 799 968291756
869 878 354729459
964 558 681733253
427 440 631858324
887 301 612511578
992 4 872847327
564 956 64909509
195 659 159132516
776 200 752835741
443 859 45322772
937 173 285957933
472 368 731295657
286 161 37937896
468 976 981750963
298 761 677159060
229 524 273323037
995 382 131642589
50 990 508523885
356 162 611940084
535 107 327992272
999 254 605705503
710 566 233618376
598 984 336846947
47 970 64909509
104 598 730320689
830 757 68433064
161 38 224273844
393 776 300250456
774 110 177457461
158 563 544259819
124 731 809984673
807 340 544259819
719 18 235260484
23 51 400733417
436 304 114215527
748 364 340584092
831 911 285957933
550 243 29052351
418 348 149766713
287 859 611940084
613 399 4618997
614 528 389733314
344 118 886365134
567 157 715739380
940 602 381349679
934 573 943743528
738 669 209614303
814 689 978656506
581 945 21638931
709 91 900051963
154 698 411124068
624 299 388359041
212 482 637721793
867 800 188842918
813 499 762201949
301 860 801551938
545 666 23517449
946 541 599606711
234 360 611940084
597 1000 113642467
419 27 16109493
190 452 458410214
985 62 459832711
86 620 62230863
206 75 465976578
737 885 248927450
569 23 16404693
887 638 755007957
758 618 761666838
798 711 477010392
72 378 938366657
184 767 722114681
435 190 748113626
403 172 638019554
959 678 790831372
653 746 661938288
681 631 681733253
106 859 928024873
441 756 64364388
70 810 159132516
219 888 935207198
58 69 290785273
810 381 15854977
353 742 56135189
66 836 899705087
315 467 551814807
212 641 774039682
465 264 794683610
98 463 925015885
538 832 969149317
395 578 929078982
660 860 697118840
938 844 381808978
806 16 990644334
323 931 427236493
107 778 561866646
882 941 523284260
544 637 183718901
148 187 456958615
440 45 391039596
481 919 300199824
541 275 114215527
555 324 209614303
935 489 55794566
314 99 199800549
329 850 755835276
43 935 561866646
764 378 472472210
17 68 485984673
408 712 381808978
284 988 337413922
531 447 10748418
483 217 945493619
126 922 113102118
819 917 680643802
359 331 17841383
49 666 995816674
529 144 821466310
734 24 146902400
923 641 237517670
255 761 353308196
949 813 411856644
986 902 984462417
153 657 292390760
699 688 211744651
958 643 523284260
876 549 23517449
494 307 435366125
690 370 817767205
556 778 796301977
758 425 748279235
39 413 590315811
907 972 710958078
249 989 136617003
699 615 871514676
439 300 964784995
724 596 152772300
435 700 235260484
211 637 227950845
37 118 794683610
136 417 113102118
507 97 423674434
519 887 604822019
970 170 638019554
450 59 411124068
809 739 397516225
803 388 889737800
878 752 707679907
249 753 690031218
817 459 627185224
383 201 353308196
470 412 228445549
431 692 859740659
17 139 229063350
811 599 968291756
870 372 37937896
959 424 50499500
968 327 332910200
505 37 310913858
936 484 871514676
357 39 970440889
711 512 793420668
648 371 561596164
492 793 843903047
913 643 4367493
277 66 336846947
439 246 556646440
999 927 813060766
328 584 657258858
264 295 400733417
339 38 443885017
473 815 774039682
945 352 941362711
951 78 700358908
70 717 323860421
240 476 987480191
95 260 58174325
822 221 879654457
609 121 686973187
36 978 472472210
651 199 291707629
390 875 730320689
563 351 21638931
9 756 612983590
151 760 23517449
956 285 76423315
475 736 971598536
966 339 348245056
629 109 858306077
897 92 242620996
218 248 446166965
228 297 627185224
354 607 786310148
701 273 838668305
732 935 965431685
96 176 271304382
517 861 763047401
192 610 228445549
73 895 530500530
247 680 409882513
874 645 523284260
653 312 381832712
313 387 508523885
68 815 336934758
803 275 664879415
888 177 894391036
899 847 15959962
744 704 964784995
259 113 300199824
905 827 15854977
210 485 686973187
264 280 879654457
146 756 28424661
86 856 551814807
110 570 232227233
512 177 85180284
12 852 40109482
375 13 817767205
212 356 254108326
503 341 544259819
986 240 894177909
39 493 154790449
14 164 391039596
553 214 288494452
36 151 860943315
823 365 858306077
367 236 199800549
270 957 982663673
468 298 420790786
604 534 271101164
67 535 616018354
277 180 981750963
706 396 254108326
801 8 89335134
462 65 894391036
469 185 686123021
350 88 637721793
661 263 500824652
708 723 544032344
778 143 111288926
91 792 579121072
488 68 149348152
832 798 363847853
408 28 588676209
983 749 485984673
452 338 611940084
852 911 29052351
794 863 966531114
599 173 252921497
698 959 371274306
38 772 837484065
637 652 569389095
558 980 761666838
533 32 144245230
486 925 91929428
462 784 232692128
493 195 612983590
862 956 11444258
87 418 928880647
447 556 459832711
170 336 44737911
892 473 45322772
997 60 963990345
840 892 92285550
233 640 978553827
160 751 360740872
179 777 842345137
608 464 473646631
612 519 62488588
347 781 4690957
33 926 281223600
669 749 431316608
770 382 409781910
521 911 928024873
630 429 705464964
621 25 970416030
149 617 23517449
114 494 590315811
576 526 569389095
483 740 97897606
252 518 21638931
957 627 540085834
257 519 659614069
569 373 81435566
37 279 964784995
288 601 233855496
917 247 62488588
827 624 92473388
248 767 894177909
102 869 848333835
789 311 954917249
102 582 893415300
585 943 755007957
404 287 400733417
568 718 768080508
826 821 140886431
635 777 593174193
891 996 141028645
672 643 271101164
403 735 444461555
817 998 629837396
643 603 794683610
233 891 736463143
387 649 604822019
456 467 105702237
693 105 455816353
42 847 966531114
228 663 953175821
42 250 303062517
948 71 236130573
632 176 29052351
107 402 285957933
572 121 409781910
60 990 743678406
823 237 30468942
251 978 849576914
554 686 999471568
563 845 970440889
745 664 173032910
876 161 310913858
309 401 688630665
887 606 999471568
954 279 990644334
129 811 440923282
764 296 228445549
319 95 303062517
744 796 808517836
165 625 530500530
998 117 242620996
316 589 596224447
257 967 456958615
315 349 995111606
389 90 193317104
928 969 360740872
271 587 941357912
399 352 970416030
85 654 737151078
181 486 982663673
803 758 522200508
151 625 710958078
775 863 15854977
188 229 33794237
784 257 511900438
621 743 948317197
908 637 994622027
80 410 81435566
773 454 227950845
108 670 940655977
310 19 6071826
806 145 561866646
892 842 449346050
361 577 493745072
830 463 719047052
509 389 994150876
235 820 432751730
674 450 912346082
521 327 656740102
869 644 631858324
419 844 816432304
80 993 45864049
741 631 632514673
540 435 45864049
771 336 623174641
1 281 930106403
18 120 28424661
686 20 443138577
115 865 818760393
748 604 249387261
755 961 332910200
273 400 381808978
802 794 31197279
611 720 409882513
937 22 991336213
824 335 4690957
318 514 943743528
247 605 211836859
41 691 410454646
777 532 243742690
728 312 50499500
950 885 711940683
483 185 743678406
972 780 477883713
848 239 322147422
278 924 456958615
4 735 149348152
271 986 4690957
382 186 812256188
762 243 600209080
502 98 159132516
171 777 595747527
44 704 348245056
185 362 117567259
147 851 599606711
706 268 410172090
871 598 999854276
712 497 999497210
914 391 999968493
109 294 925015885
916 796 999618803
731 996 999714966
634 106 999993638
508 647 999963266
833 228 999682452
173 851 999982904
898 394 999736334
958 819 627185224
599 505 999488471
934 358 999822664
675 724 999993660
150 174 400733417
198 338 907123618
721 786 999951199
922 324 999792206
475 794 999494198
528 640 302237853
697 615 271304382
776 397 842345137
375 621 288494452
931 995 281223600
146 826 999822851
136 248 999501600
363 4 632514673
557 783 999750547
837 680 796070162
736 358 508523885
216 61 862660039
913 764 999480539
922 993 254108326
570 177 999932373
845 814 999978714
665 845 295632551
169 86 999655848
504 389 894391036
367 692 999756855
391 464 999605272
592 838 743678406
759 123 597114527
941 335 64909509
922 838 117567259
673 985 999741427
138 937 999737394
912 503 999689730
777 636 999567475
552 798 999557839
205 515 999593097
580 432 999827650
846 698 999635746
735 728 999638297
646 566 999750894
99 299 999620831
190 250 31539800
314 461 20304193
662 967 159132516
703 639 999524153
947 978 228590198
180 715 999680785
996 998 736463143
929 202 999739070
206 127 999834969
636 875 999540875
599 918 861393925
724 885 999639038
801 285 999721394
137 847 648138420
875 951 999769371
895 419 999729125
599 844 691377370
255 1000 999994848
950 990 999487996
790 507 999847640
181 805 52865008
1000 997 450720613
971 438 999740816
875 221 999979253
81 440 999694411
817 869 999704436
632 517 323860421
963 927 999877274
497 883 999538992
850 346 999995765
433 511 999926862
208 80 101857745
951 644 999474785
265 365 999597308
658 654 530500530
791 843 907123618
684 671 999897703
702 520 999814499
633 532 999548124
196 627 999477514
212 614 999729019
63 366 999915553
901 877 425081432
510 42 999662456
235 607 999496405
683 533 965431685
549 366 999840221
877 742 990644334
412 801 879654457
939 813 999814064
806 985 111288926
884 223 390998201
382 988 177569537
456 497 999830974
964 937 708100298
630 717 999531506
275 678 816432304
701 950 21366333
587 319 780520031
698 734 999941242
502 787 999960723
158 682 337442342
56 611 597114527
225 615 999580132
2 413 249387261
331 634 999588066
802 706 145368140
912 763 999719210
286 599 999852838
933 836 938366657
209 154 999774801
447 23 999735980
232 238 999904586
844 973 999519141
397 236 999816902
790 48 999928137
144 579 999825878
797 985 340584092
993 972 390998201
814 931 292390760
606 608 21040834
917 945 588676209
842 873 6071826
766 805 999732680
684 95 64526226
78 365 999820207
719 775 999766693
837 928 999708861
254 460 446166965
984 868 999541964
997 596 999859327
638 438 999941325
528 456 493745072
552 867 999880304
38 484 705844671
916 635 761666838
348 559 300199824
719 64 999958443
970 236 761939730
470 769 207001340
667 675 999903734
209 951 999861133
661 977 923439322
81 541 999924606
955 73 999558055
818 891 999758517
989 415 459832711
267 941 999756486
615 463 999767720
516 333 860943315
333 346 722114681
923 435 999546391
873 897 999541913
997 933 999758231
944 880 999991623
878 361 381349679
562 467 285957933
295 572 999739315
716 627 143294405
496 85 999999050
640 927 290785273
726 459 388359041
87 534 999885147
934 381 999746221
402 369 999951462
847 893 143294405
261 522 787517844
566 924 300199824
904 824 999591101
620 192 114215527
566 127 999750161
44 235 969149317
946 900 999702640
611 578 999701263
201 604 994150876
92 761 936182239
252 524 938366657
256 686 15854977
194 562 999733657
589 656 999798761
521 471 879654457
932 944 999705939
272 138 92473388
305 43 605705503
867 675 76043622
487 200 443885017
59 451 445028885
637 777 999749465
331 214 816432304
969 898 999876936
806 820 18825734
646 775 737151078
996 978 999695522
301 507 999727589
982 987 747912778
910 807 235260484
917 833 999972492
496 105 67491156
159 987 58174325
955 997 92884147
193 446 999834710
778 979 999702872
817 774 999947788
991 880 999976752
963 986 53313014
776 254 17841383
521 158 999652619
258 480 152772300
639 607 821466310
836 752 409882513
80 650 999739893
556 802 999926331
956 942 999642893
826 837 805675596
616 886 873761965
465 729 999858254
626 214 999726463
659 723 999781511
518 715 10748418
593 498 999670691
313 747 995111606
988 624 999876834
879 847 999672812
683 784 245229777
896 667 89335134
720 979 389733314
519 620 999814676
457 211 999665248
371 281 999981444
451 682 999604933
769 858 999622816
821 542 388359041
742 907 999796252
297 23 686973187
719 707 999656536
875 735 925015885
218 753 999827093
86 653 999478017
537 782 420790786
5 110 999740085
948 779 999538459
875 959 999564617
767 702 999698928
190 364 999494091
407 665 999688617
189 473 999888096
684 653 596224447
29 540 999799528
115 696 999892136
413 423 78481277
739 980 531129700
662 724 999961559
859 990 748279235
516 211 999933303
830 362 923439322
56 669 736463143
548 254 999904150
944 838 999855442
609 403 605705503
994 1000 642146375
921 831 999631590
898 423 999574268
672 951 894177909
757 861 900051963
126 420 999875581
851 718 153775311
524 662 999796965
526 112 999505657
340 349 91317518
856 322 999766861
986 921 999872711
374 644 245229777
567 741 999874498
701 224 999820124
176 465 999767572
88 360 999833286
659 779 821466310
120 874 100711874
990 994 999532792
789 788 999805544
450 929 999581246
432 923 750172070
504 803 999860361
829 808 872847327
999 988 999473991
638 148 999961621
93 329 999692550
14 902 680937808
868 585 708100298
520 839 999595491
313 717 999721519
991 983 642146375
674 700 995816674
393 128 999749922
556 230 768080508
829 870 999844877
602 408 999957122
720 242 638019554
960 676 999853529
910 884 358159608
192 735 774039682
23 604 999718097
985 847 999642915
929 591 869756798
971 658 999739680
829 783 999644647
995 957 848333835
996 656 999572663
971 569 196907494
589 968 999626631
345 764 146307016
320 512 999641843
429 257 560399519
937 899 697118840
610 214 999720287
414 901 999596949
301 2 999509520
301 668 999658210
289 313 794683610
53 774 963990345
979 949 999615452
970 993 999710597
753 654 999636794
448 842 999654369
553 703 999516807
616 566 253559129
970 687 941362711
774 613 999605300
188 727 999986069
434 877 999639806
577 687 999485146
267 730 999975195
177 200 999626591
147 783 999854128
312 978 248927450
409 386 274260599
584 632 999689000
500 166 923439322
753 679 113102118
684 405 711940683
866 366 790831372
935 957 999842622
873 866 938366657
905 918 999523553
525 699 999525206
351 21 999755476
343 472 999902615
564 494 324830724
407 451 999821400
535 988 999912477
409 545 999484958
822 988 999661141
48 898 999946679
958 942 434950462
904 792 999909014
750 908 310913858
105 902 796301977
454 423 999937888
288 360 932467843
896 628 999612497
737 901 999517186
710 718 999746939
916 801 999552763
799 966 243742690
829 329 991336213
903 711 999573793
939 261 999604216
915 883 999902938
433 630 999956494
435 939 999941572
330 404 330434556
880 250 235260484
659 470 999933409
530 597 999699527
412 838 999670043
839 593 999720882
708 516 999734318
554 864 999478818
907 906 936466853
144 336 168629592
304 97 999683457
953 184 999685479
981 815 999547358
664 935 446166965
722 687 999608819
905 657 324830724
891 967 871514676
862 370 409882513
969 966 232227233
526 357 899705087
929 915 999553219
713 513 999678771
276 976 790831372
659 943 76043622
983 997 999844292
862 957 999986990
869 881 838668305
988 957 938366657
682 814 999793901
836 659 999643892
585 440 511900438
352 720 999728363
751 176 999839371
880 960 711940683
672 307 999737993
625 227 999635566
351 350 821466310
589 383 999880805
412 599 780520031
319 985 999471966
580 370 659614069
954 826 999919993
159 596 999939020
551 422 999797722
572 97 935207198
714 42 136617003
596 490 821466310
941 145 999688974
595 961 50499500
495 130 109576889
21 636 999725253
149 728 243742690
196 311 999810162
338 179 411124068
304 697 999623327
925 233 999770021
954 947 999933137
258 387 361186911
275 47 999621858
489 776 999536211
714 875 520523005
581 988 999814091
835 843 64364388
12 228 793420668
962 759 999838465
818 449 999617726
595 813 323860421
87 649 913343526
935 916 638449303
34 751 999762059
59 670 236130573
808 645 233618376
747 436 999872217
924 811 999673865
878 815 999639289
486 913 551814807
567 103 391039596
994 931 999813920
512 37 233855496
863 910 999884967
866 740 999587113
438 939 999717861
996 876 999641090
399 552 999849744
816 907 173032910
609 221 938366657
877 713 872847327
947 833 722114681
929 935 945493619
927 855 999941071
901 829 999942135
662 484 50499500
633 344 999807948
918 694 999566313
454 662 557585861
977 819 999541463
919 486 504765841
636 788 64526226
584 991 354729459
451 879 493745072
969 200 999892985
473 273 336934758
965 748 999605652
983 800 999576651
411 418 229063350
905 794 999476198
925 821 999881721
779 421 999767800
897 830 999769059
756 825 999854713
501 962 427236493
913 885 999866321
930 549 21261485
986 999 879798261
977 636 432751730
568 67 999577352
743 608 999926793
491 721 361796172
34 5 747912778
951 768 999943211
832 413 999479476
817 697 999940233
917 963 508523885
716 843 999829693
837 839 984462417
991 940 999857681
807 776 233855496
997 937 999637019
833 740 228590198
616 516 391039596
465 676 482678431
945 744 999828438
217 670 999509001
272 673 999548024
940 330 590315811
837 927 999635463
651 310 67491156
667 720 85180284
675 905 697118840
697 895 999546340
72 166 631420911
354 321 930106403
971 828 999786945
894 903 999932119
57 125 999692826
720 659 999724324
146 612 999776853
823 620 999647681
1000 967 336822613
564 331 999943947
999 950 999911890
937 684 644742591
943 432 32812058
976 923 999968131
700 915 326821936
814 732 786310148
765 887 167118507
839 851 999493783
640 928 999682115
248 612 550433541
704 474 623174641
638 724 999538827
678 558 999811697
982 83 999899860
245 780 16404693
967 527 514524197
313 421 999491333
870 534 999819470
672 909 542659731
914 970 872847327
418 566 999574981
662 664 144245230
789 671 302237853
918 962 999755597
902 936 999830607
890 468 623174641
875 813 999753706
606 23 999633589
602 287 117567259
207 644 252921497
929 995 999707512
527 609 999810994
742 804 999883391
761 147 686973187
108 925 999569878
857 736 300199824
685 627 999558027
992 687 999752379
902 391 544032344
158 494 760008440
451 515 705844671
958 993 999648495
936 958 999801685
971 336 999548470
276 662 999898758
725 926 999825869
974 994 440923282
442 527 999571576
39 101 999736039
95 430 999972854
888 500 999870958
352 557 290785273
780 163 999585262
984 594 523284260
200 230 999980874
526 510 999673577
994 500 719047052
634 484 999705756
1000 959 999900794
251 670 843371424
967 526 965431685
764 955 999816663
703 828 999516870
609 95 52865008
139 789 907123618
993 830 277552200
981 984 999875226
877 982 743678406
794 501 232692128
53 535 999539595
553 751 935207198
909 723 871514676
833 821 324830724
784 567 999760296
655 470 999983104
741 495 999717699
903 853 999668107
842 808 999973597
775 679 999504071
831 64 153775311
74 403 999686469
62 672 624900676
467 559 999572705
272 796 999992573
766 645 999781415
628 78 11444258
465 845 999577914
565 27 277552200
786 747 451361517
648 517 999770222
955 260 141028645
910 888 913343526
931 972 999624845
584 454 999969678
827 34 999698309
723 978 705844671
375 374 493794789
682 885 37937896
987 992 999995002
594 201 388359041
833 750 999675291
644 675 999538486
576 978 999714512
933 963 185737425
528 337 780092478
953 854 200040437
246 159 999846564
997 998 999489888
370 245 962109100
656 884 999981656
548 90 999697595
616 850 872847327
870 994 999846305
217 625 999988284
965 269 999637311
448 375 809984673
940 480 999614680
956 587 999626395
985 945 796301977
830 989 425081432
348 599 872847327
466 977 999590676
343 403 431316608
698 344 999921084
576 472 465976578
896 947 962109100
374 250 999486369
884 891 999746546
457 858 999472946
179 507 999789747
465 69 999479255
577 517 999743738
394 220 999665479
258 566 254108326
372 725 999835638
431 615 999890226
495 474 999867421
310 572 999628105
849 766 544259819
740 785 999978398
305 600 360740872
752 679 531129700
319 749 999763202
999 799 999646709
987 940 33794237
459 555 371274306
318 648 132315298
569 819 999641109
978 965 999625711
35 859 322147422
858 473 999741360
518 701 420238402
393 451 963990345
1000 964 715739380
409 692 999753309
891 981 574984342
492 568 999726605
897 969 936182239
621 849 999722270
586 267 913343526
857 741 999517240
817 923 211744651
745 396 209719406
870 871 420790786
795 958 999939904
982 874 999481449
493 674 999914459
886 857 999690628
869 808 627185224
365 5 455816353
760 731 105702237
925 676 969149317
830 795 999767658
170 739 999554556
268 199 999918258
914 935 999788643
562 243 999856100
803 826 999733971
635 988 999487423
199 618 999534936
880 938 999820754
811 938 999702864
966 920 153775311
143 477 999978362
940 657 680643802
623 45 999506471
976 996 999637447
770 606 999945771
861 888 941357912
741 980 987894599
596 132 999514202
974 716 482678431
776 910 604822019
793 985 167118507
262 432 999997741
722 299 857070710
10 902 547655556
639 655 999597058
160 365 113102118
607 997 999777208
203 647 999507297
334 61 31539800
701 986 999621111
195 472 45864049
839 724 999613645
323 8 999543077
949 917 995111606
989 895 999635123
316 854 999653069
906 845 999946042
784 984 407486082
944 975 431316608
804 767 999613971
201 755 932467843
811 743 935303058
147 753 994150876
372 287 531129700
354 741 999634309
780 794 999776623
974 28 999587518
799 673 999960207
622 764 999824981
348 451 999685246
739 22 999900024
671 468 999957121
812 379 978656506
871 646 999875660
889 457 999844261
910 406 999562861
281 853 999969766
999 993 999964736
233 24 999834184
929 516 999951111
764 904 232692128
499 210 999584027
960 969 999940144
122 305 999799210
792 217 680937808
805 923 999946848
560 828 143294405
978 852 999682531
943 924 999956484
768 977 513995860
711 449 697759423
577 900 999668412
838 786 999478841
929 856 583775298
773 790 999956893
991 982 999991917
857 834 999862968
45 359 597114527
263 760 999799598
231 168 999805960
451 634 999706508
787 105 198219377
793 15 999557961
895 194 330434556
997 320 999525925
1000 329 999551695
721 732 999929867
622 583 473646631
841 519 550433541
892 925 999738825
607 612 999557464
947 890 805675596
459 695 109576889
991 798 408887166
763 722 999598018
448 874 999988236
160 561 595747527
842 904 790831372
48 357 999852381
924 833 999504342
654 734 999593719
744 508 561596164
590 767 999591612
579 455 999992841
157 813 999661403
54 513 999989396
90 544 686123021
809 411 999932674
973 668 999784060
575 923 999977637
433 292 999970314
744 830 999773211
516 714 999893856
984 32 999622746
916 869 862660039
742 739 851052073
284 56 709817974
943 902 999828953
136 965 999830291
284 295 935303058
58 116 999482612
772 126 987894599
936 981 999837027
224 596 292390760
607 398 999706872
380 101 999838132
292 445 999626410
89 54 185737425
957 488 324171241
2 965 999633693
687 934 999513557
517 560 999775924
664 746 131642589
507 40 364867505
889 879 999965354
195 832 423674434
864 459 618819739
954 847 999682742
106 839 132315298
748 759 999994220
607 57 999713967
716 755 999589198
894 239 999992703
945 710 434950462
32 944 999937785
948 981 629837396
353 765 999723128
131 371 404161340
992 990 936182239
659 896 999978831
688 543 780520031
636 532 76423315
954 940 780841179
100 781 595747527
860 394 485984673
948 876 333010147
991 990 228445549
610 203 152772300
636 700 999939070
717 824 999844852
821 830 812256188
426 88 348245056
918 831 999940342
406 984 999673396
789 393 635299532
870 893 233855496
776 476 542659731
942 946 697118840
286 852 889737800
531 884 999697538
647 870 861393925
579 985 999961664
821 236 752246407
736 624 999841467
18 955 999582452
974 942 999878975
87 10 354729459
895 868 445028885
457 867 167118507
478 756 879798261
735 260 750172070
704 797 999869071
858 950 755835276
655 645 999660378
16 342 487252637
903 929 999531180
243 761 999531534
677 945 522200508
848 761 999897472
291 125 913343526
587 720 999531959
972 965 409781910
734 968 869756798
94 79 999787093
864 718 56135189
87 805 999979672
484 985 627185224
709 217 300199824
997 988 53340099
985 772 999590504
171 222 999900461
242 915 348245056
371 901 836819880
875 646 999773244
975 778 999479617
514 645 794683610
68 708 579121072
875 823 999695792
516 493 999505195
584 380 999990507
674 575 999964765
58 485 556646440
881 960 768080508
582 754 999791607
938 955 999671066
171 229 999496242
83 537 736463143
727 501 409882513
992 443 967688321
974 252 999728718
777 784 857070710
616 672 624900676
190 601 991097224
821 896 982663673
817 399 142949469
424 526 999497342
644 521 999639402
407 542 105702237
683 556 936182239
687 624 737151078
457 935 999543912
145 152 616018354
52 643 493745072
871 834 965556667
737 317 796070162
359 65 638449303
616 573 999912402
984 794 999578007
518 270 681733253
977 748 48396967
921 602 763047401
932 946 999820608
339 905 999607625
298 77 32812058
996 865 719047052
707 829 113642467
530 788 388359041
800 633 688630665
79 922 999543027
116 239 999783257
186 442 999681057
778 683 999752968
374 734 999605879
36 306 971598536
691 801 999586412
783 626 999826621
849 810 999984481
17 12 999780189
896 708 999576544
93 834 64526226
640 844 53340099
962 601 999836629
982 960 300199824
998 987 91929428
755 644 999620868
873 651 999580985
747 848 999710296
508 501 999491838
485 537 812256188
69 708 999648697
502 414 232692128
803 215 423170108
964 911 327992272
362 383 999612613
569 593 999549655
426 68 999878018
712 543 999756781
529 141 999477825
899 784 999615691
728 550 794683610
497 742 232227233
102 691 999780601
968 892 160970427
352 738 657258858
427 288 222909549
800 815 618819739
971 913 999898277
79 490 999736735
699 119 999584115
37 134 999669274
774 720 999514711
787 823 224273844
803 553 999621670
413 261 999555356
951 985 274260599
12 526 999471568
736 865 540085834
876 674 818760393
630 209 999913077
749 877 999500403
751 840 336934758
360 53 4367493
854 274 999485702
106 369 388359041
553 861 999491007
612 494 999902053
622 920 999492872
987 880 752835741
341 222 999881539
816 577 999605252
65 411 999951783
377 490 999700388
997 999 999588883
325 638 690031218
958 899 999927844
963 989 999686092
544 439 999549227
526 78 62488588
316 458 337442342
483 587 748279235
612 985 912207390
925 996 999598678
966 566 999616515
863 176 999706543
840 943 557585861
851 382 860943315
594 407 999584330
894 720 167118507
309 446 999567783
921 435 616018354
449 256 999512398
536 466 252921497
241 268 999729808
112 298 999593547
790 610 404161340
265 616 152772300
806 886 33794237
849 777 999634128
977 983 711940683
589 765 999646086
291 78 999660047
933 982 211836859
448 251 588676209
940 871 999502851
968 138 999698420
576 660 31539800
677 214 470136994
340 451 999860147
896 473 999907826
785 873 808517836
377 567 999699622
277 14 941362711
158 11 487252637
162 138 62230863
972 846 999829873
259 708 999921723
539 814 999914003
204 653 999645167
990 978 149348152
795 856 999672988
860 613 999858941
187 997 929078982
979 932 272331587
964 40 64364388
679 608 999489583
374 559 886365134
860 942 999818708
706 710 999877910
478 847 397516225
797 55 999998067
829 22 999475555
391 681 999719539
432 405 894391036
977 984 999779362
520 360 999608334
696 791 999474357
603 954 999917257
731 464 332910200
945 142 999667321
647 789 999701815
772 169 780520031
151 125 999894798
812 749 428636062
892 797 999852056
323 908 999878401
727 595 752246407
483 978 999586453
643 983 999950317
423 343 987480191
60 259 999894656
845 935 999601278
998 482 999488393
601 961 999863854
245 427 999575425
893 630 999506234
980 738 79224139
326 536 999476927
834 304 999706060
36 107 999497174
639 791 995111606
832 746 999972465
189 881 242620996
666 555 999670962
431 881 999477985
969 299 999964467
951 855 999774113
967 908 999982268
888 710 999732262
866 877 748279235
988 874 818760393
292 963 999528339
347 177 999557747
314 251 608369178
918 516 899705087
523 922 999676102
985 812 999539973
170 189 999539768
445 1 100711874
222 966 999540287
989 938 999986234
877 744 132315298
10 993 999669450
485 99 551814807
266 995 560399519
125 612 449346050
939 440 999900818
968 419 796070162
899 483 999532003
186 484 999926370
220 337 999809073
817 690 999880444
387 155 999809162
797 946 999638153
323 739 999893274
944 339 999838432
890 625 632514673
564 616 381349679
463 713 999539312
934 957 544032344
749 504 999695305
939 862 999913488
708 602 999582047
70 266 709817974
632 50 999504701
542 437 999801952
851 639 999801411
607 805 999889642
396 443 530500530
815 781 410172090
608 513 30468942
767 997 999729058
934 283 999895366
749 872 999775218
430 741 999655321
845 523 999527339
313 213 644742591
941 961 45322772
978 157 266195489
60 742 300250456
706 789 159132516
480 867 999671320
642 524 999789593
188 553 999795677
816 605 76423315
591 816 999653792
312 91 727097069
989 930 627185224
360 150 999963660
670 932 999896873
668 36 999864106
843 804 999834410
904 339 149766713
914 223 928024873
981 990 999569320
789 870 642146375
601 935 999799330
338 204 999890116
579 162 999997421
805 909 999966375
324 367 999842210
348 908 999910652
946 922 605705503
977 972 999891387
873 639 999616862
288 655 999676836
607 652 793420668
436 113 266195489
805 686 999968919
23 49 999611505
605 976 235260484
614 322 999778642
710 597 999633861
465 113 936466853
735 579 999510207
902 868 899705087
687 912 616018354
461 651 132315298
508 146 246557895
536 411 999832315
973 997 999548510
987 493 618819739
139 162 999561745
175 941 354729459
270 551 999741306
972 979 999631280
629 193 999778173
973 764 451361517
468 364 109576889
869 591 999845583
664 819 981750963
841 129 155770160
641 754 292390760
502 888 999655941
843 881 999662527
903 912 941362711
547 311 999849206
760 575 999959821
856 618 999993692
73 530 518882533
508 467 144245230
961 779 999831617
992 976 999736976
819 943 999794423
406 743 360740872
369 605 999666981
586 591 999658523
447 30 999676155
586 993 228445549
940 259 999480770
673 646 999938767
867 325 999727665
914 966 44737911
700 877 999676638
318 199 999869006
930 794 45257038
672 364 89335134
450 210 999507899
895 912 32812058
901 967 274260599
913 972 999781162
981 926 520523005
732 162 999902286
876 922 999897731
269 255 999770891
687 787 153775311
994 941 999659885
982 884 411124068
629 405 999546806
527 860 635299532
509 774 610300180
787 157 999870002
949 644 686973187
894 877 999894345
744 626 999479594
956 629 226953989
595 853 999585895
935 742 411856644
896 544 999815145
598 779 371274306
176 991 999526012
952 82 929078982
280 423 999760455
122 926 229063350
617 857 610300180
945 619 999857845
219 720 999649885
537 424 336934758
213 974 999716682
550 419 999478693
761 934 465976578
636 722 999884022
685 935 76043622
953 320 999486053
786 621 999785234
203 849 999607858
20 615 999582674
776 924 999842619
737 817 999568374
48 709 999808395
806 652 16109493
507 647 999884523
902 185 999811609
695 928 999810744
372 397 999936380
899 245 560399519
679 194 638019554
621 783 899705087
623 822 999615872
210 897 999609578
382 823 999653117
132 341 999743823
368 443 999532642
721 560 999711563
810 237 999752659
5 100 935303058
443 487 371274306
895 810 332910200
477 512 999488677
525 521 688630665
488 546 999944696
962 865 999928297
970 971 354729459
924 952 50499500
998 365 938366657
50 54 695527403
361 573 999514076
888 280 999476058
554 834 755835276
489 811 497063865
892 613 999826870
598 972 686973187
667 412 999792710
634 197 999741404
822 962 47465279
689 721 999805590
673 338 999580157
967 999 999570207
904 410 999840557
864 922 381832712
153 362 999481453
737 299 999752785
818 447 459832711
289 653 999900556
287 991 446166965
939 956 999841749
405 114 999994311
862 682 999977919
974 927 638449303
11 473 999477435
884 558 999615383
251 967 15959962
984 745 999660001
25 923 636200008
963 466 999650879
979 529 790831372
395 943 999866743
558 851 999977503
710 619 999636042
634 462 708100298
931 894 999912488
514 663 68433064
21 41 999708091
596 613 544032344
890 336 999838395
819 297 999887371
730 508 999676478
839 957 695527403
838 917 999772374
605 936 999600436
949 773 228445549
247 465 552666931
896 814 999705270
938 868 999999555
349 4 999825706
730 198 228590198
544 23 629837396
667 631 542659731
310 535 999987814
163 260 999665603
893 909 999690915
83 285 999493128
864 783 381349679
746 904 793420668
976 940 999501146
825 831 787517844
295 164 999498989
341 902 158678007
947 976 999847418
768 860 302237853
516 993 999668060
793 871 153775311
950 974 55794566
894 806 999490656
591 174 999721094
471 585 999529325
547 260 44737911
911 544 52865008
794 869 999585797
795 815 173032910
876 109 999860989
993 142 747912778
825 613 999529570
896 899 999741502
662 858 999915760
752 325 78481277
944 692 999718936
708 846 999608303
329 954 613297431
991 926 963990345
777 826 995816674
420 145 801551938
961 831 999885519
663 633 999927581
750 369 999956590
793 806 999899859
240 663 999838122
887 841 446166965
772 453 199800549
257 898 999633269
942 910 4618997
487 812 999922578
797 150 999719321
497 83 999698257
637 778 999797337
872 547 999601278
971 964 999897063
888 920 999717850
558 761 999704185
352 99 999498843
140 204 999809060
589 156 857070710
670 715 624900676
815 841 999890796
601 655 999724448
296 151 788185356
448 509 999624932
995 985 999885527
212 309 999472287
729 295 999937610
851 966 999783682
953 116 327992272
927 995 999692254
966 947 999741308
568 977 999821981
855 268 999761165
465 680 588676209
243 528 935303058
786 743 935303058
911 769 999580426
764 798 999914227
331 397 999788689
602 957 999473111
912 947 635299532
967 920 680937808
341 717 136617003
144 595 999956825
993 901 999574242
958 471 999591829
869 937 999929509
981 652 999986857
756 392 999630403
932 290 999949699
419 352 999627617
965 478 999857217
968 253 211836859
610 175 664879415
715 949 999737831
981 915 999602407
493 265 999797483
103 472 999997751
986 750 20304193
790 526 743678406
701 499 999898092
834 954 295632551
920 477 999586956
703 741 999514799
665 975 675271313
543 814 530500530
245 987 987894599
536 421 999599671
661 472 300199824
790 640 999512905
837 426 999758566
229 431 999646811
619 291 680937808
745 189 400733417
398 532 444461555
943 140 999775002
724 741 999755292
101 751 999996411
199 971 999822909
960 989 999909606
985 993 485984673
932 909 999646320
430 73 999621423
768 896 999833322
148 878 999719864
927 833 89335134
935 475 999599713
651 494 999710117
501 187 999497471
943 348 999843258
701 749 999532202
915 836 254108326
448 823 999824116
653 821 999902471
948 935 999482017
756 882 812256188
522 117 999683540
842 324 999960272
935 79 999696429
582 903 935303058
385 759 794683610
725 998 999507009
135 174 999874781
549 835 999918930
159 619 999723192
448 733 530500530
684 503 999725360
927 939 999938318
643 971 999502696
520 504 999803085
181 52 999679519
742 794 681733253
695 781 999738097
687 721 999478732
985 955 999742605
606 179 155770160
999 947 999727989
192 577 999685178
73 582 768080508
473 852 604822019
25 23 420238402
371 752 999721601
772 705 936182239
197 340 999676567
99 418 999656790
729 539 443138577
763 980 999672309
846 896 999626876
801 770 612511578
405 531 999585752
864 826 324171241
705 98 588676209
585 969 300199824
961 546 999774319
25 819 999511810
125 154 999770695
9 419 552666931
803 951 999499278
971 997 999996117
907 875 762201949
688 707 160970427
960 637 472472210
680 753 999930095
987 983 159132516
53 303 613297431
791 790 999905885
704 88 544259819
299 949 999474406
579 733 427236493
857 961 999563267
82 987 999922802
154 532 999733412
863 672 999702200
965 885 999993762
968 174 999502880
448 556 556646440
372 90 999965305
886 866 999734229
590 510 999551880
864 606 999687089
758 621 999876223
828 898 999839498
942 767 719047052
885 565 999995203
492 876 999748322
47 6 45257038
727 970 999655529
490 442 999671302
432 696 999886913
610 354 511900438
160 801 999999766
402 36 191065569
529 389 999653958
778 861 999948547
515 488 292390760
981 997 999544948
950 960 142949469
46 277 999753241
994 980 191065569
576 988 999860500
653 964 999674399
423 911 999989832
785 805 999698194
5 81 995111606
597 909 999590464
866 15 705464964
415 509 999967792
30 198 999555879
879 957 999641241
895 930 999988193
826 185 788185356
20 427 632514673
605 142 999568841
644 525 336822613
566 946 327992272
970 768 281223600
512 18 999906406
434 501 999699661
942 679 999863950
788 147 999494308
318 159 999685019
806 702 211836859
769 951 999542901
552 544 999928310
952 958 300250456
36 738 885232526
924 259 999774259
184 403 999805419
754 765 600209080
695 535 999663833
777 807 999840570
340 688 380231095
989 961 999759823
538 379 999821581
597 838 999807231
687 380 999540206
554 936 999715309
993 997 999721718
280 867 661938288
433 589 999698775
211 592 45864049
551 808 999486839
609 726 999608841
880 891 999842221
189 789 999493135
666 697 324830724
738 889 999706453
470 816 999664424
809 677 999922938
387 777 999495973
73 356 336934758
258 671 618819739
705 2 999862073
632 773 619348413
884 729 999626477
967 949 999725639
776 436 4690957
977 992 999568114
861 695 999860740
422 963 999651425
857 970 999705388
999 704 37937896
242 764 999759141
998 113 999948773
944 921 999501681
570 839 999851372
790 732 999710578
541 882 999586536
148 441 97897606
309 748 994326350
831 862 999734542
524 356 999499497
701 694 228445549
666 193 64364388
486 387 675271313
854 839 999735051
182 126 999752340
733 836 233618376
750 939 999805243
830 549 999562558
543 657 999983702
528 778 999717000
856 774 907123618
905 425 999674540
740 645 999967052
307 593 999692336
462 974 336934758
824 302 943743528
102 698 999546599
903 525 55794566
887 999 843371424
274 695 999524758
913 857 166390391
827 149 999979565
987 326 849576914
194 355 999515227
759 834 999508101
12 581 177569537
812 880 999530492
455 555 613297431
956 913 435366125
755 402 999785922
961 946 999770928
494 315 999789791
625 957 999543306
327 451 999791464
719 502 610300180
945 936 455816353
940 277 999969368
563 643 999989504
724 46 999825953
448 645 999574391
611 213 97550125
776 26 999610234
953 807 999917735
995 998 999661775
954 796 816432304
906 784 999803480
647 254 999596055
862 558 472472210
51 447 999692420
170 911 68433064
780 877 999551891
601 875 999956094
882 848 999487483
998 967 999919111
255 788 999507748
455 557 796301977
845 449 999522147
491 461 612960996
849 482 999539037
443 435 999813286
507 953 23517449
559 394 642146375
740 756 796070162
222 421 999852770
868 799 999985416
56 756 999727971
359 252 999953950
299 667 755007957
573 718 999872158
348 848 999546749
910 746 999615955
123 867 941362711
530 112 420238402
900 844 332910200
892 287 999862701
616 332 229063350
992 994 522200508
165 941 999845011
841 827 999556469
577 458 761939730
204 687 999616627
354 630 999698993
133 827 999956941
190 389 999893309
38 199 160970427
730 760 994622027
384 385 999764633
528 792 999491648
700 155 154790449
836 709 999850145
943 684 410454646
859 908 999538509
976 987 999942866
123 139 999582192
444 605 999694805
978 935 999930066
857 881 999930233
157 900 999747007
198 62 999578191
628 69 999705109
969 226 999649143
832 888 999584628
991 593 348245056
889 140 443138577
7 506 999750992
989 987 999663475
396 948 999760894
892 771 999549101
986 604 552666931
371 146 999735568
863 964 999924181
10 729 999618635
736 977 999762830
176 843 935207198
110 527 999876743
933 901 487252637
516 683 808517836
994 825 371274306
952 954 211744651
635 583 55794566
693 608 999517408
155 670 999703934
788 836 999535213
39 595 518882533
663 687 999543606
397 686 146902400
660 927 999816196
256 928 999629464
749 574 514524197
724 903 303062517
709 639 999919920
967 737 999914062
583 534 999762329
650 482 144245230
726 346 659614069
8 664 999917009
383 982 999659854
940 536 999627304
833 332 999923263
107 134 999612455
953 91 876111918
403 407 893415300
724 738 185737425
394 524 229063350
55 152 999736629
781 386 999479840
895 97 999844266
595 814 999636860
992 928 999859906
870 906 999850996
651 637 999600716
112 410 999653583
365 441 843371424
548 830 999880529
950 948 999821209
1000 860 999804157
912 575 408887166
951 74 948317197
951 957 899705087
913 950 434950462
36 758 978656506
978 969 346498133
958 963 999639284
403 979 999768272
826 814 999552106
922 983 801551938
791 559 999503812
741 447 142949469
220 836 943450472
872 858 209614303
539 522 999689926
655 977 330434556
119 71 623174641
407 798 44737911
748 920 999910244
277 337 999993134
609 964 999960970
968 848 999709117
261 158 199800549
122 257 999705655
647 131 963990345
853 686 999769351
666 908 445028885
493 496 788185356
194 785 999711483
365 232 999699507
687 510 999913759
994 995 999852044
537 222 410454646
819 793 999696694
747 599 999952647
898 974 999616561
31 376 999870154
955 410 183718901
811 542 999984964
680 328 999615313
616 205 999962639
503 492 999743769
267 652 322147422
758 386 999921332
727 284 999699956
798 713 228445549
274 700 879654457
939 100 16109493
994 970 999883546
932 965 199800549
206 900 999879953
469 590 300199824
351 321 999945933
883 981 167118507
1000 985 153775311
912 983 470136994
656 736 711940683
933 926 999972965
546 610 999668329
891 795 999944661
181 53 999732888
792 761 37937896
963 160 999537392
596 697 999956542
689 693 995121458
452 876 999570390
172 52 999615510
8 810 544259819
875 515 936466853
543 377 340584092
614 149 999657942
910 892 879798261
765 565 999802086
144 668 999801474
676 966 999614742
180 660 999595613
661 108 999731568
883 914 780092478
671 733 999650608
890 630 709817974
623 890 999611052
939 1000 999582724
967 677 849576914
695 119 842345137
396 352 382678701
514 648 18825734
892 623 999744237
996 963 809984673
302 103 999686075
176 895 978656506
781 542 999775894
357 328 677159060
81 700 229063350
268 513 423674434
378 481 999490080
70 709 999479359
991 334 999580751
401 923 999594895
945 998 812256188
381 760 968291756
117 150 659614069
232 387 999887637
956 919 999516210
487 484 91929428
628 646 999793481
379 344 408887166
938 439 999949758
41 587 999572924
416 413 999534756
5 719 504765841
965 931 253559129
907 3 160970427
929 509 999741077
686 710 999740227
958 449 999517977
281 46 999817614
543 724 999958553
260 751 999553598
133 412 999811165
203 732 935303058
805 170 999950553
68 247 999669753
741 92 999609865
60 412 999935996
371 45 999610335
925 959 999537832
988 526 596224447
239 443 397516225
989 973 274260599
320 26 407486082
717 784 731295657
689 845 117567259
834 839 999962358
907 243 999725188
812 470 999727839
720 738 968291756
785 979 999815705
285 550 999648015
991 427 499237488
888 627 348245056
660 910 999772794
937 926 999630738
461 552 999501041
497 631 622270384
70 821 999823007
485 832 999933561
427 998 999724324
664 752 999921074
541 776 999692603
241 739 999649143
825 210 999471568
610 789 999860127
394 225 885232526
529 684 999987740
343 740 635299532
163 372 999839426
943 257 188842918
815 507 999523988
599 761 21638931
16 693 18825734
912 574 158678007
796 800 999873375
329 527 515409829
622 734 327992272
924 960 382678701
702 538 999906718
101 293 999532398
122 922 999475823
852 863 999602440
345 274 999718306
584 750 999748789
736 218 450720613
530 534 999637748
813 440 18825734
804 769 999478470
948 889 660380138
650 974 999763941
882 834 999558705
963 898 999652754
392 436 159132516
682 973 941362711
658 506 700358908
652 248 757663176
8 226 999799610
959 984 999562804
650 586 999593274
277 354 999871240
571 998 29052351
252 196 999500857
757 879 451361517
948 489 995816674
348 996 999846762
917 495 999988184
749 553 999494189
670 693 999804027
876 897 142949469
851 414 999862936
626 857 886365134
595 209 999760244
815 529 999738621
569 35 193317104
350 629 999750476
504 138 999865370
950 952 48396967
909 842 999639438
660 238 837484065
305 92 999501362
722 723 999701938
876 861 999597309
875 845 808517836
709 989 999697168
41 969 982663673
859 997 445028885
879 958 873761965
968 747 999539366
766 160 999960111
231 321 994326350
591 111 711940683
125 688 404161340
805 393 999487252
388 518 514524197
819 646 999522665
327 684 999841240
216 550 425081432
598 32 999659159
808 428 100711874
349 1000 999534060
321 454 999719069
494 446 111288926
812 443 999630843
978 1000 999599762
997 823 16404693
878 896 995111606
841 867 999527928
104 530 999970504
285 475 4367493
46 929 323860421
106 388 530500530
946 996 872847327
607 732 999977441
956 757 999478731
468 146 838668305
704 736 999549250
276 202 999482875
140 770 292390760
227 279 999868641
994 531 999516152
654 850 999553802
100 378 361186911
992 1000 999603189
908 615 999541620
88 342 999879235
655 610 595747527
142 624 999587220
886 893 999756447
58 481 999737063
592 883 999690801
925 702 141028645
310 364 332910200
528 137 842345137
134 838 999866690
508 913 999946505
615 700 154790449
842 508 999808836
720 409 999516055
551 780 999907619
668 729 999560936
977 959 493745072
635 363 999472953
256 363 999830920
985 886 999473344
92 373 999661646
223 882 597114527
644 603 954917249
664 392 999688922
902 722 886365134
759 793 999758240
14 142 999812515
713 918 999688209
271 613 999897209
690 675 999477507
933 155 999911157
647 869 708100298
450 236 999485345
541 805 999870681
331 186 999968401
192 862 999770223
326 363 999633644
754 415 811994234
916 69 999664715
336 706 999579099
573 658 999780618
807 762 711940683
52 16 999482061
846 992 999573200
998 999 999821669
633 63 145368140
365 745 246557895
651 376 999851654
609 565 389733314
478 680 999559364
937 865 999810031
909 284 523284260
710 281 962109100
489 420 999796581
933 810 999970524
779 906 632514673
868 778 999999087
146 496 999999767
625 370 472472210
794 568 303062517
373 613 999695161
209 289 610300180
416 707 999736456
60 94 999986061
407 492 340584092
295 439 999594503
528 226 999647837
574 283 999520835
598 258 999584783
200 389 228590198
181 988 631858324
729 518 58174325
83 522 999738638
765 681 493745072
996 961 999788850
758 297 588676209
921 267 999799184
864 449 907123618
938 562 999488449
202 246 999986931
646 949 999942357
983 966 31539800
619 794 821466310
741 443 515409829
890 896 999551569
802 824 999823238
520 391 999567531
967 549 999830546
730 550 434950462
579 910 343637356
652 249 999587844
245 676 999532327
866 755 705464964
815 768 999726255
232 988 999477269
911 894 999877455
126 268 21366333
715 239 999879169
904 897 999871085
665 470 999575454
563 794 999636442
732 93 999649342
543 455 999965034
499 968 995111606
980 982 999566166
861 513 632514673
294 941 999891166
842 558 999823769
882 758 999898881
699 387 999559237
780 725 404161340
501 848 410454646
613 965 999748060
677 284 228590198
342 480 999770555
807 571 886365134
219 72 999766589
969 971 708100298
553 662 999811751
683 569 322147422
790 630 79224139
995 947 522409299
966 655 999765822
863 45 999635137
990 891 999814198
240 802 111288926
458 714 999542667
789 842 700358908
383 708 999716670
321 268 999771223
928 921 465976578
244 97 610300180
219 12 999867779
50 798 688630665
811 646 999730324
658 358 963990345
700 954 999619967
777 761 999902166
318 769 999914231
119 342 245229777
844 692 999781030
151 391 999831361
188 996 999682220
424 210 337442342
972 964 999916545
756 873 842345137
427 510 999488877
666 857 999636236
2 229 183718901
783 571 228445549
698 923 629837396
709 994 91317518
968 527 272796744
792 309 999741251
90 509 332910200
867 547 999662950
408 433 838668305
964 939 999506647
713 733 92473388
850 976 999597211
921 875 999542201
142 489 928024873
495 400 443885017
854 541 811994234
7 996 755835276
594 461 999978654
82 662 71595323
972 983 999773308
804 866 869756798
981 461 999667695
239 136 999514862
958 983 427236493
131 607 999720485
852 729 196907494
119 822 209719406
168 990 999554019
586 810 999740709
539 771 730320689
904 680 999549055
881 732 999771387
876 853 999946581
185 723 681733253
901 625 999924783
868 711 999810248
512 751 999905236
139 707 991097224
537 154 999942156
337 961 18825734
447 218 348245056
716 757 999742863
110 12 999903136
721 905 999920391
648 616 999976468
167 393 999937233
986 920 999977294
733 855 339868200
596 41 999827810
645 485 999869650
988 953 140886431
477 951 191065569
431 981 999582361
984 974 999544634
255 853 681733253
979 998 999904396
326 483 690031218
939 878 999797017
61 675 20304193
925 974 52865008
560 407 408887166
774 835 999502158
472 884 246557895
963 906 999828886
275 184 999989988
616 976 999876998
779 928 999612056
680 970 755835276
899 874 271101164
890 563 999585132
845 886 642146375
864 640 53340099
567 5 999857358
197 300 999873564
746 506 999709108
964 490 999857086
811 90 999632709
967 966 999589870
763 355 990644334
939 91 999637845
269 339 487252637
885 858 10748418
861 972 999708302
688 820 999991399
801 180 135621672
988 954 999828219
689 742 337442342
404 962 999504848
311 353 999812130
81 807 999940866
542 489 999615918
191 440 790831372
950 550 999474778
339 626 999999528
696 942 999521617
574 782 101857745
918 887 999602784
968 650 999529223
582 617 981750963
981 966 999588197
289 644 987480191
348 564 999589055
953 981 999855370
487 797 894177909
609 836 58174325
625 358 999820748
722 91 936466853
773 791 876111918
721 224 999708212
842 914 964745139
380 285 97550125
343 245 999941899
879 918 953175821
646 778 999512717
963 528 999761045
384 150 999819517
791 98 999708616
435 841 999779833
48 674 999724991
673 548 964745139
660 769 999795276
270 919 962109100
602 545 999991035
733 845 183718901
865 383 999974006
764 161 999753087
893 994 999932139
196 270 999956875
905 933 999781123
806 718 91317518
317 960 999879156
34 131 999564890
769 791 999496515
458 518 999915862
911 272 999513545
689 971 40109482
824 569 969149317
468 788 999570732
267 716 999493063
871 315 999697585
785 787 999491980
632 428 999578128
775 573 97550125
851 569 631420911
116 192 999715247
845 562 224273844
962 751 999954010
880 246 271101164
977 981 999578987
210 71 995121458
700 859 540085834
943 579 32812058
533 464 999843666
878 949 836819880
699 755 999569183
579 740 999916856
534 269 28424661
283 130 999725933
709 353 332910200
975 888 999868454
273 105 999510170
709 666 999979359
452 316 199800549
594 817 999752721
980 999 999577934
849 768 999799695
687 953 999839663
71 612 999525976
512 323 608369178
160 427 991097224
871 206 611940084
555 428 999568985
542 559 999571904
308 438 769099872
387 662 4618997
991 915 113642467
867 76 999868132
295 934 999728230
444 858 999673040
971 908 544032344
985 832 838668305
435 448 999772339
764 372 886365134
878 388 638019554
748 990 999661860
887 814 999717076
562 242 999880694
811 767 999966678
897 847 999586970
1000 975 869756798
94 292 999483234
81 799 999637963
816 851 999813803
997 598 999544958
771 988 999967279
481 524 842345137
732 452 999775573
695 819 999789948
978 933 450720613
356 513 999870572
277 212 999908960
792 863 500824652
707 656 619091144
72 561 999910500
736 883 999895253
215 638 711940683
803 931 45322772
482 770 999904426
512 14 999482788
314 106 809984673
885 175 999833454
580 737 339868200
320 457 788185356
880 396 999674521
989 845 605705503
363 705 999662741
318 704 600209080
404 591 999760776
804 42 999608048
980 996 999585818
562 349 999926555
442 417 999987979
558 876 941357912
819 617 999752917
804 842 999482732
835 821 774039682
972 149 999614711
942 526 999989512
313 548 361186911
859 71 337413922
768 779 999650315
530 238 999928399
4 218 193317104
326 442 295632551
718 678 999899414
361 887 999884939
929 789 675271313
277 617 999624105
718 888 999806294
419 197 860943315
129 66 943450472
482 315 6071826
83 611 999988101
724 550 787517844
303 656 681733253
588 724 999534739
616 243 629837396
951 917 999661858
229 241 324830724
737 853 999912278
663 829 999975610
747 250 999809974
269 465 987480191
157 488 999870519
570 645 999662626
115 451 999901051
120 510 843371424
675 425 862660039
454 588 50499500
851 790 290785273
719 801 999774551
939 718 612960996
347 728 68433064
444 739 688630665
222 763 999561239
770 994 999681325
228 415 999778811
774 578 252921497
896 903 999738829
59 255 16109493
487 779 999847283
483 556 748279235
494 226 177569537
990 245 999824403
550 909 999602872
971 907 999895176
50 165 530541140
406 334 999609885
999 534 999736946
636 794 530500530
528 670 999563654
409 971 519393724
825 712 999694014
344 755 55794566
874 796 455816353
230 222 557585861
658 364 999489173
307 727 999765011
877 810 21638931
717 299 999753254
555 610 999719549
916 992 999590062
431 570 750172070
287 197 999717398
892 66 397516225
957 998 999908792
604 117 999713757
542 757 752246407
950 813 999769149
562 373 132315298
624 630 999613852
570 301 708100298
828 655 999782365
561 362 894391036
353 542 999614667
728 631 999549848
49 214 999714707
734 824 999476727
199 681 792555646
642 666 999941486
685 677 111288926
971 697 544032344
871 163 648138420
505 697 999770937
805 768 999747826
334 64 485984673
143 965 999968843
826 842 999984916
124 343 928024873
529 943 999556224
168 562 140886431
354 678 786310148
117 624 999630843
884 801 871514676
522 355 999860486
101 212 336846947
706 668 144245230
559 555 710958078
848 375 885232526
855 139 999693014
965 540 497063865
876 978 31197279
899 835 978553827
165 72 227950845
577 288 999920103
74 134 935303058
409 37 999805084
846 93 999758902
736 830 999944848
956 512 999959911
871 660 999816714
648 756 160970427
993 867 999610579
583 712 303062517
126 670 999836151
761 805 995111606
834 902 330434556
809 950 92884147
324 745 604822019
821 988 999740730
687 287 999646447
767 319 21040834
295 31 999792565
946 969 999571894
782 549 999997018
987 698 798257564
599 803 999713376
690 813 999867856
945 889 62488588
724 723 757663176
199 174 999591323
889 638 801551938
773 625 999734988
879 263 705844671
756 613 999602289
882 573 999496474
768 772 999847354
890 803 4618997
999 992 149348152
717 606 999757035
81 123 954917249
896 578 143294405
918 997 999615274
84 110 999863684
522 183 487252637
843 399 999769380
930 206 999972380
225 768 999522332
927 962 970416030
596 901 999652501
661 525 999675251
977 905 999971688
986 996 999752217
392 302 45257038
940 967 999615087
958 477 611940084
902 913 999931753
921 926 999676064
613 400 300250456
778 901 688630665
401 132 999673310
734 825 999581816
927 924 999953498
665 670 999629675
225 534 999549908
187 831 48396967
994 985 542659731
857 920 232227233
479 985 132315298
449 526 999658623
931 741 999666506
588 103 999828803
738 826 999534545
971 948 381832712
766 758 455816353
162 124 485984673
185 167 821466310
852 663 999508453
885 756 999890988
802 837 999690219
921 307 999806208
870 938 999815583
980 912 999480909
931 989 999973772
952 826 508523885
84 394 999856903
922 295 618819739
871 947 322147422
999 335 999576797
58 942 207001340
773 631 434950462
969 967 999759511
261 113 999723386
734 518 999781518
813 850 965431685
957 933 999533647
713 933 999826901
378 380 999988048
362 921 999583599
883 414 999740370
970 980 999987367
989 861 612511578
188 504 999731468
805 548 900051963
430 458 272331587
126 600 155770160
817 71 485984673
579 521 999773863
73 254 615078508
832 205 999970946
629 655 999472290
572 490 642146375
591 416 999556954
468 210 999928896
338 229 999831002
599 621 774039682
864 808 361186911
972 968 675271313
989 939 999704453
806 682 569389095
605 594 999755924
654 998 291707629
932 876 348245056
279 517 363847853
722 859 730320689
840 990 999506318
209 225 999638871
652 929 999496444
598 562 686537547
153 821 101857745
832 840 999841312
982 995 211836859
310 690 971598536
469 559 912346082
936 156 999789434
687 192 188842918
936 774 999589775
673 209 425081432
999 984 999482385
840 837 400733417
662 515 978553827
210 519 999551395
504 964 999703247
753 133 999699888
881 395 999841527
982 948 999842711
496 131 999622613
210 9 999741181
928 953 511900438
821 920 999806975
339 634 743678406
453 291 999481876
883 998 999769617
770 488 999782933
344 239 540085834
831 863 999509405
515 781 999947976
278 171 999817773
960 967 978553827
279 347 999498371
907 595 999698061
758 916 999719108
960 971 755007957
995 962 999649125
241 567 999575375
899 943 711940683
114 233 999941287
616 961 999861262
994 998 999686287
668 349 999974548
181 12 999600177
989 998 999488484
916 506 999685511
231 201 389733314
927 929 999995280
492 727 999665067
890 504 999905162
958 827 837484065
138 915 945493619
840 259 999648701
842 984 245229777
812 842 999644311
745 672 419287074
993 981 33794237
679 738 999878689
799 768 999733996
601 283 999584835
854 978 511900438
749 416 544032344
977 430 999511106
899 995 999851078
979 638 705844671
388 325 999925432
664 574 999895886
461 27 999831963
841 836 999482503
866 902 999909737
533 716 999686351
478 500 999563486
483 683 999691754
657 802 249387261
269 474 999491106
895 765 812256188
994 966 999511747
894 804 999953858
195 126 999598232
385 767 999751260
299 662 999850496
337 349 999932227
777 593 871514676
356 335 177569537
350 300 209614303
496 912 999693613
814 822 154790449
573 21 796070162
951 750 999487489
481 987 999663207
307 201 999785419
831 524 191065569
520 204 346498133
759 132 860943315
708 982 999789767
207 929 15854977
771 794 999567333
485 656 999957427
896 845 780841179
265 992 409882513
903 901 140886431
984 914 999676615
998 969 999636482
885 854 432751730
223 452 999781078
473 58 999714594
383 968 999991698
574 696 999906277
527 446 999947329
580 842 449346050
732 445 899705087
643 296 999543284
323 812 999946610
290 149 999998454
895 955 999747152
174 128 613297431
772 847 339868200
781 502 999531684
121 275 185737425
572 716 842345137
905 53 211744651
954 958 97550125
792 882 680937808
918 922 423674434
740 411 748279235
591 863 999841905
227 268 999872047
853 904 999583235
656 612 999565213
367 149 999516308
947 784 999694061
985 749 999852222
735 772 999916797
72 510 37937896
994 996 113642467
221 542 999706102
854 512 999615900
790 643 999898807
857 971 978656506
288 167 987894599
734 835 999535771
899 209 999844204
425 862 600209080
745 767 999987898
509 824 999990951
508 982 999669241
283 489 31503807
514 669 16404693
872 801 322147422
162 414 999948074
583 782 999925297
31 618 999698849
467 151 792555646
438 267 999539662
993 876 209614303
550 561 608369178
365 294 999623866
504 388 999789072
384 284 31197279
413 524 361186911
1 89 999854492
469 323 6071826
972 719 999947280
563 960 999917807
373 822 361796172
561 202 999686235
984 994 152772300
33 1000 999610804
635 564 999710536
800 911 999977633
628 499 999598083
989 996 999626522
481 482 999668899
57 582 999716395
687 78 999901656
683 596 999883008
943 639 999481486
425 10 999625307
995 418 999538895
724 430 999749907
964 729 995111606
351 537 999779193
582 811 660380138
918 875 348245056
411 974 999758196
163 617 999862903
867 902 792555646
230 879 999787388
849 994 407486082
651 244 999797650
391 463 755007957
273 946 999844466
428 372 999757723
999 1000 999576252
645 280 999770373
319 699 780520031
810 714 999616778
228 500 91317518
479 860 999596979
868 98 597114527
996 716 999771843
633 436 999482127
922 951 648138420
55 828 999889278
771 793 999575934
825 553 999623068
553 941 999653757
248 679 657258858
986 720 774039682
226 958 999770467
805 901 303062517
290 373 999718639
722 128 999562981
56 434 999477460
932 295 557585861
528 683 786310148
449 369 965431685
924 442 999864925
879 368 999984443
499 574 310913858
82 495 999492216
504 782 999674439
582 504 999905258
947 926 999828205
229 720 29052351
352 406 999984539
697 319 446166965
266 730 999993840
299 533 999920580
835 820 999601841
988 986 999996735
904 983 999557933
730 493 999611656
914 941 999515514
762 888 999922602
962 676 999846058
795 986 999855705
93 865 999595138
631 318 999494289
908 433 999608155
780 414 999533844
347 258 999882763
911 924 608369178
782 917 748279235
225 932 999558423
277 154 114215527
236 781 999783260
950 956 999525516
921 672 56135189
766 835 999608908
977 887 999471568
424 971 999931267
104 628 999823243
573 608 999702967
331 204 999826762
354 922 821466310
545 346 20304193
249 468 597114527
979 841 999882953
930 658 612960996
946 669 28424661
227 453 999828081
255 90 999667579
188 194 999619766
203 56 999577725
255 527 999968552
831 827 158678007
986 860 999958527
270 195 999936442
922 897 999939389
999 686 390998201
986 419 999663513
839 491 763047401
812 783 999953997
982 992 20304193
957 993 999602240
635 513 889737800
85 47 794683610
166 196 943743528
933 929 999902856
738 871 999799157
888 294 999893990
364 795 999729031
786 916 381808978
800 777 155770160
78 654 4367493
641 822 632514673
786 523 999955906
635 850 999920619
444 23 999665961
881 864 332910200
649 547 999996199
940 677 999780182
827 729 999557607
708 97 999672839
140 415 648138420
343 814 999632578
346 880 999936890
794 700 843903047
737 728 999679032
495 22 999945427
734 701 999854169
396 914 681733253
489 822 999984696
641 697 999481131
179 51 513995860
838 769 999748455
989 351 999694315
174 891 999914355
882 947 999772642
820 56 999719431
824 937 999903198
16 80 999944426
529 793 999892648
286 523 999881471
607 300 999867300
774 300 999574629
762 813 999718234
964 740 444461555
728 700 999967782
279 567 999730056
329 278 625981137
498 657 560399519
960 976 999991558
950 949 705844671
324 277 281223600
967 931 677159060
294 618 752835741
895 816 999887698
956 980 449346050
873 982 999895007
992 864 999492715
936 800 272796744
937 316 999838765
857 322 511900438
797 148 813060766
749 816 544032344
880 645 999940008
728 403 981750963
411 589 404161340
861 672 388359041
979 960 999554319
994 999 999942987
963 972 999988602
992 993 686973187
90 96 999914653
843 179 82461454
880 707 360740872
977 479 748279235
805 457 999616922
774 608 236130573
605 865 999718045
245 597 999707741
403 460 4690957
328 204 456958615
908 953 625981137
802 783 915601554
568 559 999818205
868 853 999612633
696 605 999670209
996 995 999638635
794 829 999788711
827 514 925379879
989 297 932467843
753 246 707679907
318 864 999512341
660 792 346498133
760 964 411856644
955 867 100711874
776 987 999802893
291 787 114215527
26 872 999545883
700 218 999651695
878 859 995111606
698 813 999757570
866 865 869756798
568 945 999577278
811 789 999690458
875 748 999781175
435 633 999713564
660 569 243742690
513 279 984462417
755 414 999782516
404 524 999477206
895 877 999920690
930 854 999746511
984 986 893415300
839 342 207001340
904 387 999507647
989 538 999987637
844 989 999790999
174 678 272796744
900 708 999674311
666 675 999756282
779 794 358159608
499 855 748113626
994 529 999794663
747 772 999969236
273 785 843371424
982 928 20304193
39 953 999569996
669 603 999678121
368 595 363847853
803 783 635299532
214 338 757663176
990 938 999478754
699 694 332910200
58 73 999783980
882 679 999821539
360 510 999602980
631 857 680937808
771 47 999621801
973 946 999483651
717 588 747912778
972 920 999674294
380 485 999476386
328 299 923439322
902 930 999484090
749 536 999808163
75 474 999807770
989 976 652656277
648 394 999512709
703 716 999725654
965 995 999969025
936 974 999485004
854 505 999716007
811 759 999672287
716 910 569389095
474 471 999569017
562 685 999695714
490 514 999977579
937 888 561866646
231 802 21040834
884 318 131642589
210 413 999701985
540 26 999718584
980 938 352567798
331 713 999876593
135 57 999797899
858 707 999482127
148 583 999485377
804 188 836819880
544 406 999801430
770 123 999792398
619 240 285422359
716 677 361186911
647 956 999482281
400 153 970416030
382 700 999966354
580 651 999567157
665 174 999943079
761 677 229063350
764 309 999697526
941 427 999705784
796 869 999494363
863 804 135621672
928 966 999619548
34 979 253559129
989 972 999677061
741 975 336846947
538 549 281223600
369 955 999791281
836 891 999906383
594 125 999882388
579 970 999930411
218 787 446166965
803 533 999961027
343 496 999769972
829 274 999506498
762 682 82461454
817 754 707679907
754 250 999970892
369 608 632514673
880 920 999538700
953 935 999949954
600 534 85180284
390 352 999484271
510 576 999889708
758 870 445028885
576 474 999996931
935 996 444461555
827 857 999912482
262 985 999483084
351 467 994622027
400 689 999917459
421 897 999729181
169 267 520523005
702 883 999539805
701 794 999662598
457 57 999612494
81 249 183718901
900 32 999820737
626 496 999495535
167 559 191065569
665 12 798257564
817 727 999825537
915 186 999874657
735 608 999703353
196 786 809984673
717 855 999533320
959 584 999664406
594 136 81435566
238 656 227950845
875 877 818760393
782 9 272796744
858 808 999629883
112 67 999907557
971 633 743678406
664 747 999810069
551 565 999566507
951 999 149348152
857 984 999922343
586 708 100711874
727 683 999544099
501 571 360740872
609 450 941362711
671 497 56135189
959 409 999704776
228 243 999846558
842 309 290785273
296 861 999882446
866 876 423170108
336 884 999474811
327 533 999489119
311 50 999701009
254 603 390998201
272 938 999613643
56 235 493745072
930 803 999784418
993 694 343637356
335 84 805675596
429 105 131642589
338 46 999717774
664 503 999613379
938 942 999649142
145 660 29052351
157 9 999533474
825 266 999489132
841 118 873761965
800 674 664879415
339 892 999782326
506 979 207800
246 518 518882533
106 848 686123021
215 843 493745072
482 102 999611191
687 906 760008440
627 154 76043622
450 521 999716443
560 281 999788078
649 215 999496990
648 280 337413922
841 859 999482601
201 679 999509540
844 887 333010147
660 344 999496355
936 937 999501872
530 263 999952277
654 363 991336213
887 605 999858808
740 918 722114681
964 816 21366333
801 904 860943315
867 967 999635475
523 338 999836702
970 995 982663673
871 704 999828113
962 883 999818519
116 619 999557016
889 803 747912778
419 719 449346050
954 904 999853496
214 601 821466310
781 520 999589161
277 479 742534214
810 697 561596164
977 895 569389095
18 940 932467843
941 170 999817168
750 746 637721793
874 734 999561397
776 775 999523546
831 671 968291756
407 405 999794819
766 920 999937127
492 426 999471568
980 685 999493443
306 999 597114527
801 323 999579488
70 170 999772160
671 767 999713404
652 444 999498075
154 668 999531331
356 820 999622799
995 999 999832484
904 906 999604706
412 101 114215527
812 567 999853019
631 902 691377370
972 877 999827751
300 374 999652707
661 562 971598536
375 18 999762934
61 727 465976578
419 796 999890785
769 554 999586903
950 957 292390760
490 839 999731630
629 511 999859365
512 860 443885017
928 662 999661008
811 196 142949469
56 244 382678701
431 272 999705364
834 11 999476520
461 454 719047052
39 779 999802998
123 641 540085834
650 106 599606711
498 481 999882495
542 436 998141928
991 103 999580433
721 317 622270384
262 765 761666838
789 695 999642402
972 969 774039682
407 654 618819739
681 395 999948623
232 989 999757138
373 726 999911794
601 448 999969833
139 952 999586769
784 486 695527403
574 748 787517844
773 863 999725858
692 673 661938288
520 530 999547430
280 947 999547676
876 951 999606739
481 500 999668170
390 450 999918914
864 876 710958078
998 892 999820121
490 991 999811787
733 373 999928320
604 857 750172070
998 880 999707731
470 795 999773899
278 557 999542280
779 427 47465279
723 142 999502579
555 852 999938680
631 646 999882422
859 560 999813970
711 933 999571416
346 367 851052073
728 186 999764602
469 940 928024873
478 906 871514676
589 757 999564438
866 104 999606735
327 467 999580670
151 330 999949697
678 630 999604132
834 929 999750238
469 63 999881901
740 407 999802182
819 980 999784313
739 454 999910194
305 962 999652293
464 691 737151078
295 702 999923667
161 622 999654329
225 104 999842015
312 732 141384933
611 923 999493295
646 9 999483847
542 202 211836859
67 685 999739082
994 206 999690787
669 905 999901435
977 997 493794789
702 955 999611527
871 655 333010147
983 969 999501581
322 341 999587454
575 590 886365134
905 959 999879814
817 708 999781671
952 951 999786142
790 865 999543649
525 500 410454646
610 537 999902217
283 995 999728249
921 690 999778918
888 345 352567798
905 818 92285550
480 185 686123021
962 717 999605667
991 996 550433541
944 850 999889411
394 192 64526226
175 701 522409299
740 910 292390760
895 796 291707629
907 913 285422359
521 888 999967871
106 83 166390391
714 741 999773051
387 489 968291756
263 667 999576580
949 928 999504969
993 976 999722670
785 449 544259819
515 698 999825277
831 291 999883841
972 841 999538078
965 724 894391036
376 139 622270384
989 528 999595604
875 819 999613309
900 361 999590622
995 997 999971839
885 855 999887631
214 992 154727293
309 638 999511110
325 7 999709991
98 144 999604620
501 689 232692128
151 511 550433541
257 875 999494220
750 324 999902206
782 943 999957151
543 499 999543014
451 274 999947493
254 173 200040437
951 975 999663815
975 621 999611250
573 876 999572058
857 756 999680702
781 776 999632242
499 773 999635656
29 33 999678201
496 978 999765407
169 389 999827747
530 507 999896843
972 485 999633942
946 803 999810243
209 76 886365134
150 599 31197279
245 314 322147422
654 627 493794789
405 535 999986690
554 366 999579692
620 529 513995860
298 398 999899878
956 946 978656506
654 750 999988956
715 989 999734860
897 927 530541140
925 941 999761744
236 64 999687249
384 124 748113626
751 103 999870254
199 106 530500530
252 687 635299532
146 923 999551982
914 948 999568329
885 986 53340099
284 20 48396967
633 573 837484065
350 384 522409299
80 150 48396967
902 984 999616910
160 961 193317104
413 897 291707629
540 844 999918508
803 852 999967916
753 764 999507202
849 739 999973208
869 502 397516225
861 680 431316608
222 467 999644348
497 278 999895038
777 827 999887333
392 836 999669012
23 278 999980494
721 934 382678701
827 458 140886431
722 351 595747527
679 544 45864049
938 314 999599727
628 543 300199824
9 81 873761965
1000 511 999594098
145 82 999510295
610 609 999864408
679 77 999979119
918 925 999780432
629 868 101857745
717 856 999566164
1000 208 954917249
830 271 984462417
538 426 999657686
167 774 518882533
662 739 100711874
484 14 999626467
367 809 999514382
748 385 928024873
792 394 10748418
411 587 747912778
886 836 999863044
190 675 999814288
954 659 999681688
125 772 300199824
834 934 381349679
479 982 999722225
740 655 930106403
1000 995 200040437
926 950 969149317
820 666 50499500
896 880 522200508
757 705 999741970
670 21 999962059
267 233 114215527
981 497 337413922
646 530 999829998
509 553 879654457
593 74 642146375
461 180 915601554
985 942 999871653
843 950 999941577
46 332 999853038
670 674 999527235
649 755 999588270
458 702 999679285
193 99 432751730
124 430 748113626
685 684 999981511
701 697 999723032
374 642 999947737
736 293 999703683
479 210 999974612
564 721 999696177
356 755 149348152
841 967 999756848
975 710 843903047
970 94 999743456
895 336 999770757
165 591 473646631
717 163 423674434
914 513 999949344
935 982 132315298
952 569 999693057
873 963 879798261
999 975 999665811
221 17 999967227
856 472 560399519
953 711 132315298
692 694 999535587
681 208 999631680
402 447 912346082
273 485 619348413
611 927 31197279
478 565 999761469
523 487 78481277
853 894 999510892
479 607 612960996
270 855 999477202
790 666 999735284
790 702 999569570
871 106 89335134
724 571 999986210
464 795 912207390
551 28 999588514
885 988 618819739
692 347 999568384
697 997 858306077
362 743 92473388
234 49 999571291
938 517 999747420
469 266 999476278
763 158 999471644
921 852 999578482
499 270 999519357
897 898 141028645
146 714 999803577
770 757 999723456
888 882 999710983
752 779 999564200
139 719 999788510
969 963 172225352
992 879 999792322
792 687 999893588
596 966 999914145
67 459 419287074
1000 982 47465279
810 973 999813696
165 346 999589893
47 983 999565282
572 713 999567327
93 962 999940696
661 948 999843738
264 353 987894599
913 894 788185356
135 874 443885017
773 588 999471568
312 189 446166965
868 645 999789103
415 481 964784995
998 560 999848058
91 695 229063350
19 505 999767688
930 594 397516225
785 791 999993733
383 154 999643421
39 650 514524197
868 474 999911090
638 786 64364388
369 467 999537692
853 723 999707237
905 300 229063350
724 989 999582078
560 658 999917320
956 571 999528034
618 757 999719412
952 816 999951757
237 96 999769323
300 373 207800
513 802 999894517
441 412 999981919
497 258 999502891
896 505 999996115
740 558 999758462
726 678 999811421
343 571 999689827
730 702 999800458
960 604 999947318
904 549 999936438
835 778 889737800
570 62 999807347
975 797 232692128
979 945 397516225
850 511 999664279
611 890 20304193
270 242 999936289
973 967 172225352
859 875 999698107
654 456 999891488
874 640 332910200
794 243 330434556
993 969 978656506
815 517 999972336
856 769 999649638
955 754 76423315
325 9 999626989
758 777 999703494
884 928 999682813
943 957 999636906
328 348 999738186
430 557 999886852
979 943 748279235
942 569 999985197
618 619 47465279
410 893 999753013
683 742 999996995
968 985 999831538
599 953 999667058
653 868 999918505
654 892 68433064
616 977 999810773
848 806 999836212
158 852 999522022
897 950 711711485
832 942 999475297
214 644 999609387
9 221 999781356
262 496 999696586
475 717 743678406
899 979 999766746
865 761 999867572
885 911 999598954
986 955 999935112
765 595 999675511
814 745 999835343
175 43 999555833
793 500 999733798
105 668 837484065
8 957 154727293
832 986 999946553
805 536 813060766
992 969 999749520
182 617 999778399
785 894 15854977
929 843 999952692
169 412 616018354
988 983 97550125
153 87 879439705
983 834 999757845
599 246 420790786
994 391 117567259
521 252 861393925
274 419 404161340
774 991 999667330
753 994 999537710
957 276 999771375
899 914 963990345
329 660 207800
488 638 999981964
724 363 427236493
300 362 999633406
494 769 999698732
129 726 999513907
22 271 272331587
29 747 999508822
766 781 963990345
46 703 227950845
858 43 209614303
460 229 999954614
658 736 707679907
888 873 411856644
422 24 999525534
854 801 999991820
321 288 472472210
943 107 198219377
878 918 154790449
637 224 999977072
677 841 17841383
257 509 4618997
757 404 999972141
767 391 999526367
497 587 999829422
929 976 89335134
173 147 999687846
419 590 999675058
306 307 999994941
898 636 994622027
690 835 999890915
545 694 999520306
828 749 999767581
641 90 228445549
820 811 999906207
265 797 999824683
738 441 999515593
713 706 326821936
997 996 445028885
341 499 17841383
662 851 999675429
991 995 113102118
505 361 23031552
803 875 450720613
971 780 999480081
931 50 999732323
139 943 113642467
268 697 999818272
473 919 999507159
136 205 925379879
647 711 999534706
906 986 861393925
994 997 428636062
169 516 730320689
17 198 999996936
692 702 999669556
699 720 45322772
975 390 999804806
835 848 544032344
980 169 999624841
938 479 954917249
888 715 999926439
929 428 381808978
345 417 999836899
291 972 999544001
476 5 999483014
245 906 999878492
999 109 999718117
426 481 199800549
808 665 999951005
903 689 999780363
733 700 999978566
452 526 444461555
993 204 999559886
958 856 999680265
668 438 209614303
915 672 999472238
770 39 999821386
904 972 999710842
980 293 999575870
967 801 336846947
981 974 613297431
623 795 999992781
949 637 736463143
777 983 999729076
218 998 520288295
445 770 999586700
575 299 999916385
896 882 999759315
338 698 999597601
117 817 999572396
120 629 999782138
960 576 999748415
853 938 808517836
488 937 999837920
32 512 79224139
362 365 700358908
360 278 999514854
897 896 381349679
147 506 999810059
728 615 999815828
518 236 497063865
686 331 381349679
234 474 999872829
968 899 371274306
154 215 132315298
870 421 821466310
778 669 999478861
65 142 999875613
839 910 999555268
680 908 999875877
891 552 999658183
815 826 999579756
408 674 999589594
423 896 999768279
951 729 928024873
736 388 999665200
796 986 547655556
497 932 999833788
447 281 101857745
249 503 999590125
890 484 999498983
317 829 999917288
756 715 999497902
301 834 999578175
873 856 999675204
397 915 64364388
888 254 30468942
884 964 999971044
20 424 340584092
644 307 23517449
201 720 999536647
962 758 4618997
712 48 346498133
744 923 590315811
932 710 999992172
877 797 435366125
702 407 675271313
731 805 999668229
633 616 273323037
388 733 146307016
864 830 999491462
616 722 999920758
119 182 999963548
418 709 999508278
1000 998 999518327
869 731 999926247
796 903 500824652
772 934 544259819
941 992 999742359
899 830 656740102
837 789 999858379
419 30 6071826
196 552 456958615
142 556 690031218
861 976 999806735
516 892 135621672
475 364 999826950
381 673 999875058
454 460 894391036
268 485 172225352
841 387 999962276
998 981 271101164
387 352 16404693
565 699 999499908
321 646 999588253
308 233 999604908
628 639 232227233
785 727 999769527
323 757 999565902
521 104 160970427
111 467 709817974
718 898 508523885
754 864 85180284
598 584 10748418
87 956 872847327
762 373 999654748
975 878 999918051
169 9 999972310
1000 865 999806464
580 696 999603991
91 486 999801962
974 892 45322772
364 920 999484645
415 875 967688321
291 730 999687148
968 860 198219377
994 640 999733619
691 527 999707923
734 353 232692128
889 973 999696826
932 985 354729459
782 755 68433064
944 945 91929428
996 933 62230863
40 154 999896063
905 746 999922963
429 771 333010147
760 875 472472210
824 190 999832654
700 623 999942016
750 435 999669486
627 417 67491156
234 148 999770001
944 958 991336213
437 27 999669315
134 931 999545263
285 798 999860127
852 348 111288926
637 304 999798321
928 962 999769741
771 393 135621672
854 637 91317518
11 343 688630665
453 551 999689809
987 572 343637356
862 569 999629597
809 873 999862333
664 431 4690957
19 50 812256188
992 550 281223600
622 596 786310148
999 814 44737911
331 198 999904065
907 986 912207390
212 335 999708548
891 955 999692170
491 672 999774157
686 244 999758981
983 872 999867605
938 971 999939052
607 511 999909071
839 715 272796744
155 349 493794789
693 757 999824895
115 325 146902400
663 18 632514673
479 889 999666050
663 425 999769737
912 608 20304193
952 896 23517449
440 784 762201949
93 777 711940683
969 347 999491601
906 980 999663629
344 66 999474971
199 485 237517670
275 627 967688321
846 884 40109482
885 715 941362711
484 490 999732239
985 896 999694254
839 146 999774170
753 441 999851738
994 919 705464964
778 862 943450472
853 765 579121072
186 24 999666159
920 350 941357912
97 911 999930367
71 738 999915898
599 328 428636062
830 972 999471568
103 638 999666749
76 908 657258858
353 253 999692338
447 593 172225352
41 562 999633991
884 978 999666536
9 536 659614069
720 567 999839337
990 993 794683610
869 827 999548416
769 541 700358908
574 673 233855496
628 900 999611421
866 953 757663176
601 657 999952596
734 28 136617003
873 780 999811811
73 570 999685305
871 769 999837243
696 660 330434556
838 896 999493392
890 771 637721793
785 950 78481277
308 951 999637170
443 539 999987841
879 829 999863313
891 576 999807656
101 304 332910200
969 977 999941449
963 708 999625927
771 375 798257564
781 486 999956274
813 474 928024873
275 35 999642784
244 115 999758021
344 177 277552200
816 837 458410214
133 65 999715248
325 186 999532894
371 967 154790449
711 147 353308196
568 412 999681115
539 804 76423315
8 104 999548596
592 852 999888343
344 311 999485594
715 574 999696333
965 583 358159608
740 735 612960996
729 805 999907614
658 708 999498813
468 817 813060766
682 337 999868952
931 20 879798261
465 467 999903203
558 703 353308196
921 139 935207198
553 567 999830380
930 929 761939730
782 968 705844671
407 146 680937808
954 786 999589354
880 430 78481277
717 666 999688239
889 892 999720441
840 781 999471837
