1000 5000 999999997
260 228 424268814
908 778 601495798
401 536 94976313
377 672 145147004
716 72 761978065
12 855 610801945
298 550 541365526
635 893 84819976
349 499 239504737
478 828 102385214
757 845 123238330
13 756 297829414
984 294 427131165
527 681 301403711
45 890 224690886
44 526 6935451
21 702 194268637
183 370 860675106
30 595 235958165
812 299 194268637
285 988 429731479
322 597 941252337
643 508 27175238
895 71 834699475
626 71 482229251
661 571 527682989
967 137 860675106
472 254 478246056
529 893 817705682
143 432 817705682
471 465 482229251
573 715 301403711
613 230 407179642
336 162 161721754
217 963 429731479
897 137 197809279
465 352 827585084
165 572 57981056
236 246 600367495
834 293 302206834
716 528 465620241
519 19 610393861
880 472 20831815
547 831 420517973
171 874 118547487
158 399 999149718
38 791 516042575
255 504 88171636
421 1000 566665190
937 743 430643161
645 577 610801945
142 956 156955067
144 705 775375783
593 587 600367495
220 735 902275118
326 870 572470678
246 951 775375783
838 527 796548895
833 335 833642483
62 271 394545541
921 259 88697936
208 537 619084914
775 853 454687956
274 906 829443578
478 725 387444811
579 733 745206257
89 667 223741101
925 74 190110593
24 955 959256554
342 983 836826546
185 20 114648212
566 427 303321079
846 320 460477841
15 169 633208318
297 3 401851847
980 374 687740576
989 36 123238330
166 121 88097189
997 600 361773809
648 723 834355903
440 903 889378737
878 208 229135829
185 541 431081298
976 117 541365526
437 819 282749802
407 738 753103527
867 426 394392932
543 871 941252337
846 521 564993118
538 802 984775093
114 840 485999390
439 714 407179642
189 272 394392932
411 458 67943722
576 870 156955067
573 279 469399348
703 360 610636884
349 608 66294371
267 525 402216731
240 702 932282111
156 707 916461000
571 907 407179642
947 133 367470339
579 834 566665190
248 691 684900922
851 277 118547487
431 59 668248296
802 151 399720419
530 624 767661106
724 122 638353879
658 93 66294371
776 393 547043667
754 789 858674006
326 321 479600982
728 819 960080431
864 258 1881604
357 702 853584257
650 915 874012906
557 879 389230949
365 880 751626530
483 156 165394345
777 606 813531540
287 286 776357429
754 193 813531540
101 57 251801019
59 468 587302736
706 779 916461000
200 892 655247371
61 990 645098192
814 174 668248296
943 660 147046104
203 393 73813603
758 149 954913869
788 886 52623853
49 348 293290871
142 349 684900922
500 438 859585305
78 795 954913869
996 967 438546016
695 790 882781321
83 86 258978646
898 690 104043756
34 635 229135829
313 736 372468414
362 161 652757792
467 157 64762437
201 461 892455617
131 596 404023411
523 159 785414162
535 51 137797669
96 762 485999390
492 757 239504737
467 98 190110593
473 481 900050292
202 926 244229484
361 740 893438749
611 299 361773809
216 320 117165147
995 931 793747697
875 237 164013263
178 671 666429336
932 659 945376029
222 553 906000300
721 987 27175238
215 872 516042575
445 13 175478135
457 821 938727151
720 846 188053587
933 955 646892034
406 331 645098192
786 836 400460670
923 977 941252337
310 718 88097189
265 341 57981056
682 786 244936718
654 427 267240844
727 664 556109690
689 664 630857682
583 138 331331390
744 558 357646189
482 233 237769993
244 269 400460670
540 932 263838613
21 796 900050292
816 425 541365526
502 879 468936649
65 107 137404786
346 718 490924231
207 876 393840421
495 409 572470678
973 730 517037028
987 477 988340964
69 329 132411324
75 538 387444811
127 515 89798283
995 505 713821902
125 642 353918677
102 311 816868388
463 992 191488044
652 795 816868388
413 363 27175238
11 550 45450396
719 643 962345497
652 22 988340964
451 152 962345497
342 510 763874048
598 897 945376029
485 322 456759807
27 95 83663380
259 940 431081298
387 347 834355903
487 298 380719127
129 89 541365526
486 645 849476988
768 25 311198530
678 827 237996270
761 347 96670506
804 742 331906330
80 304 484873104
881 992 301403711
808 998 103626981
697 39 164013263
502 133 666921058
268 493 619982538
462 863 999149718
948 649 816868388
17 381 164013263
756 902 23703356
394 630 952561065
124 316 931068928
157 284 229135829
617 369 782851640
119 291 903971714
704 56 283892190
171 456 294964096
951 238 83663380
777 434 175457665
926 518 998501392
924 959 903971714
609 234 660594543
950 300 937108163
9 869 64762437
579 118 931068928
592 68 838990835
889 745 5433701
154 176 542987846
132 850 494149933
652 932 389230949
492 744 533681757
679 946 242901014
823 352 135480587
729 773 164013263
199 235 353918677
746 459 926778036
304 608 319144873
953 984 191488044
955 213 902275118
427 591 1438091
613 691 572470678
534 500 829443578
29 490 94976313
493 502 448528522
388 62 5433701
562 467 224690886
439 306 363986330
545 356 916461000
583 463 151576241
943 539 860675106
764 217 827216275
577 272 837804284
680 131 88097189
957 369 65121182
777 506 319144873
444 382 767661106
679 383 6935451
284 690 404023411
568 442 954913869
703 681 839260813
108 65 449596834
226 973 641275428
381 695 498069289
643 374 849476988
403 996 931068928
993 485 300188811
112 316 854332687
87 667 785414162
699 295 638518082
13 820 642742620
662 955 649183062
747 906 760222018
298 627 300188811
109 908 361773809
774 521 931068928
335 399 282749802
517 397 182821205
299 798 216474922
412 157 439460679
872 938 353827311
835 105 755249273
943 250 137797669
951 848 429826444
87 694 827216275
557 726 221369477
182 423 161721754
995 64 674201808
913 15 446738044
276 88 223741101
420 439 478246056
274 571 353918677
597 568 602153065
653 306 630857682
462 787 787964984
245 172 311644402
770 318 992081451
637 378 839260813
93 301 612741293
997 360 723233877
740 167 507035109
35 139 687740576
333 231 787964984
876 514 853584257
402 674 859585305
511 431 427131165
540 443 793747697
55 468 275629789
329 264 438645555
594 106 429829256
164 402 970844690
380 353 564993118
327 514 270968357
473 340 280816252
395 597 810316034
734 695 844649000
513 195 999149718
84 282 837705608
245 263 604781632
469 807 179858871
406 452 179551957
875 97 519914287
144 524 881171694
231 123 281587729
833 564 278439955
175 298 78125578
970 891 610636884
665 644 258529898
927 752 222051765
871 286 347371384
584 661 372545827
839 522 439460679
753 550 484873104
491 382 80970820
736 683 534499811
315 314 94576727
333 962 94576727
348 487 6226188
641 29 245970240
386 21 933472470
42 217 404023411
468 958 796548895
781 917 961724636
743 977 387444811
27 478 607941390
105 859 181682143
266 704 165394345
803 501 579301038
19 44 684900922
154 301 619084914
179 442 916066857
171 50 674201808
275 818 834699475
730 525 221369477
396 299 301403711
536 929 57981056
336 186 595922325
1 890 635407715
589 427 572301215
575 10 612741293
623 458 33790161
280 58 839135946
546 392 595922325
658 128 353827311
653 484 315847423
298 295 745206257
516 965 1881604
706 499 10047853
480 468 353827311
911 652 587302736
583 580 357646189
791 588 836826546
566 261 796548895
694 618 194268637
578 89 261873267
502 139 935789193
438 604 348407595
856 116 947300783
6 152 519853566
100 825 619982538
590 495 751727308
830 732 280233181
588 998 666429336
917 161 970844690
918 370 245970240
384 336 10047853
855 8 406343280
346 4 623386677
153 623 80970820
649 192 438546016
19 224 417520211
953 603 646892034
211 957 998501392
578 253 882781321
937 765 237996270
681 66 739281916
496 379 223042072
304 208 33790161
542 74 619084914
161 256 48427900
251 404 654679243
192 712 274545998
716 472 601495798
260 794 579301038
464 120 278439955
777 763 902275118
424 531 432891765
772 191 94384126
311 163 573581596
663 106 996460274
400 483 539392567
862 463 761619353
227 660 844294002
270 12 769835404
62 737 20831815
780 11 791792441
751 891 136798014
134 964 579301038
675 938 481520799
735 16 610636884
345 425 61912006
354 424 926778036
512 919 996460274
633 968 399720419
323 421 954913869
130 90 645098192
585 417 372468414
459 755 494149933
434 73 827585084
65 149 845033620
270 243 6935451
753 805 207272139
422 308 604781632
103 647 813531540
794 176 751727308
921 244 61912006
546 844 654679243
370 737 967471303
98 716 199140414
789 363 140293967
354 373 311644402
415 318 222051765
601 525 179858871
839 419 989195490
945 994 980344241
90 404 1210606
434 571 782851640
503 417 164013263
793 515 162790462
761 274 331906330
283 18 740583599
640 688 516042575
451 759 507035109
323 482 992081451
639 672 8611485
555 986 241119676
229 729 223741101
656 448 493814919
719 632 430643161
210 723 372468414
62 991 751626530
111 665 188053587
501 887 549423355
224 219 215131995
395 449 490438072
951 890 882724377
362 122 849476988
21 746 10047853
145 436 274545998
48 377 427131165
861 661 970844690
529 509 151576241
33 528 361399295
882 709 882724377
450 708 132411324
349 312 183218556
71 624 382824746
885 595 282749802
164 869 955934835
290 77 892455617
994 607 283892190
126 289 61912006
178 355 654679243
176 872 267240844
497 278 135480587
954 736 610801945
547 68 118547487
477 744 478246056
628 418 548188551
835 496 235958165
551 768 490924231
258 906 739281916
549 495 931068928
973 685 980344241
876 776 175478135
578 947 642180431
23 117 833760561
213 371 860675106
630 7 478246056
197 460 229135829
679 41 442501320
149 461 912017424
895 579 659781245
927 196 945376029
104 545 275549659
477 280 438645555
990 376 221369477
96 941 961724636
742 157 755249273
721 14 104043756
695 817 372468414
928 936 579301038
209 616 88697936
619 965 543477473
249 406 394545541
769 357 340953145
808 959 215131995
620 196 197809279
340 424 11300879
743 463 393840421
151 380 94976313
713 982 242850050
833 832 619084914
436 274 432891765
683 361 331331390
232 686 507035109
999 639 901263766
368 375 353918677
925 243 479600982
13 728 935789193
290 176 380719127
275 948 941252337
562 462 944242698
84 691 598819233
778 303 782851640
127 446 94976313
810 581 573581596
863 214 52738969
484 922 427131165
76 715 294964096
321 131 14971903
527 857 251801019
760 716 929601132
245 548 976217070
664 94 668248296
88 457 347129526
246 126 785414162
593 13 988340964
357 416 471489201
271 188 844649000
278 498 844294002
561 356 331875053
471 794 668248296
103 492 882724377
606 152 833760561
802 196 359488517
386 961 182821205
242 516 761619353
950 218 366557026
450 513 191488044
655 62 719593518
247 854 604766571
533 469 372545827
169 741 542987846
391 414 242850050
386 697 361399295
104 252 6935451
600 916 125837655
141 788 319144873
370 52 674201808
92 528 125837655
847 88 70888358
539 346 849476988
296 986 767661106
40 970 318720407
989 815 353729573
760 348 791197863
32 482 791197863
426 969 241119676
336 700 261873267
18 912 257115515
874 625 14971903
597 866 809587914
176 87 438645555
356 950 999149718
817 693 469399348
65 364 45027089
806 602 992249951
67 993 638518082
802 237 778113405
523 170 998501392
988 672 357646189
810 651 66563484
648 718 347129526
317 904 156955067
454 63 649183062
312 13 534499811
776 231 303321079
839 876 889378737
423 972 157530806
856 818 481520799
243 776 439460679
604 949 424268814
181 149 282749802
606 513 175478135
847 158 859585305
643 884 361399295
132 952 123238330
41 93 528776924
959 243 181682143
831 710 528776924
548 361 858353628
513 42 739281916
723 957 80970820
146 826 49873647
621 944 548188551
695 171 937108163
99 770 96670506
516 675 817705682
934 635 115836487
306 750 845033620
985 648 992081451
290 124 654679243
37 63 642180431
340 338 88097189
552 472 893438749
152 605 401851847
831 888 641275428
749 941 827216275
259 176 498069289
148 912 170391108
731 712 48427900
109 767 823380715
485 704 992101641
249 443 477054914
422 96 853491505
289 802 844649000
111 307 660594543
474 580 893438749
636 737 239504737
393 21 980344241
272 217 516042575
931 15 278244381
128 70 239496545
562 135 179858871
541 442 791792441
244 435 630857682
818 319 519897557
161 469 916066857
745 367 8611485
964 580 957384391
114 462 241119676
698 880 223741101
532 930 810316034
194 624 81611134
770 899 889779756
942 955 527682989
206 302 251801019
994 919 833642483
168 204 140337078
144 675 6935451
36 778 361187887
600 480 755249273
560 274 454687956
551 274 216474922
581 964 980344241
22 72 816868388
125 994 710689090
700 529 175457665
811 138 382824746
468 646 687740576
819 28 172396377
910 754 118547487
813 633 145147004
351 853 157530806
141 609 810316034
299 241 241119676
440 981 280233181
801 230 81611134
696 214 283892190
607 273 593974861
22 85 184581480
509 785 359488517
404 326 427131165
387 897 684985416
21 305 776357429
57 987 549423355
594 226 889378737
418 600 9865908
283 742 57981056
548 558 429731479
873 367 642180431
257 336 440553086
100 337 833642483
109 678 223741101
669 153 761381354
869 860 45027089
349 394 387444811
729 901 370364051
476 166 957384391
652 234 188053587
494 596 868424648
111 621 449985891
743 563 372468414
585 554 519897557
369 292 478246056
473 421 645098192
230 432 945679741
425 449 128568987
161 556 280816252
814 915 823380715
640 259 190110593
585 972 438546016
622 555 635407715
903 668 793747697
920 585 955934835
115 365 184581480
783 122 336255260
745 930 380902186
173 743 431081298
377 398 913761630
291 231 528776924
152 971 52623853
611 460 455842880
515 864 528776924
713 914 175478135
415 538 194948872
111 212 252259333
928 86 348407595
621 47 761619353
842 51 49873647
807 989 556109690
283 368 541365526
749 342 836826546
731 687 156955067
849 770 188053587
475 833 829443578
488 54 197809279
344 424 399720419
711 562 317386320
327 113 970844690
824 936 901723381
187 46 490438072
919 140 88697936
929 465 337914675
205 603 380902186
184 258 402216731
318 754 976217070
771 135 147046104
328 453 191488044
974 384 315851904
374 262 593974861
282 262 46943196
782 385 83663380
196 216 954913869
828 658 184581480
790 448 455842880
805 829 103626981
926 177 493814919
191 157 793747697
60 286 257705150
972 520 853584257
435 629 70888358
618 288 283892190
772 69 402216731
468 366 317386320
341 799 904160798
111 195 846382252
909 287 275549659
932 686 745206257
990 777 222051765
104 378 140337078
559 391 791197863
485 936 610393861
466 176 710689090
623 149 642742620
523 776 216474922
973 492 547043667
751 320 78125578
561 387 490924231
867 653 666921058
754 599 834355903
336 710 645098192
155 691 487812124
447 732 984775093
854 657 549423355
998 567 140337078
309 300 929601132
949 975 816868388
826 96 829443578
701 814 719593518
166 348 719593518
856 53 837705608
776 896 294964096
555 955 191488044
332 190 394545541
199 159 102385214
787 408 1210606
633 678 944242698
535 169 507035109
358 584 947796897
820 379 88847500
943 603 945376029
822 350 417520211
136 624 361399295
470 647 194268637
430 621 936408892
481 300 394392932
328 670 947300783
712 802 859585305
315 370 465620241
722 669 479113251
276 219 361187887
343 302 316138665
183 586 460477841
601 903 822629586
207 610 181682143
576 856 498069289
156 237 357646189
2 932 580078493
359 699 104043756
260 489 465620241
441 863 380902186
865 960 652757792
599 410 858674006
273 648 405805065
332 457 619084914
351 567 687740576
428 365 237769993
852 339 776357429
455 655 809354625
912 209 945679741
630 308 117165147
546 692 347371384
660 978 96670506
405 435 787964984
841 711 740583599
732 43 984775093
517 161 599376798
786 688 347129526
579 776 89798283
398 564 241119676
590 464 892455617
601 221 490186993
260 881 513561541
844 301 936408892
373 281 136798014
975 427 913761630
853 784 479600982
781 16 612741293
812 297 67943722
899 222 666429336
986 407 94576727
868 312 380902186
677 286 769835404
226 239 516042575
803 243 938727151
390 144 357646189
979 982 94976313
198 831 957384391
898 676 541365526
549 387 572301215
380 175 404023411
544 75 161216433
716 908 301403711
338 223 854332687
719 180 361773809
570 919 207272139
569 630 660594543
204 199 874012906
504 489 417520211
160 326 723233877
433 431 960320241
595 748 642742620
225 185 579301038
982 426 1881604
150 612 962345497
436 308 183218556
372 362 407179642
384 809 242901014
908 91 479113251
365 713 66294371
715 517 471489201
569 582 853584257
779 559 916461000
905 380 532867362
383 939 868424648
663 529 634643985
848 766 877754631
673 799 929601132
960 365 404023411
910 850 527682989
800 307 301403711
98 722 293290871
26 700 984775093
491 29 401851847
565 803 301403711
792 747 207272139
330 630 628261183
219 589 80970820
532 835 769835404
614 359 245970240
638 823 64762437
894 50 520219465
348 543 490924231
193 602 151576241
252 31 933472470
774 299 103626981
389 476 821363577
799 973 404023411
117 755 367470339
434 739 102385214
852 918 849476988
709 477 207272139
935 325 610801945
467 631 684985416
444 574 96670506
548 858 473197211
188 490 140293967
612 2 261873267
615 529 70888358
880 81 935789193
219 196 904160798
8 782 932598211
343 716 258529898
721 689 162790462
889 874 980344241
877 468 114648212
892 324 662245710
98 837 431081298
366 479 513561541
34 41 275629789
935 164 791197863
670 781 579301038
277 590 456759807
522 900 591131354
5 30 125837655
476 350 275629789
313 188 442501320
775 187 775375783
100 810 282749802
561 717 281587729
901 871 889378737
488 146 670546663
843 543 224690886
67 372 13528165
634 932 838990835
217 5 937108163
797 775 777575707
82 468 809354625
535 666 469116352
883 733 668248296
72 79 628392815
920 278 469116352
472 178 59665750
244 165 989379570
830 14 710689090
883 63 607941390
102 161 263838613
966 612 439460679
575 171 348407595
674 424 363986330
585 763 271644039
970 334 88697936
495 913 882781321
664 429 194268637
986 227 734243532
356 84 541365526
65 587 591131354
681 892 307240001
575 405 844294002
684 864 901723381
675 507 170391108
293 147 331875053
317 889 604781632
802 247 380902186
539 473 261873267
271 174 278439955
916 773 599376798
21 186 600367495
177 71 136798014
110 939 628392815
421 675 999260058
754 373 999977585
671 226 999582122
921 855 999421968
988 703 999559762
441 221 999835207
698 448 999209267
936 683 999459832
985 926 999543700
722 840 999222033
892 979 999652227
245 49 460477841
750 658 999754271
198 536 999813321
992 994 999718967
370 630 999237353
258 243 999586640
984 295 999653615
537 405 999789618
440 708 999167642
938 999 999883962
213 656 999464117
163 277 939306887
838 865 999619338
769 659 999503597
877 913 999934027
939 205 999315265
115 249 999856341
720 680 999752171
862 242 638518082
143 692 999305931
936 206 999447201
510 448 999458609
951 924 999882558
33 167 999746715
396 926 999398880
174 623 337914675
405 541 999978011
609 89 999895946
832 428 999677738
991 107 999400056
596 363 999836722
27 947 999967317
878 824 999194825
339 444 999470323
950 955 999615438
973 831 999813107
151 729 999896539
411 147 999811995
934 371 999670980
323 512 999751338
924 839 999855099
800 518 999290040
562 579 999895386
509 22 999268860
1 454 147046104
525 803 999347655
998 997 999954763
743 76 999863691
826 565 999760247
926 921 999687767
1000 175 528776924
464 742 999948547
795 486 999699136
924 292 999636654
260 419 999698413
754 42 999364478
830 903 999280852
304 407 999220308
583 955 999374571
185 662 999983996
781 693 999325169
748 916 999590762
741 360 999940714
362 391 827216275
952 980 999408677
909 657 999574148
632 602 999596791
572 656 999512787
928 889 999406331
984 915 999448802
828 297 999235185
891 360 999950807
987 604 999639006
897 744 999886869
394 425 999772238
857 619 999552573
201 217 999935360
620 158 999463084
896 567 999437671
36 562 89798283
782 916 999600628
727 621 999890865
682 717 999724474
773 281 999581813
183 394 999353279
939 880 999849156
795 596 999612815
876 947 999641105
643 527 999607222
888 733 999949611
865 252 999398074
551 80 999221673
80 712 999793137
772 530 999284705
995 968 999287527
837 736 999414632
677 909 999677394
271 582 999248388
433 784 999541879
599 437 999889361
834 575 999564564
972 968 999337289
976 367 999729727
658 903 999756210
838 427 999889693
602 982 999276203
34 989 999917412
37 691 999472538
691 922 999436073
810 601 999380452
736 826 999541015
889 855 999187632
520 774 999827801
745 956 999906768
86 845 999280671
496 784 999968584
721 126 999932651
971 697 999315686
681 841 999959416
667 810 999931807
778 700 999159978
360 488 999873990
969 713 999379928
141 731 999529848
850 812 999880340
929 761 999701376
283 318 999400292
814 328 999490944
466 33 999281861
984 988 999224923
463 802 999636869
605 928 999956066
628 705 999617520
863 651 999930083
1 704 999479078
704 860 999544360
6 693 258529898
949 973 999260235
909 718 999907436
893 985 999448498
902 1000 999581544
447 563 999417719
133 927 999655008
664 735 999481375
556 763 999232603
633 846 999819965
690 948 999685144
618 740 999360081
992 993 999923200
304 699 999377405
936 974 999357567
409 837 999389291
752 672 999605399
808 993 999616289
936 770 999611654
901 626 999633435
774 979 999910173
89 413 999640685
474 21 999880788
974 995 999901430
998 698 999874548
859 19 999809906
98 773 999911468
969 896 999797504
540 50 999458763
906 889 999843737
880 894 999856985
405 963 999234661
243 280 999247402
663 795 999195103
880 496 999483676
717 715 999692764
281 727 999577880
700 979 999603343
199 489 6935451
958 843 999976724
991 940 999923909
128 40 999252186
752 911 999761373
22 187 999248335
670 917 999616841
545 913 999617769
666 789 999286826
657 33 999640814
658 145 999233202
384 397 999387186
221 464 999938295
713 300 999728253
670 893 999588512
286 273 999574682
977 958 999773702
271 334 999613980
995 979 999707345
910 718 999151034
729 192 999512990
611 499 999742274
230 54 999879864
419 623 999632639
848 932 999174858
151 210 999398823
918 847 999559242
350 699 999754274
713 686 999697346
143 116 847039053
792 518 669378686
997 171 363986330
824 976 999987501
251 783 999928100
868 887 999999967
928 932 427131165
985 960 999805147
977 943 999435406
151 499 999552623
791 246 999556885
985 986 999726924
677 608 999896875
580 372 999186462
954 981 999691133
780 93 999309795
486 363 999874602
942 499 999324040
254 287 999643153
618 952 999597870
605 442 517037028
335 612 999707339
741 989 999546258
155 633 999161745
950 828 999547827
288 386 999785859
813 405 999238482
928 719 999748895
855 779 999397031
176 527 999363590
494 42 999818272
439 867 593974861
505 663 999830817
396 804 999752973
818 43 999179849
378 382 235958165
304 558 999325016
512 38 947300783
995 453 999247859
71 980 278439955
479 819 999631573
100 444 999236779
20 291 347129526
393 747 999169415
837 669 429826444
772 383 999217880
631 790 999187339
695 699 999856682
253 992 999225092
278 131 999885198
453 869 999607332
947 515 999745843
841 649 689459338
904 610 999617900
179 294 999487013
504 33 999715729
467 607 999577201
257 978 999389594
617 963 999689565
39 213 258529898
644 379 999231459
963 397 999598464
799 954 999564426
352 755 999739179
700 828 999261698
767 928 999632909
925 321 999476331
811 726 999429359
494 479 999968694
133 432 999394477
838 315 999632858
577 334 999957042
294 504 999372966
198 974 999585045
568 841 999949483
189 459 999961526
819 793 999296589
963 652 999569140
19 517 999763810
561 490 999282590
605 319 999938000
934 1000 999591536
395 752 999728977
862 859 999855268
518 567 999791887
523 569 633208318
813 661 999227595
369 586 999389792
644 593 999703441
576 820 999853185
828 875 999972980
491 407 999577054
901 932 999784885
923 138 164013263
798 893 999763273
955 936 999490181
615 611 999963351
65 563 999171195
375 883 999932562
311 435 999346063
473 540 999294062
628 952 999981455
820 241 999792995
233 220 999440439
107 418 999817612
815 991 999740483
916 865 999991645
918 817 999537231
525 790 999381044
452 697 999775498
973 994 999867160
461 241 999801929
291 908 999336755
421 395 999881673
833 787 999839175
931 841 999483096
280 327 999205072
778 7 999251140
766 715 999297621
833 874 999224597
276 577 649183062
161 591 999890168
513 832 999493698
441 609 999187245
575 415 999624469
367 880 999923549
747 256 999436211
876 365 999181604
849 501 633208318
930 126 999237880
168 67 999288295
991 992 999583993
875 635 999621735
511 907 999729961
478 900 999222328
705 978 999871589
749 502 999753553
621 746 999566615
938 939 999892709
651 828 999179923
755 379 999470275
850 825 999797328
912 953 999896204
753 700 999659402
250 838 999227679
829 219 999776675
836 540 999762500
618 35 999852790
157 257 493814919
732 905 999345874
557 675 999784198
69 45 999579792
946 517 999506969
144 872 619982538
760 614 999189524
151 704 999504245
436 633 999312614
51 14 999948710
706 730 999599687
934 209 999229663
763 418 999930307
930 150 999454911
444 606 999605720
449 142 23703356
958 963 999282989
672 416 999882636
675 372 999226652
691 621 999474874
23 96 999654808
444 15 999160035
951 190 999225840
970 997 999506670
820 574 999362191
166 251 999633037
233 510 999410765
928 815 999999145
412 325 999330660
774 34 858674006
101 634 999864152
744 20 999701322
946 583 999269487
838 717 999698886
697 357 331875053
402 338 999671068
909 107 999736896
785 810 999769259
550 895 999859047
806 934 999552372
646 689 999275194
572 343 999393992
888 907 999981464
885 431 999153496
219 134 999630912
956 899 999188011
590 608 999429593
918 935 999836353
126 238 999207959
915 835 999680691
882 961 999153408
885 939 999629686
781 859 999170993
585 414 999649803
452 963 999602895
822 907 999491985
925 926 999282598
829 877 999710738
902 545 999685168
225 454 999486760
252 182 999285394
16 205 999570482
669 586 455842880
378 846 999846746
951 752 999367227
414 313 999560190
843 983 999446073
967 966 999260315
36 480 999613087
163 585 999916355
183 250 999587821
865 366 999885772
124 790 999797893
807 259 999182030
883 492 999797717
165 173 999160890
688 814 999792734
273 863 999533441
866 861 999623394
595 598 999887612
517 778 999202625
830 175 999277418
630 164 999782751
745 710 999350950
877 669 135480587
803 520 999152054
686 158 170391108
734 990 999277308
962 960 999256283
388 686 999312952
565 815 999958275
903 900 999318137
436 836 20831815
112 692 999676660
934 644 999952290
227 689 999646939
911 743 999473219
388 690 999319953
825 796 999703098
954 817 999824554
790 902 999742004
39 36 999589444
939 298 999175982
576 76 999586376
967 957 999773924
352 751 999434411
217 645 999623458
690 920 999713261
853 485 957129702
38 537 999886514
471 315 837804284
704 664 999436793
515 138 999716445
521 919 999222242
216 408 999348695
917 982 999658854
989 560 999512557
304 97 999679273
764 950 999326514
848 713 999217709
261 684 999172929
196 677 999294512
860 910 999929923
134 729 999914340
785 737 999595293
835 217 999493349
615 395 999566030
897 771 999690373
783 974 999597198
883 121 140337078
978 379 114648212
652 287 999359370
97 140 999168079
714 522 999806056
469 465 999884772
797 584 999269023
975 986 999693883
614 9 999181692
949 941 999549262
979 970 999828360
205 514 999308253
139 892 999825566
670 255 999866328
796 644 999587898
560 692 999168596
264 954 999950520
883 923 999739921
535 975 999552331
154 356 999384087
993 907 999563802
115 929 999983209
834 698 999253595
653 133 791197863
606 546 999653687
878 644 999850827
690 822 999824904
980 991 999983957
514 387 999702406
692 679 999758887
75 563 456759807
199 417 999504521
791 968 999907677
984 475 999502539
954 461 999304781
626 237 999369051
101 241 454687956
891 377 999914048
364 339 999420786
307 946 999273930
188 315 999671099
900 791 999787566
222 440 999619335
919 986 999358208
959 726 999796312
652 480 999691255
913 510 493814919
452 198 999567704
545 321 999743993
821 428 755249273
403 779 999794309
477 19 999944010
588 857 999325637
991 110 999974159
868 273 999700661
294 651 999172150
907 943 999812863
849 870 999620963
858 669 999539821
463 809 999681733
906 966 999507988
367 270 999334004
222 436 999651613
415 410 999681611
746 757 999959763
796 315 999334421
951 827 999214210
565 723 999812635
376 532 999549807
963 758 999315034
687 733 999403762
355 305 999616803
977 967 999178587
616 796 999656859
798 490 999729691
185 298 999445915
735 669 999683391
170 730 999380360
8 306 999776067
997 530 999575798
811 847 999794045
609 619 999646111
983 701 999978893
995 969 999429052
977 278 999364610
866 869 999433716
815 631 999632800
936 984 999162852
862 606 999182703
280 472 999306590
181 877 999757522
703 71 999166329
782 585 999352471
227 441 999368614
46 783 94576727
598 273 245970240
790 684 999713918
697 736 429731479
93 938 999711555
992 983 999842911
873 54 157530806
519 630 999382266
850 663 999607770
281 461 999962358
842 725 999576037
534 5 999493857
508 712 999329965
728 837 999602758
876 769 999465472
594 252 999860425
959 850 999943665
991 875 999486750
918 233 999343406
422 164 999355238
989 957 999399116
180 188 347129526
145 559 999390139
790 783 999515517
895 936 999787692
653 768 999330576
812 871 999940495
800 756 156955067
666 225 999768366
562 539 999870531
952 701 999648757
882 815 999366829
924 699 999350449
250 564 999662800
891 622 999174483
645 739 999686373
724 943 999979553
41 401 999766567
963 1000 999296204
862 909 999336226
459 373 999417387
821 387 184581480
351 730 999232268
759 907 999549977
875 554 999360526
506 613 999828586
824 803 999358117
909 895 999367551
997 839 999948979
986 982 999493901
10 152 933472470
888 807 999799521
398 651 999568196
767 364 999463866
988 805 999476045
874 997 999380952
237 216 999226939
412 66 999266008
773 848 999557107
995 864 999548793
953 723 999477939
836 787 999746908
478 303 999861969
406 958 999480498
969 754 999410180
690 897 999661552
793 849 999988865
625 843 999278606
225 907 999248014
672 553 999437508
9 818 999168646
54 760 999880779
574 90 999811082
888 878 999302402
984 227 999181835
867 28 999732466
15 153 999546754
493 510 999782561
559 898 999206379
415 277 761381354
770 743 223741101
271 313 999237515
892 889 999731892
250 550 999460982
168 912 745206257
471 990 999669645
142 323 666429336
618 755 999870485
679 595 999452311
970 883 999434794
51 998 999527266
629 566 999829603
645 629 999911768
683 138 50357971
344 938 999178692
398 502 999960366
818 687 999628218
749 952 999642211
245 699 453999650
257 185 999852254
814 645 999886590
482 793 999699259
53 835 999794810
864 74 839135946
175 423 999322682
690 939 999558966
978 473 999433844
968 403 999914897
881 346 999891497
224 831 999486932
516 991 999299571
152 836 999657972
259 433 999480282
59 990 999661058
108 684 999554399
995 964 999980865
977 704 999467568
966 975 999764044
762 944 999599189
437 22 999637915
548 735 999909656
637 447 999936205
858 675 999335357
831 84 999474154
901 839 999514880
375 277 257115515
866 810 999186842
752 571 999961825
85 542 999615796
811 884 999834980
153 132 999305722
984 998 999748956
732 473 80970820
301 571 999408639
905 930 999963934
331 250 999634812
898 879 999223030
411 546 999191950
166 152 999485547
557 529 999898403
413 768 999682467
233 756 999628867
353 706 280233181
526 841 999322778
672 574 999919026
460 654 999346121
576 8 46943196
581 793 999856647
397 793 999308945
651 934 999308215
803 911 999869823
700 493 999376907
704 651 999737358
374 744 999938213
993 994 999162571
497 211 976217070
996 302 858578329
953 944 999215894
773 441 999337591
1000 985 999405295
840 385 999168905
553 994 999754583
348 497 50908839
784 922 999879324
562 596 999676024
208 503 813531540
852 801 999845988
231 814 999931837
267 104 999483237
929 988 999529537
504 223 999484244
315 640 999869400
199 725 666921058
193 742 999373317
919 665 999553296
765 361 999847288
237 932 135480587
964 694 999621636
894 755 999987271
446 212 999774318
664 421 889779756
399 44 999410721
388 494 548188551
997 973 999515828
39 314 999357210
362 553 999956622
926 981 999862453
183 393 999299444
720 958 999335324
610 545 999254623
609 148 999851056
698 856 960320241
353 632 999869169
965 961 999678565
544 419 999466717
11 42 999664029
799 591 999683057
393 94 999169654
794 783 999720539
611 831 999651685
712 742 999421899
16 620 999303281
1000 549 999415453
536 952 999280571
916 4 999504043
828 665 542987846
750 566 999754443
732 1000 999646902
697 907 999365829
429 80 999185494
11 115 999449384
431 185 516042575
204 425 999783677
618 810 999641246
189 297 999593655
779 780 999971950
616 897 999807156
356 428 999342777
592 738 999932786
986 978 999939717
856 227 999738962
907 841 999385226
942 915 999531225
139 89 999608294
997 975 999493078
919 875 999558287
220 269 999821524
927 894 999483279
810 868 999506212
641 886 999600978
561 403 999784051
414 773 999561647
341 792 401851847
150 558 687740576
41 293 999815002
616 807 999167240
908 158 999436948
832 744 999566801
445 713 999960990
13 352 999276963
876 845 999994523
966 430 999627583
306 266 999449434
801 789 604781632
908 602 999218745
982 977 999991526
993 441 999671983
526 468 999281891
507 861 999319601
920 677 999183246
969 571 999371282
643 148 999798149
561 137 999623991
22 829 999991520
889 735 999529849
988 70 999952194
915 150 999261401
713 478 999954669
36 987 999467938
105 177 999856100
742 876 999595511
31 17 64762437
747 808 999480990
896 852 999447303
984 719 999951235
612 942 999559658
941 990 999839305
302 913 999408937
929 878 999512464
977 65 999551629
643 196 999479261
877 904 999574617
145 148 541365526
997 820 999165463
838 789 999944403
128 33 999567341
432 785 999336068
122 761 999842648
618 582 999335632
612 31 999738752
535 300 999706747
313 392 999917320
747 518 999291823
931 748 999565365
910 989 999711732
622 714 999194782
720 578 999701821
783 394 999657478
947 882 999871239
739 414 999616422
700 408 999534179
505 941 999357060
969 928 999965302
865 519 999279826
214 4 999467864
879 676 999626817
673 296 999764443
913 807 999864174
782 701 999312780
456 557 999572651
925 861 999220681
726 999 999251490
980 124 999760108
712 512 999993989
755 675 999918523
621 510 49864177
765 271 999507660
368 180 999557531
404 357 999898540
653 970 999700311
935 933 999481129
712 646 999661109
742 88 999991163
979 987 999391542
851 747 999177373
919 792 999598486
969 996 999240922
488 598 999510691
1 746 999671024
741 178 999335425
67 68 999243195
805 941 999579213
261 906 999921765
81 403 999257084
340 527 999171390
965 161 999212181
796 296 999506043
808 997 999617058
843 54 999860953
925 878 999389697
541 743 999640939
926 950 999324431
480 248 999537823
670 720 999220203
800 621 999993087
341 542 999910173
524 137 999465560
879 849 999469851
863 817 999901560
602 687 999411451
890 982 999815984
368 425 999637407
783 142 999876803
661 737 999158310
309 254 999976714
969 957 999735915
566 11 45450396
356 681 999149816
3 988 999976269
388 691 999339550
974 432 999340579
975 645 999380151
424 950 999723353
463 679 999802433
951 21 999611538
884 905 999345860
16 307 999909448
997 256 999250968
296 17 999210585
102 902 999158325
954 869 999886065
661 178 999325560
828 512 999453550
595 646 999846240
887 846 999774157
999 884 999682579
975 903 999761852
958 891 999574936
853 423 999515701
353 607 999154933
353 235 999265159
854 991 999218963
680 906 999558375
873 204 999866525
829 622 999688107
665 826 999562991
518 654 999670878
484 279 999955170
187 519 999483192
948 469 999392267
890 800 999567029
798 874 999597843
537 755 999275643
243 343 999861271
376 342 999473067
514 507 999961580
539 914 999450705
874 880 172396377
631 952 999691213
693 874 999377819
329 873 999951981
672 1000 999980730
437 749 999588348
460 852 999497053
471 977 999931046
936 860 999877071
469 742 999188907
832 914 999992592
487 782 999194913
982 574 999474233
588 127 992101641
729 893 999624336
233 30 999255095
591 976 999471560
537 193 999525584
905 872 999851858
672 957 999863161
61 976 999910341
229 738 999234351
291 839 999209116
22 818 999656445
814 462 999425096
117 585 999468185
746 80 999628229
848 900 999801034
429 637 999467942
954 779 999795401
934 950 999918185
721 56 424268814
780 347 473197211
362 267 999299857
937 734 929601132
976 940 999763888
922 938 999821054
937 844 999458462
643 146 999982509
726 574 999850943
289 735 999957344
875 381 389230949
652 900 999410796
406 506 999390964
110 857 999842556
979 938 999410603
337 985 999841735
965 517 999830472
403 571 999170740
136 548 999717991
38 305 999913641
933 985 999999173
836 58 999404909
817 820 999509128
856 670 999450702
736 528 999923030
758 818 999631393
481 800 999336480
722 568 999817848
327 768 999414544
663 788 999511530
810 772 999933822
543 629 999553191
827 839 999212641
780 64 999529643
118 100 999349132
122 876 834699475
520 947 999253771
325 745 999743558
703 679 999663270
985 938 999305060
985 890 999961539
959 304 999947229
241 832 999213288
895 669 999766141
784 96 999382035
379 29 999824311
663 819 999739687
918 845 999612291
462 534 999470128
623 320 999210480
509 324 999484108
812 609 999438900
252 333 999765773
65 817 999818017
749 779 999187531
111 73 999329711
258 81 999653449
520 751 136798014
833 815 999535360
721 786 999932303
230 369 999295067
382 371 999972916
72 622 999925504
707 729 999573950
329 331 999209976
31 453 50357971
956 928 999763276
968 977 999796809
736 921 999544445
324 251 999169119
887 641 955934835
233 376 999954373
271 554 999373853
904 903 999873329
289 747 999892477
64 923 999152455
116 825 999885393
843 896 999790652
221 968 999815047
521 789 999821792
727 377 999264364
898 81 999572501
4 449 999380524
979 919 999160292
248 218 999801003
210 296 999949804
693 728 999452031
926 953 999875422
965 914 999464932
556 612 999163750
410 879 999216402
704 48 999781382
88 811 999246811
965 181 999285483
710 354 999586143
876 537 999543924
978 992 999697940
452 953 999999418
835 746 999813866
536 90 471489201
965 677 999776858
946 314 999601451
265 578 861699589
379 764 999911338
813 700 999425262
988 775 999722717
976 899 999584608
781 21 999444205
238 998 999472564
989 662 999327421
833 140 999730948
479 568 999598203
890 773 999548753
715 784 999477266
917 938 999326102
852 283 999790607
771 83 999159935
164 361 999805512
754 547 999946710
193 238 999888866
556 716 999403626
925 923 999417620
823 168 999620960
102 393 999391194
750 801 999545632
889 846 999839767
459 512 999254199
800 891 999434464
690 954 999691568
828 913 999578197
849 948 999955108
890 954 999936820
464 604 999306342
867 945 999764979
429 305 999483557
703 161 999309906
219 609 999783943
879 584 999416703
223 818 999225010
909 985 999950517
64 873 999864661
931 953 999730439
796 817 999612039
752 406 999491297
832 634 999379797
274 751 999249893
811 50 469399348
219 973 999962727
695 903 999603770
986 813 999171521
926 426 999253548
373 760 999429068
813 842 999755152
651 850 999596325
988 789 999186393
661 251 999825446
925 161 999562897
229 139 999391555
779 748 999578747
910 722 999952356
166 644 999710002
609 689 999721407
864 167 999597211
685 866 999321376
869 711 999942402
588 833 999877678
297 896 224690886
30 237 999934903
201 138 999508812
117 402 999987684
913 959 999752280
801 986 999500635
968 970 999463654
304 837 999420717
479 668 999763822
774 808 999800574
977 975 999916678
355 438 999678126
903 784 999173314
592 14 999530501
221 387 999362594
247 596 999759182
867 778 999875300
781 633 999251055
937 858 999293910
901 295 595922325
229 902 999450420
976 391 999954924
404 392 999956032
775 238 999689008
681 46 999445548
692 752 999688688
907 35 999167187
605 561 999205285
110 781 999523509
638 441 999557251
761 14 999801612
116 853 999344496
35 461 999669504
643 685 999412048
555 279 999913012
92 927 939306887
677 792 280816252
593 351 999317170
642 684 999291453
643 618 999573775
704 768 999874878
870 979 999232234
660 752 999492607
604 296 760222018
387 585 999541425
506 756 999602477
787 827 999852250
317 295 999705747
308 893 999371107
827 846 999168549
970 730 999706267
646 846 999658440
987 896 999282170
982 769 999628093
878 307 999412884
979 973 118547487
764 730 999640581
742 498 999669687
938 220 999411327
802 392 999435236
400 955 999433276
669 900 999565903
457 590 999599815
954 909 999340660
767 59 619084914
842 867 999955937
29 25 999301071
877 902 999372047
713 130 137797669
805 651 999749763
509 625 999771621
396 56 999282124
856 905 999670062
422 707 999723767
995 252 999353536
246 135 999592555
900 354 999546521
118 476 999842540
781 988 999179649
570 25 999396243
527 370 999302561
986 351 999444714
174 654 999679185
885 296 999495471
436 175 999945870
355 790 999845151
356 350 999785159
413 889 999787429
860 831 999878203
871 717 999928179
766 965 999956250
120 405 999747783
645 255 999842640
937 904 999982992
986 930 999636754
893 971 999507203
561 463 999386591
516 754 999553573
979 964 999981770
519 131 999179719
891 559 999969265
760 6 999275671
370 565 999302661
262 695 999373718
154 149 999334125
35 773 999823480
949 812 614583399
509 70 999752085
861 796 999715100
868 838 999225680
711 792 999676644
573 420 999579096
28 174 999624843
957 981 999237411
799 405 999299824
969 737 999854165
989 986 999632913
773 964 999317572
766 691 999656513
435 3 999221648
764 612 999239716
921 876 999764341
965 791 999685225
484 507 401851847
456 636 999388486
561 965 999886726
869 887 999991572
202 25 999289176
593 805 999847800
527 859 999648089
762 285 999757515
929 178 999852955
596 724 999891120
555 858 999614732
459 644 999401266
680 996 999505511
108 250 999949400
536 890 999483124
528 468 999952633
493 616 999459016
500 526 999858349
522 380 999571593
320 113 999443316
687 749 999213142
975 433 999529670
853 871 999205087
193 408 999365298
594 987 999292692
132 601 999928909
937 714 999484389
737 506 999327035
880 786 999506171
837 97 999308295
748 952 999290228
585 531 999954918
344 350 999282963
193 846 999909517
478 701 999566450
450 442 999860169
899 912 999427930
28 887 999337370
258 170 999885924
71 180 999376980
310 277 999541510
335 591 999287908
860 712 999942254
971 965 999352923
931 969 999588933
605 519 999169861
638 994 999221394
299 647 999837534
60 167 999769990
943 688 999959973
407 528 999287843
735 365 999680988
704 668 999462691
769 50 999924800
362 514 999440329
908 200 999205359
384 954 999503138
859 778 999898763
154 523 314161556
869 521 999825500
332 762 999788341
987 988 999724817
979 954 999639845
630 794 999153272
965 977 999159930
161 334 999557066
271 623 999973210
912 601 999908884
880 636 999578960
396 300 999795408
409 243 980344241
357 887 999681040
417 90 999271154
543 177 242991634
557 250 999961652
557 175 999476712
631 771 999593446
762 580 999692667
309 836 999423812
962 706 999261568
996 971 999885281
286 63 267240844
399 147 999736974
581 655 999266827
764 42 145147004
972 900 999306214
422 89 999871886
856 780 999603362
705 466 999907111
958 201 999436817
983 511 999604252
864 834 999469828
135 452 999992182
161 860 999830970
821 838 999797538
972 214 999605842
807 734 999335114
802 771 999514124
958 654 999167683
745 755 999278826
317 925 999328366
524 754 6226188
957 902 999669152
758 801 999739538
184 785 999690128
472 513 999876292
703 979 999947080
605 451 999836509
505 971 999477987
879 163 999260070
4 458 999973493
888 716 999707231
913 451 999793619
810 643 999733602
504 928 999622112
861 869 999999066
574 327 394545541
138 342 999917211
420 446 612741293
796 941 999295869
241 434 315847423
617 911 999458600
380 371 999178752
420 161 999920732
663 399 999922262
922 823 999339928
798 364 999970256
879 900 999204570
298 221 999514769
904 940 999813792
594 797 999956933
887 400 999496506
760 754 999167876
653 928 999591037
727 915 20831815
737 698 999746630
971 992 999930885
137 680 999533709
92 751 999564188
651 699 999791431
264 133 361399295
397 952 999909963
365 783 999467352
896 802 999808456
633 213 999548063
169 899 999218458
986 390 999268071
899 876 999995837
288 576 999465876
197 366 999358454
476 359 999582528
637 595 999192887
837 711 999977782
945 607 999652079
667 446 999252183
348 354 999848210
859 779 999653018
153 120 999430903
974 805 999352390
729 315 999186738
55 694 999450486
632 49 947300783
755 548 165394345
822 181 999459949
701 622 999540461
635 571 999209195
849 736 999775800
204 576 999235003
974 331 999895930
737 103 102385214
290 698 999995941
687 509 999389198
983 675 999453979
6 305 999860568
355 971 999544474
42 46 999953033
216 442 999363850
751 663 999455488
971 994 999260890
934 951 999435185
909 978 999190351
357 618 999544859
443 719 999525471
182 404 999241872
763 718 999474472
810 942 999294104
570 454 999464203
746 729 999862918
808 246 999941820
609 75 1881604
913 930 999604991
170 841 999984359
942 862 999501905
263 728 999180655
462 152 999920217
813 242 999194895
944 977 999570851
860 923 999875876
691 350 999266097
700 166 999538884
756 690 999915730
353 478 999432367
737 513 999645032
875 913 999367413
317 203 999613669
955 909 543477473
959 957 999845290
974 655 999347002
639 684 999479355
835 901 999901898
398 675 999465782
480 333 999356204
337 930 999227489
248 755 999192053
179 231 999639418
305 981 999335835
151 850 999207124
866 947 999217452
99 318 999901866
396 729 999757850
995 828 999582856
66 291 999716017
998 846 999567072
969 536 999911502
144 220 999886191
210 246 999571343
954 951 999569801
88 174 999750929
747 847 427131165
175 518 999277884
661 719 999158591
274 435 999186824
692 914 999874809
25 858 999478612
523 371 999877119
468 534 999335400
548 954 999738324
390 201 999547012
727 343 999640125
972 655 999411455
952 985 999656061
233 554 999597798
969 260 999476678
765 466 999830453
35 577 999817727
345 50 999668908
783 622 999658301
493 325 999647873
248 438 999669088
743 610 999810216
390 414 999924428
649 296 999375793
970 406 429826444
550 971 999345258
986 733 999728787
512 232 999279050
628 946 669378686
155 545 999841260
948 999 999291085
404 394 999852442
446 956 999325145
466 969 999380072
510 473 999927887
918 985 999672214
499 678 33790161
835 923 999521263
461 562 999591833
461 655 999317989
316 374 999936891
615 343 64762437
952 904 999698815
82 855 252259333
980 945 999697454
409 846 999930693
371 878 999504057
859 446 999596913
340 510 999314876
131 474 999436415
369 678 45450396
863 907 999884246
766 483 999479210
811 683 999506407
38 284 999544178
966 961 999451519
135 540 27175238
687 390 999169914
953 863 999212298
79 698 999426832
955 962 999676059
816 805 999425423
540 604 999196016
751 789 999246214
982 991 999360278
488 725 999909844
35 476 999771149
844 425 999429711
302 6 999776147
695 871 999732311
405 651 999971375
355 745 999242378
827 739 999910677
195 286 999963737
600 334 999164228
90 221 999673048
641 127 999185261
530 381 999461793
751 618 999989286
617 814 999789252
419 871 999245964
251 974 809587914
692 437 999696480
111 372 999235688
974 865 999943284
899 789 999566808
408 624 999443563
195 923 999280053
229 51 999939280
834 839 999479580
812 817 999175118
963 991 999867849
739 696 494149933
706 249 261873267
96 990 999585151
471 468 999479364
463 51 999623718
606 316 999700301
805 573 999840997
471 243 999674665
528 483 999293236
561 70 999650917
593 427 999354624
509 704 999207176
400 821 999646074
569 560 999458550
313 492 999374234
105 6 607941390
966 790 999402993
492 261 999925311
527 454 999532996
830 923 999498565
931 951 999572309
172 739 999921781
726 686 999770191
878 919 999854112
467 676 999372834
963 956 999833562
968 52 999616416
962 834 999602939
535 944 999827753
279 142 999421097
746 879 999217587
435 657 999808630
368 633 999816061
66 742 999417337
178 455 999615863
271 390 999435171
837 801 999829512
72 441 999686929
789 746 999393743
878 522 999752900
838 679 999604708
81 908 999203357
373 537 999579977
833 375 999971299
39 634 999253375
913 654 999639640
611 515 999311416
23 71 999370083
643 744 999918317
966 857 999745886
383 419 999549603
569 813 999313610
691 979 999988865
650 41 11300879
928 949 999932069
603 882 999587920
377 122 300188811
689 831 999765965
299 595 513561541
72 989 992249951
716 537 999996442
625 958 999181599
374 495 999733497
803 755 602153065
343 508 999828961
591 839 999269460
432 316 999650333
482 585 999783886
649 372 999322028
829 423 999774686
28 212 999369172
117 66 999321806
118 269 889779756
881 924 999438886
574 220 999518442
353 273 999407852
845 909 999498148
62 695 999959882
989 988 999337153
801 302 999221955
937 978 999863874
183 291 999910904
368 227 999934051
521 905 999903390
676 230 999818670
345 710 999397673
849 85 999861227
900 749 999652683
76 49 999503350
950 986 999929385
770 701 999404386
867 839 999197273
988 977 999173171
479 460 999689623
460 747 999799319
862 530 14971903
529 442 557694344
801 808 999250865
385 233 999209093
752 917 999420406
223 692 999202832
726 538 999204436
975 951 999562974
297 684 999426867
165 130 999169967
888 959 999456465
643 403 999830035
705 58 999761068
689 806 999189970
514 653 999565586
18 532 999918749
893 368 999760852
730 773 999407854
233 877 999323420
596 510 999761304
133 797 999702600
403 306 999682151
204 257 999200864
866 862 999767665
499 30 999296169
496 777 999660379
967 132 556109690
935 896 999953186
650 118 999567620
791 998 999976013
887 534 999705861
518 227 999845137
583 621 999322350
969 972 999392422
955 1000 999569702
856 96 520219465
36 881 999544502
647 678 999928047
660 619 999791323
332 536 999904875
942 335 999756902
346 825 999933574
229 779 1881604
135 234 999903041
501 714 999403434
979 978 999444929
992 67 999590977
746 535 999783626
982 135 999409333
876 396 999212952
476 767 999908284
537 243 999990445
722 772 999848580
480 447 999857616
420 498 999385533
758 564 999793761
941 886 999399833
46 393 999914513
31 5 999173349
703 534 999480386
882 680 999827485
618 343 999875813
763 434 999293213
981 362 407179642
480 692 999388986
964 1000 999688950
189 59 999664755
997 795 999279854
659 442 999258386
66 941 999905904
978 541 999462972
771 638 999876714
756 831 999971130
65 779 999481552
338 528 999871720
24 268 999528812
542 389 999665150
355 272 999311230
399 699 999793041
123 724 999425563
698 323 999491093
879 876 999699953
762 459 999258169
335 675 999954184
510 573 999870803
917 975 999295785
469 460 999479633
997 994 999377730
305 186 999967538
36 668 999831105
710 933 999295755
921 270 999791709
959 934 999716428
780 488 999980407
17 554 999368364
871 861 999706139
340 263 999947398
883 906 999789868
490 989 999501474
915 891 999710495
410 713 999870998
827 330 999651724
710 402 999417592
839 632 999216071
630 721 999664612
800 827 999951791
717 836 999986431
995 669 999390832
796 734 999539089
358 905 999609363
302 639 833642483
301 541 999618073
652 867 999532095
354 702 999993458
39 282 999650468
32 452 999670337
304 806 999663442
458 926 999928568
903 997 999701781
708 995 999160952
378 277 999392838
884 546 999623168
259 406 999634692
722 751 999866629
272 958 999860775
534 454 999628174
924 907 999619969
934 924 999423978
947 986 999364334
974 851 999688871
949 937 999873090
834 954 999617290
57 561 999493790
207 864 999719848
596 847 999447959
806 924 999498204
213 866 999934049
834 214 999849278
824 738 999320187
664 879 999731253
595 983 999524576
986 718 999573479
16 815 999155611
967 933 999711418
926 957 999582558
575 564 999770196
34 872 999835684
952 972 999974250
901 488 999444504
655 142 999485713
502 834 999944580
566 761 999655461
738 707 999258419
693 638 999431996
692 507 999965982
803 804 999441349
1000 956 999926222
818 828 999610834
973 819 999291584
272 728 999753519
965 944 999965850
987 994 999702519
49 101 999626845
507 840 999670810
479 387 999893298
132 351 999888009
307 554 999647739
607 338 999889051
226 439 999194376
777 851 999862516
855 934 999351647
939 928 999658260
419 743 999770641
476 222 999936150
73 679 999351714
954 715 999311751
683 639 999200315
956 783 999597868
293 873 485999390
176 822 999378387
451 703 999283500
415 351 999417122
609 586 999593600
996 986 999718540
715 917 999864076
524 853 999626880
583 449 999562849
36 586 999682370
855 864 999432177
822 763 999530120
941 934 999159147
716 495 999779281
530 899 999553805
878 998 999368009
967 922 999340268
518 613 999976849
232 367 999715156
626 388 363986330
322 783 999807572
495 526 999591234
591 445 999443696
859 683 999257055
776 989 999542043
788 576 999603399
816 986 999801421
955 576 999323846
877 618 999229282
428 227 999354388
738 943 999277234
988 997 999724882
621 477 999982684
30 105 999268613
745 992 999404665
114 394 999902851
719 886 999664964
766 855 999467890
813 810 999384536
75 198 999448095
699 591 999194906
940 966 999193235
593 986 999764271
752 165 999233961
483 897 999676459
495 536 999883836
831 737 999333594
611 622 999826474
872 319 999173314
57 719 999807193
81 392 999306680
902 466 999369961
803 998 999252793
30 461 999341147
755 754 999600775
711 771 999267045
522 771 999878309
831 901 999155364
175 427 999859707
69 981 999312909
204 574 999863417
743 302 999495751
990 781 999232954
428 796 999299002
218 176 999646508
421 657 999785201
865 982 999662203
116 882 999611170
750 875 999555628
66 5 999862299
901 225 999770055
644 957 999245461
628 296 999801607
962 981 999600258
713 930 999600198
326 922 999654168
850 608 999297787
227 757 401851847
629 596 999709804
444 692 140337078
830 950 999545262
266 346 999708861
974 991 999346519
809 547 999861181
964 182 999650344
829 454 999732105
263 298 999290126
559 452 945376029
227 557 999441651
637 357 999491715
857 331 999942886
695 454 999538529
300 516 999189035
343 654 999529719
551 430 190110593
395 713 999555900
343 8 999386452
105 132 999358274
925 148 999815203
879 917 999393936
315 393 999769162
816 683 999971917
858 79 999777840
406 485 999172429
753 760 999255667
95 119 999623438
234 588 999935066
560 890 999212127
578 548 999913028
193 749 999220686
368 892 999707004
656 109 999713610
963 827 999645412
786 653 999220799
291 605 999935673
757 980 999354923
757 574 999179745
947 958 999640706
90 154 999879704
436 16 999643533
685 930 999335638
85 765 999161117
677 24 448528522
671 430 999747022
340 399 999535672
109 541 999620067
739 507 999631182
660 638 999887824
181 742 475532905
966 278 999706988
998 999 999680201
31 457 999483583
16 165 280816252
66 597 999464094
966 907 999467382
810 281 104043756
651 917 999836634
499 407 999607673
3 672 999672435
557 326 999721834
361 910 999918767
21 13 999413870
840 95 999824361
402 357 999457230
702 656 999663229
927 956 999798618
651 902 999664231
29 753 481520799
770 783 999526401
815 932 999897236
175 26 11300879
646 452 999814763
534 359 999503619
278 209 999432713
943 857 999380090
116 603 999628554
666 436 999449749
571 92 999506127
403 916 999742416
752 863 999945424
405 557 999184326
718 966 999584525
972 984 999472908
591 956 999598922
691 435 999661919
891 443 999386532
596 787 999985248
49 692 999807807
901 890 999619957
979 68 999825983
486 755 999921888
989 189 999595066
661 929 999306662
703 678 999332421
847 488 999350302
847 939 999443427
59 916 999670562
976 949 999975249
288 175 999515144
76 584 999852393
948 875 999621179
984 886 999832568
981 992 999637063
115 255 999366849
185 211 999309474
605 619 999293578
798 751 999789457
995 351 999701711
631 264 999336585
681 612 999932144
729 866 999980528
925 139 999617490
984 884 999593857
151 58 999752443
388 502 999880172
534 993 999358010
983 990 999992934
373 876 999201235
921 560 999754913
492 552 999594648
191 597 999250318
289 717 999309673
145 566 999161608
681 636 999895639
982 966 999314557
881 140 999851529
285 385 999582550
940 892 999883835
407 237 945376029
944 999 999243152
988 944 999681600
962 560 999651764
660 76 999183583
679 808 999541536
46 805 999970320
644 756 999528215
794 990 999844150
764 74 999486965
205 946 999423045
121 313 999487494
730 564 999442996
727 302 999372238
866 793 999962618
690 532 999447180
957 942 999314016
869 930 199140414
306 623 999582126
753 422 999223607
34 281 999783789
66 593 999173660
854 903 999612631
516 342 999716839
860 43 280816252
859 31 999887135
583 122 999691278
119 889 999319404
631 956 999548907
821 905 999306682
179 12 999418891
852 742 999281309
606 613 999684796
666 572 607941390
747 433 999426984
803 569 999352500
534 63 861699589
896 715 999298334
189 785 999829369
997 1000 999928141
628 812 999292878
201 262 999871501
498 201 999217570
876 994 999600654
539 10 999403086
992 573 999175267
497 905 999813539
959 967 999717013
539 212 999779165
627 580 999925815
301 63 999589842
979 991 999383876
858 867 999393609
812 683 999820710
684 19 999807390
268 832 999619360
691 738 999319396
677 856 999609963
542 603 999497350
419 617 999902661
288 39 999614081
169 87 999748716
519 847 999673414
810 907 999427130
942 800 999976615
181 991 999344856
699 103 999331904
889 780 999241401
894 955 999801584
846 666 999261137
977 937 999495334
989 191 999300081
985 29 999746513
294 716 999287947
891 921 999816045
97 838 999226885
206 363 999870271
853 87 999416873
464 246 999486737
964 887 999810442
574 553 999516651
393 350 906000300
313 45 999298970
147 684 999895885
181 1 999355320
938 973 999618960
231 531 999625739
343 834 999363689
730 844 999539280
175 162 405805065
618 932 999914815
991 892 999183560
628 465 999223702
903 845 999896140
150 108 999743541
755 317 999155296
666 518 429826444
462 52 999194965
812 651 999867986
971 829 999724843
477 731 999839609
872 777 999466508
952 674 999447263
786 670 999182106
418 289 999852984
596 379 999855276
143 115 999829723
971 851 999328799
996 927 999676261
217 345 999978113
641 521 999185463
991 901 999373765
864 786 999502174
679 694 999808703
939 932 999846695
234 193 999475099
798 553 999747112
267 420 999362066
1000 998 999455844
686 322 999264988
863 821 999781942
264 784 999242277
513 492 999660005
490 532 999407415
913 886 999749653
999 735 999954165
533 310 999859891
974 970 999993249
647 275 999876936
191 819 999728346
830 939 999820065
381 96 755249273
325 437 999783009
980 508 999538067
750 768 999991558
727 973 999955114
732 812 999708329
298 896 999202072
558 864 999365687
495 244 999902588
611 539 999411765
188 960 957129702
25 603 999892751
931 844 999293628
60 484 999870410
310 447 999870192
207 311 999594333
649 220 999900725
833 654 999331746
988 985 999161051
158 680 984775093
914 923 999513243
774 231 999744496
597 810 999999584
194 197 999437291
644 357 836826546
273 562 52623853
580 289 999365532
271 929 999828178
226 203 999162206
461 441 999864138
927 963 999237999
853 204 999707460
901 968 999452395
374 169 999686462
489 392 999292354
649 630 999449242
907 792 999728440
898 298 999565183
990 986 999552941
735 147 999156694
699 931 999170409
283 531 999732677
643 951 999845650
810 983 999781461
965 966 999497960
697 739 645098192
380 696 999771107
876 802 999868838
585 630 999595680
993 848 999275732
636 213 999932203
926 546 999385675
789 811 999489092
998 996 999585493
950 982 999275519
301 150 281587729
551 939 999494418
546 996 999347179
204 657 999347757
486 429 999170258
182 514 999153658
948 800 999956268
917 659 999893162
708 364 999801603
649 586 999282719
639 968 999644609
761 78 999763068
818 653 999215435
229 312 999978006
748 759 999667403
945 773 593974861
732 114 999908271
877 298 999909239
290 339 686302488
909 836 999965346
918 968 999528450
786 789 999460105
358 188 999380244
762 637 999880384
693 837 999384400
712 935 999686380
731 608 999508471
192 27 999558198
912 900 999403592
630 873 999996011
981 497 999318112
40 630 999957512
484 716 960080431
911 39 999151240
889 689 999464016
718 382 999224946
808 607 999409529
103 241 999711565
432 676 999610608
990 523 999731887
263 711 999455045
699 843 999404515
679 736 999247803
416 536 999302789
628 322 999997562
972 236 999985783
589 938 999869604
245 460 999508043
624 879 999708360
351 992 999909150
750 431 999758181
87 290 999731740
490 22 999855639
348 713 999439704
996 924 999626023
766 695 999578596
734 941 999936749
130 434 999497403
991 997 999730458
906 796 999290371
599 607 999787846
889 941 999400607
439 46 999508497
864 952 999541804
862 245 999901061
961 782 999417202
553 392 999397845
934 985 999735766
440 951 999571497
191 785 999575470
899 627 999547702
178 223 999385361
352 58 999813687
992 821 999204470
271 888 999325423
366 403 999477512
673 765 999276833
817 935 999158434
346 585 999179889
637 166 999558280
71 801 960080431
916 730 999374667
54 366 999404819
541 597 999311954
523 78 999523213
535 813 999316721
334 38 999288544
256 81 999257989
986 977 999744916
621 695 999574615
427 465 763874048
380 911 999841977
911 528 999930602
862 959 999490479
922 44 999963609
938 975 999255632
776 74 999326172
873 982 999878697
84 66 999444905
872 778 999902647
615 562 999660472
267 705 999562088
960 935 999371586
809 848 999778528
744 642 999430414
702 274 999511873
925 195 999259710
379 993 999588688
998 988 999258194
901 975 999661462
123 865 999375474
948 37 999223592
919 288 999755470
548 365 999827685
837 627 999194089
960 810 999269591
940 776 999437290
44 185 999731482
854 715 999267714
714 733 999996642
598 501 999670307
726 549 999717455
84 769 999838583
958 188 999473726
316 875 999735998
855 148 999825560
209 899 999789072
728 404 999553569
886 685 999301751
476 993 999198391
475 493 999219347
962 705 999741135
321 22 999238424
972 159 999798327
365 363 999392996
158 506 999678243
515 439 999642204
934 961 999476518
208 175 999545916
738 792 999196147
399 874 999858693
367 381 999932451
491 151 999359672
114 375 543477473
630 110 675066956
949 682 999340944
558 536 999516073
326 896 999512570
163 286 999393054
911 940 999533911
997 978 999250108
833 688 999363567
181 179 999194980
982 312 999937864
724 587 999873276
989 746 999159463
374 593 999572100
452 591 999778817
720 452 999257602
909 908 999970822
573 53 999784771
515 800 999962015
861 350 999309869
638 245 999388188
420 306 999429197
706 802 999457791
701 511 687740576
657 201 999803815
640 156 999277008
683 142 999538136
883 905 809354625
786 127 999953380
723 972 278244381
121 651 999785872
909 797 999640159
190 455 999871525
214 88 999451070
986 14 999429836
928 940 999549670
443 298 999784511
916 717 999601113
216 57 999248435
817 610 999506904
499 950 999508334
956 774 999284266
400 750 999417840
787 867 999678844
977 974 999188929
871 151 999485919
816 346 952561065
337 530 999973655
685 823 999858676
642 997 999673296
795 243 999180936
177 614 999820044
340 474 999543775
350 355 999642853
903 505 999151098
230 233 999367976
595 585 999708019
379 786 999165749
521 638 999491313
757 113 999610682
780 694 999418625
848 233 999925559
703 992 999708535
499 739 999795675
167 591 179858871
825 824 999591995
215 400 999354244
871 203 999653696
971 874 999968216
656 504 999184162
246 362 999752261
564 293 999296044
639 853 999623271
76 40 999932199
39 561 999581324
727 435 999237260
926 783 999377304
365 850 999672051
755 820 999168247
827 659 999768316
896 713 999595564
471 413 999161029
954 846 999675858
584 670 999587374
749 734 999575898
983 680 999385907
81 264 999670491
984 981 999455461
110 467 999364918
326 632 999283538
166 982 999662592
964 552 999615743
177 228 999361493
373 801 999293628
542 675 999565958
464 448 999797538
811 354 999310040
982 947 999385894
493 277 999355675
888 44 999666993
4 483 999990827
548 288 999346938
24 78 999343617
525 605 999410795
238 725 999162852
553 654 882724377
949 1000 999515944
488 370 999917438
635 287 999521079
685 800 999939527
657 923 999745288
687 817 999956085
904 828 999262812
615 536 999609414
990 972 999236887
931 774 999431706
595 367 999532750
836 95 999800310
808 862 999417545
411 586 999368062
922 960 999520251
484 546 999944179
313 978 999890725
748 954 999907379
436 897 999679764
992 954 999563878
750 644 999379280
522 487 999623311
706 841 999475055
852 295 999721897
738 927 755437920
272 320 999203185
914 262 999827696
582 82 999275445
591 527 999265110
174 161 548188551
936 947 999632081
907 976 999757847
882 77 999921831
242 770 999909100
329 22 89798283
851 157 66563484
508 922 761381354
764 577 999661763
758 174 999601190
886 390 999393674
782 440 999632097
715 847 999710541
802 824 999588951
603 428 999449938
698 519 999338012
691 646 999738447
822 997 999431097
746 173 999260514
835 953 999346704
438 988 999778047
700 746 999664631
497 817 999594417
540 215 999811703
702 236 999727539
24 9 999447368
638 622 999269822
696 75 999285114
946 971 999265469
808 886 999957188
918 658 999260325
990 977 999700138
215 635 999875301
213 444 999405928
874 923 999752891
437 7 999837649
885 547 999835584
766 890 999846526
551 158 999661579
956 932 999601662
296 588 999373244
995 819 999439365
777 251 999724931
592 955 999548100
412 818 999832899
859 286 999673816
309 979 999829342
828 706 999385022
881 949 999227124
733 647 999729184
667 23 999450913
772 658 999671392
249 320 999753729
171 357 999855223
630 897 999181309
143 654 999375393
504 938 999767511
172 167 402216731
920 957 999209834
463 575 999957806
155 331 517037028
605 237 999761917
256 242 999590188
854 818 999963704
718 724 999480337
644 65 999397788
377 652 999589757
586 529 999843540
1 17 999559428
616 734 999725965
841 748 999417153
954 749 999810893
323 491 999262200
384 964 999668409
333 994 999246955
299 413 999819948
934 990 999496796
922 855 999215968
786 968 999488083
106 404 88697936
779 126 999165177
623 729 999855585
223 290 999653164
737 826 999493169
736 717 999809211
542 575 999588683
464 706 999893756
952 890 999347967
331 918 999723020
734 713 999840373
932 899 999346414
781 302 999156228
964 903 999954279
548 501 999303586
654 683 999494483
984 985 999198069
241 44 999580244
647 535 999513077
749 363 999149724
65 375 999557689
538 766 999715906
533 825 237996270
736 752 999391585
608 217 999956389
496 309 999572885
874 909 999928785
92 31 999924713
857 589 999340515
243 136 999883584
906 491 999473268
598 814 999869786
982 976 999467342
389 36 999724683
961 985 999162355
971 503 999457163
394 932 999600474
587 958 999626046
371 261 659781245
396 755 999695201
762 682 999544508
642 838 999423540
456 921 999715934
504 147 999451494
909 663 999275346
614 869 999435351
845 871 999621111
734 87 999356844
668 214 957129702
156 761 999595809
569 107 999358713
1000 735 999278948
567 587 999170136
622 358 999896544
599 458 999719202
934 954 999633563
729 954 999899574
359 353 999802400
177 83 999808497
609 838 999717926
874 910 999645296
827 705 999642398
738 761 999472648
811 390 999257536
923 913 999168533
919 963 999248700
996 990 999850671
360 826 999749482
979 968 999626707
96 105 999973656
992 786 999297994
458 886 999187569
188 981 999219780
424 608 999928470
267 55 999811722
64 528 938727151
258 796 999710351
663 848 456759807
251 314 999517207
839 605 999277172
861 986 999734870
694 474 999771503
962 887 999547083
269 946 999535238
975 688 999265268
403 825 999920642
890 679 242901014
513 948 999557563
431 365 960080431
113 937 484873104
579 715 999498095
730 726 999687581
845 403 999726762
890 910 999409310
34 27 999594843
991 242 999968360
660 9 999512247
704 711 999832021
859 941 999457426
903 645 999565736
599 514 999716368
55 419 999757829
1000 295 999735594
808 929 999920178
484 117 999271395
907 904 999746940
894 966 999558709
751 80 999383641
625 888 999504247
448 717 999578997
872 693 999364441
150 839 999779588
733 597 999876432
423 753 999326963
915 959 999886104
816 994 999867821
929 291 999402139
666 355 999335164
764 773 999725357
233 33 999473493
135 714 999151077
304 395 652757792
494 892 999482772
377 859 999816263
741 355 999960162
534 842 999752854
87 672 999672586
577 763 999910796
906 580 999229330
358 346 999487227
109 696 194948872
314 98 999802286
209 46 999990551
840 743 999179278
941 959 999307221
42 58 163731828
341 971 999530328
558 795 999936564
646 534 999184919
218 375 999883913
705 904 999856070
99 479 999709999
705 197 999188527
322 693 490924231
732 909 999453634
885 629 999372530
687 768 999561677
295 797 999569757
578 980 999895964
528 917 999794717
605 894 999714996
840 478 999897885
685 689 999286760
608 450 999323872
525 168 999866655
390 593 999918368
567 522 999684543
227 692 999977926
705 512 999411229
436 342 999539452
917 921 999401997
899 926 999789046
728 430 999609197
113 159 999151873
578 631 999927124
745 26 999725882
886 807 999978394
703 697 999262558
557 708 999826264
892 770 999514324
840 996 999640462
756 997 999680964
447 477 999682514
145 909 999679393
144 441 164013263
598 736 999463027
547 14 999945616
914 974 999700672
729 308 999574997
995 991 999440536
373 761 999300818
818 958 999582733
246 621 999170273
576 996 999258940
850 511 999389505
355 342 999735767
407 921 245970240
848 81 999625635
999 966 999297945
998 751 999971617
915 876 999278130
166 809 297829414
728 965 999898620
934 796 999191938
910 829 999169041
997 986 999969412
619 484 999365751
171 690 999957857
430 123 999302068
514 44 999788227
996 795 999436910
363 813 999576227
790 914 999455057
985 309 999814397
138 367 999603986
870 844 999236336
817 247 999306804
670 498 999160475
965 946 999300580
916 189 999550335
924 988 999267740
37 233 999396717
105 894 999892636
860 874 999556085
717 753 999757011
190 968 999692009
205 542 999982243
667 444 999683423
729 950 957384391
618 280 999567730
967 761 999444342
188 306 999977157
200 895 999596589
872 790 999354497
677 551 999556260
343 718 48427900
888 992 999801809
131 98 311644402
807 812 999215329
877 730 999838008
467 712 999416650
544 823 999354100
505 240 999650165
282 154 999328537
795 628 999660715
998 819 999721485
224 4 999476658
479 178 999164166
496 953 999902277
385 161 999657944
966 33 999313560
949 827 999389669
990 975 999936159
53 499 405805065
992 987 999792528
565 954 999220079
431 790 999940251
75 306 999226189
551 682 469399348
913 836 999829812
959 868 999172658
230 81 719593518
89 224 331875053
617 673 999531780
937 128 999570532
160 215 999621925
813 425 999471066
561 390 874012906
731 163 999988741
194 535 999379922
720 567 999486165
943 695 999706608
363 184 859585305
327 67 999272073
406 583 645098192
346 899 999159634
239 211 999532722
353 689 999614131
713 857 999695222
829 806 999802311
148 475 999716619
533 739 999295149
672 450 999253693
874 961 999527993
553 631 999967339
439 893 999269058
996 985 999258725
25 475 633523621
960 990 999937951
712 456 999736788
715 744 999161049
832 448 999658973
669 391 999721673
407 833 999768244
997 804 999630748
433 628 999335919
271 467 999160154
938 581 999662165
448 296 999155715
184 866 999726805
782 983 999637990
951 843 999639956
998 959 999963173
452 583 999758848
994 988 999621902
154 60 999298475
463 710 999677078
983 996 999315690
883 857 999939602
781 720 999358820
665 619 999737357
973 827 999923755
995 925 999550435
842 467 999383187
574 393 999691005
948 841 999396780
577 946 999747042
196 761 999154498
98 762 999180488
381 585 999518305
144 434 999248201
850 992 999264997
219 970 999989436
155 503 999269599
608 595 999555130
908 762 999991647
54 810 999294998
430 597 999993277
964 946 999358815
1000 974 999837532
789 170 999700059
764 875 999298432
423 520 999478848
773 389 999722921
717 414 999196386
155 356 999514253
73 10 999657838
277 399 999234611
963 999 999937387
837 883 999421952
6 939 999632433
184 582 999866055
556 889 999485648
978 970 999869353
827 831 999661150
212 134 999485877
895 583 999658529
741 878 999554365
504 239 999363884
48 188 999493974
116 868 999648518
727 937 999151064
821 667 999553911
959 942 999403607
295 546 999832999
253 280 999270244
581 414 999327838
882 305 999348737
725 714 999908782
720 890 999214104
933 308 999445020
162 50 999531259
513 929 988340964
965 147 519914287
408 512 999476276
804 982 999956247
311 208 270968357
603 436 999322179
661 179 999879544
731 707 999669492
670 978 999387831
450 778 999875801
928 482 999168702
657 492 999639966
999 997 999840111
483 280 999440946
235 405 999405464
821 736 999330611
791 611 999636058
681 740 999372008
744 852 999665906
382 712 999819616
426 734 999623195
343 286 628392815
435 379 94976313
441 989 999689722
273 331 999939352
229 542 999664026
384 684 999168655
397 911 999297257
271 194 999695401
243 124 659781245
859 159 999312330
881 761 999395775
921 819 999603388
534 242 999958181
233 810 420517973
717 132 46943196
399 107 999732431
24 58 999912359
849 858 999856186
721 945 999705761
285 780 999186901
828 661 999703150
614 598 999926415
739 326 999591157
595 694 999975134
978 947 999732309
920 786 999668943
944 438 999952489
765 435 357646189
759 940 999180191
782 812 999912918
233 283 999778518
445 694 999374702
536 217 901723381
415 38 999550736
748 942 999790968
84 79 999564000
714 900 999386528
478 997 999328533
92 824 999608882
868 912 999273360
409 214 999915655
734 487 999836619
997 574 999161935
895 835 999706713
484 206 999362051
637 457 999182020
847 544 999308437
921 677 999247930
885 793 999372231
44 39 999340202
141 912 999558815
903 894 999604948
634 998 999819741
296 73 999602194
414 280 999607323
909 970 999936127
91 980 999784740
736 566 999243750
435 358 999706646
841 708 999422454
892 754 999396897
886 287 999470188
958 430 999168965
146 127 999237560
969 932 999402967
726 657 999962118
155 859 239504737
594 315 999899421
340 541 999341825
541 399 999616430
967 713 471489201
850 647 999308156
795 524 999191548
786 944 999869730
540 649 456759807
913 783 999879957
63 696 999356566
755 240 999618872
589 36 999907015
880 610 999310044
175 112 999832243
555 283 999724412
858 988 999971572
608 510 999153609
492 759 999163458
842 890 999741359
677 387 999668261
865 712 999775156
989 264 999629887
377 50 999581829
315 805 999278437
142 695 999175992
724 894 999454632
344 691 999542684
515 632 999922562
972 959 999694573
363 530 999774672
825 459 999932679
286 101 999412433
133 841 999297953
90 891 999245571
962 828 999637897
986 360 999198974
960 868 999970595
981 140 999321366
766 55 999968904
57 956 999923286
744 688 999630315
649 10 999941702
959 1000 999336991
334 109 999158936
283 985 999881564
916 925 999853438
689 650 999964545
132 41 999869469
284 917 999275098
911 898 999864558
46 246 999152413
373 142 999608485
926 286 999362541
734 714 999888062
472 405 999364487
495 954 999859106
37 564 999558373
142 942 854332687
61 705 999163003
820 791 999274064
797 822 999719664
187 146 999272413
793 935 999352110
70 55 999862086
530 528 999986679
666 918 999763207
137 183 999546228
252 392 999231797
78 728 999932361
800 99 999710533
947 765 999865837
757 830 999749034
554 885 999856752
52 554 999397857
571 390 999936478
724 798 999299639
564 454 239504737
618 494 999889952
903 320 999434300
512 120 999752187
686 525 999337656
517 889 999950054
789 644 999634434
903 992 999249861
904 915 999364424
53 752 999587536
682 644 999866296
41 697 999811772
998 127 999718014
879 2 999222334
653 100 999571221
992 546 999432854
327 557 539392567
985 853 999951746
981 712 999772601
986 998 999229693
694 983 999440260
414 795 999288956
340 587 999513639
346 770 999760993
799 800 999803493
884 521 999352556
2 848 999944540
120 268 999542831
931 128 999287710
308 549 999699120
272 609 999407435
803 743 999246703
917 496 66294371
410 311 999444350
333 80 999586356
945 753 999764052
347 551 999154371
539 472 999223901
547 412 999902262
604 667 999160025
807 933 999160998
916 577 999714379
971 615 999653393
426 507 999623874
949 801 999776707
768 981 999609054
141 889 999640147
508 704 999430508
918 819 999687625
805 808 999500570
700 834 999590413
338 791 429826444
837 625 999331547
650 879 999189050
62 766 999893853
56 374 999353311
286 992 999559928
714 567 999359250
465 617 999610721
639 30 999518320
599 491 999478985
836 759 999183895
714 925 999477470
356 145 999439767
548 413 999307508
361 898 999801436
662 349 999376366
988 995 999268840
129 459 999334793
897 961 999450918
980 737 999270601
658 932 999865321
995 997 999928993
687 273 999420651
485 492 999448118
552 740 999671108
867 335 999182868
260 457 430643161
480 401 999850934
445 49 81611134
821 279 999501945
68 698 999720974
539 598 999235775
260 922 999405602
421 783 999457093
845 961 999761506
273 890 999695440
669 696 999478617
387 734 999376736
848 971 999638076
913 933 999273432
237 615 999857994
204 368 999412437
310 309 999651745
696 976 999166639
779 712 999686279
296 826 999460068
962 965 999223220
150 712 999227915
588 950 999360113
867 990 999329737
851 776 999939842
829 900 999339855
287 713 999428268
606 115 999640276
906 981 999161198
45 181 999551377
264 995 999354851
135 754 999455165
914 379 999935299
693 210 999971072
725 910 999714366
387 770 999466319
982 996 999154448
120 619 976217070
991 986 999863963
26 291 999875135
895 942 999461034
669 769 999926190
969 965 999798107
991 966 999474720
931 876 999435681
713 787 999152917
379 307 999550273
589 682 999539066
293 716 999966430
895 757 999882359
560 475 999365291
727 893 999150135
705 869 666429336
902 982 999661506
933 681 101174697
842 687 999485663
341 794 999464908
785 833 999796312
628 755 999405466
875 125 999940490
874 51 999933121
974 753 999904768
786 711 999212320
760 616 999609438
403 927 162790462
992 715 999246166
670 811 999607042
866 937 999617520
472 708 999770530
405 332 999424237
635 17 999464302
155 661 999954503
176 767 999523858
887 762 999692928
902 71 999284789
814 749 999564953
612 43 999824389
468 829 999624110
891 66 999864107
826 721 999457930
883 991 999591275
726 909 999767814
1 417 479600982
992 19 999829773
704 889 999354488
591 438 999388862
718 559 999551485
658 974 999236560
751 576 999786667
241 258 999628690
994 996 999627529
452 78 999891172
528 737 999205660
93 657 278244381
489 420 999582811
850 961 999812569
942 993 999807911
792 773 999746541
623 815 999931841
426 949 999957544
348 12 999491917
764 309 207272139
745 888 999778510
759 588 999677756
875 644 999651888
774 948 999161128
322 605 999693506
928 367 999698989
431 529 999194942
814 774 999720912
139 273 999957956
713 931 999186909
643 668 999375698
368 615 999597374
991 1000 999680614
809 71 999789996
984 995 999602428
728 809 999610152
536 471 999276853
435 545 999160627
947 851 999610696
757 463 999876334
460 414 999425579
993 941 999282890
912 951 999728972
903 953 999419407
939 824 999589081
425 374 999261923
996 589 999449121
963 416 763900715
661 420 999614470
162 384 999287859
951 87 999420507
974 929 999642614
754 767 999264302
927 939 999732547
183 416 999460898
684 673 999190285
222 781 649183062
423 730 999702290
953 979 999985191
587 623 999394489
338 30 999199797
219 112 999700196
995 965 999826137
846 833 999197575
694 695 999516523
492 85 999914746
382 419 999529363
374 284 999427995
921 856 999261802
646 316 999481320
299 906 999287548
435 733 999389637
832 539 999677905
561 339 359488517
572 59 999890921
967 986 999701134
234 500 242991634
70 454 999992485
879 923 999180523
986 286 999833755
788 84 999343579
446 445 999252941
420 67 999834235
628 838 999614367
991 884 999636021
16 143 999475598
791 715 999704963
664 36 999897548
440 297 999450383
893 906 999572824
939 958 999861886
982 969 999405443
75 639 999403729
996 813 999724434
1000 972 999224018
763 394 999279335
268 528 999338385
344 426 999722013
999 1000 999802790
457 774 999805857
618 752 999606867
365 167 999851776
388 649 999926410
914 9 999248183
12 858 999278984
695 673 999706482
631 409 999220201
804 641 999331204
450 578 999752542
531 917 796548895
173 909 999857336
912 947 999517292
438 477 929601132
134 247 999342435
80 771 999299529
269 973 999646051
651 933 999944196
348 399 999351490
817 710 999338845
927 915 999723011
647 359 999497638
436 542 999495452
794 553 999522320
532 535 999580578
884 961 999750248
923 752 999256827
887 598 999947405
232 777 999579878
61 513 999902929
112 882 999272958
777 273 999552213
732 41 999729398
895 723 999910903
148 590 999781529
986 588 999496534
773 866 999672668
953 88 999802019
272 336 999728360
891 120 999889165
973 917 999530042
271 742 999422815
930 439 999842061
892 766 999481066
948 781 999350873
839 613 999665810
137 983 999351725
567 651 999350230
435 721 999974568
48 610 999297004
840 580 52738969
652 699 999975567
14 914 999515172
373 797 999993491
971 963 999170192
597 558 999192005
74 751 999831998
278 122 755437920
672 724 999717680
458 28 999941956
690 839 999445695
827 818 479600982
801 882 999372378
993 340 999550991
188 872 999592728
854 780 999803374
108 325 999525809
980 955 999697115
950 984 999863886
467 25 999734025
794 669 999549601
703 893 999830340
804 576 485999390
742 663 999791192
429 210 999629685
626 771 999271255
577 928 999306282
767 910 999359044
316 748 50908839
926 835 999663235
880 396 315847423
687 923 999379127
134 185 999457727
457 12 999816894
15 279 999542353
379 734 999785761
804 846 999861842
912 287 999480382
29 130 999915317
675 514 999393319
604 853 999393188
564 176 999232962
694 638 999343958
932 342 999729484
181 289 999697509
996 979 999653585
740 893 999951005
550 749 999501582
964 814 999970270
844 858 999615194
622 586 999353840
51 267 999407478
947 874 999467601
882 956 83663380
575 868 600367495
826 811 999362450
915 949 999667077
682 602 999688392
826 733 999866302
483 471 999264478
767 806 999707397
415 873 999536172
985 999 999845890
404 203 999305057
704 652 999550094
774 572 999681024
898 512 999351768
272 38 999291574
743 509 999539369
405 967 999254550
191 308 999976614
864 647 999865202
661 631 999164194
599 260 999158609
791 806 999795064
661 181 999607518
644 394 999906704
974 604 999573270
995 896 999201790
977 639 999222236
343 900 999734056
724 177 999352023
122 485 999893280
965 836 999681619
474 330 999969776
837 406 999406143
816 299 999749213
857 197 999158752
990 999 999682273
776 146 999885798
529 984 999814534
349 420 999863547
709 869 999685626
233 529 999158229
788 497 999648914
1000 996 999651906
459 379 999908630
318 928 999193856
984 992 999618934
900 980 999547284
413 730 999558332
976 857 999780190
390 776 999236958
942 914 999269183
704 878 999993481
673 869 999929994
517 612 999232830
204 899 999376091
993 986 999277782
296 703 999692959
249 874 999599113
1000 270 860675106
605 648 999219661
894 934 65121182
649 772 999850567
874 916 999153403
484 651 999330064
977 801 999514869
653 264 999967316
928 114 999885983
522 772 999310989
206 436 999313207
866 756 999337096
207 632 999160457
423 40 999346086
115 38 999930020
945 197 999797136
953 652 999842668
304 566 999771525
813 697 999690919
716 712 999264829
307 865 999302454
925 33 999867974
950 929 999647189
228 976 999673751
590 412 999487096
313 342 999165764
983 978 999184209
962 959 999213690
578 215 258978646
766 827 999335181
499 958 999445651
933 760 999576323
104 611 999604247
952 928 999150454
809 872 999675705
529 302 999461762
834 797 999761451
566 725 999882232
897 888 999690415
366 764 999577841
905 6 684900922
868 695 999214019
943 786 999712378
8 856 999838652
873 324 999388167
855 886 999411652
254 834 999183535
870 629 999226794
935 992 999262511
826 925 999589298
595 751 136806038
452 134 999788365
364 788 999355417
824 844 810316034
446 819 999530227
784 11 145147004
104 536 996460274
525 453 999842339
668 814 999332314
801 43 999890700
814 145 999527077
943 796 999380680
515 458 999690812
830 992 999326595
529 290 999662082
148 400 999631203
147 368 999546153
815 296 999413833
216 480 999730605
872 510 999219547
423 676 999896024
951 237 999682077
682 470 999247005
994 972 999367192
54 338 999512495
239 989 999179922
707 547 999228408
990 856 999616879
783 675 999328728
248 618 999680763
766 930 999851410
352 346 999489070
316 206 999769340
619 623 999543723
593 279 999890250
970 858 999419385
283 583 936408892
276 449 999734868
712 124 999872798
551 872 999351563
152 117 999160641
955 906 999451451
37 256 999999925
616 203 999307411
677 691 999596609
85 621 999955177
704 839 999504400
859 951 999190803
757 306 179858871
479 936 999480586
16 795 999650466
731 220 999277900
198 690 999909402
437 232 999676560
603 713 999868989
153 227 999590888
658 805 999940945
987 953 999224027
553 547 999853924
510 355 999401641
994 978 999631817
820 891 999183506
957 835 999510204
970 992 999837563
902 998 999427470
325 40 538151001
202 320 999721172
899 930 999797949
187 510 999596111
563 27 999476237
79 352 999211108
4 979 999550750
620 200 634643985
153 144 999774239
979 739 999466625
777 70 999353219
214 810 999584437
594 37 999387645
612 634 999317801
522 288 137797669
732 594 999736206
452 542 999568031
546 175 999199954
694 649 999726951
258 709 604781632
682 937 999679724
874 105 999270983
270 592 999863613
14 527 393840421
566 753 999372786
886 829 999621324
391 278 999374024
692 314 999701028
598 284 999161376
653 931 827585084
912 416 999333530
775 747 999235029
210 935 999294982
968 582 481520799
851 884 999893649
982 809 999286586
346 730 999978901
261 886 999893465
692 613 999929060
500 673 999624496
435 137 999335980
150 779 999325433
48 856 999430804
67 258 999789503
434 606 999635117
889 947 999949140
597 601 999409188
965 956 999433046
385 735 999949202
808 337 327414887
159 232 999349129
934 896 999482221
872 959 999992635
653 963 999419404
754 499 999379176
873 73 999187269
644 583 999190174
989 997 745206257
284 32 944242698
966 620 999154330
151 482 999751074
900 74 366557026
817 452 999201809
986 654 999668194
864 829 999697567
484 383 999231807
881 941 999642198
535 76 999612926
415 145 999648512
16 792 999232223
673 608 999337469
949 550 787964984
155 337 999975959
820 568 999950637
309 387 999272630
990 991 999801781
734 877 999840265
786 613 999811608
981 889 999461442
753 888 999409018
360 999 999875966
874 788 999298349
702 960 999875190
53 303 999807066
567 959 999734582
471 287 33790161
976 962 999774330
971 545 999729704
978 926 999796075
170 820 992249952
36 700 999641054
938 663 999513081
436 910 999528446
976 964 999945877
751 480 931068928
73 585 999395329
908 928 999241515
908 626 404023411
865 613 999806536
737 798 999863075
261 239 999731644
930 898 999595404
456 453 999587259
514 562 999788051
774 682 999561001
980 780 999396581
491 987 999205102
437 697 999438574
894 741 999532431
875 983 999880224
454 894 999167844
978 951 999341286
387 553 999329536
22 155 999728120
350 251 999649146
326 393 999917142
867 526 999653067
734 684 999324968
597 871 999451543
622 86 999852374
27 394 999843661
834 939 999794378
527 127 999943315
897 641 999925729
281 629 999377903
844 807 999888501
347 985 999229753
156 795 999716076
493 261 999367193
986 584 999872293
966 138 999388985
551 284 999206909
835 829 999358581
822 724 999690562
872 637 999416192
242 265 999448059
986 878 999879975
640 835 999564942
996 997 999386647
31 370 999752950
316 669 999770802
794 755 999904548
227 871 999427749
324 507 999901893
173 627 999620189
310 395 999933679
309 137 199140414
871 963 999889174
415 319 216474922
801 818 999464238
791 291 999850119
148 102 767661106
290 905 999922694
989 962 999931992
862 931 999630649
592 958 999582407
259 881 999564258
180 486 999358877
970 938 999859596
610 801 999738098
840 867 999192956
947 965 999374243
676 767 999659762
933 883 999164700
887 862 999203449
722 80 999587530
593 88 999539250
820 312 999459637
116 134 999417152
815 366 999168404
846 875 999649038
883 832 999474722
874 965 999170574
763 827 999439893
755 409 999894549
933 398 999741156
174 719 999741450
723 780 999572338
980 898 999677056
944 417 999787967
129 639 753103527
553 888 999960950
507 613 999783812
942 247 999906570
796 488 999956703
186 470 999967177
956 641 999972501
288 670 449985891
535 888 999315336
620 521 999401714
541 619 999343719
453 532 999244779
822 809 999494664
992 35 999286204
52 511 999612830
967 954 999444693
944 929 999755642
410 333 999472848
196 209 999812259
920 123 999643021
160 657 999625332
420 240 999303288
840 496 999566646
599 421 999577216
478 692 103626981
843 917 999833485
861 894 999754040
812 730 999941272
731 648 492177091
982 913 999317659
678 964 999448597
719 599 999441365
872 170 999365624
896 154 33790161
935 479 999937207
325 923 999674529
934 957 999544143
759 769 999302152
517 921 999583602
885 805 999781808
744 425 999819026
703 819 999365045
963 953 999254619
697 153 858674006
187 300 999789338
91 446 999838345
558 540 999221083
159 336 999444698
886 841 999263092
262 41 999282697
876 960 999383668
949 982 999522019
659 367 999657910
633 320 999776322
786 726 999416662
398 570 999759725
917 684 162790462
247 891 245970240
686 813 999366743
555 673 999258074
946 510 999903986
463 39 999392493
978 919 999493828
536 985 532867362
692 408 999622205
891 916 999586281
628 685 999944618
927 980 999695104
838 885 999309901
143 249 999579404
156 886 999171025
320 921 78125578
137 996 999575921
894 992 999528161
642 840 999545171
814 427 999698772
572 983 999549339
901 128 999911990
781 759 999608122
557 23 999241730
419 368 952561065
333 831 999731388
271 60 999989177
766 628 999299054
952 965 999611456
988 943 999858735
872 621 999800133
936 537 999492677
700 794 999428595
804 644 999510287
782 870 999467587
738 128 999874203
897 557 999154341
569 841 999826333
917 944 999801921
877 623 999703060
568 390 999856656
965 748 999220643
865 734 999379409
533 771 137797669
703 453 999412937
626 997 999744865
210 287 999499702
965 976 999638442
736 829 999255325
766 968 999889259
437 490 999548295
752 602 999630959
53 554 999975082
561 313 999207851
775 336 999448848
276 834 999425615
680 119 941252337
894 301 999159717
7 190 999399199
814 976 999322345
296 483 999660931
380 511 999321428
815 997 999745505
502 226 280816252
914 456 999313873
325 775 999217906
973 654 999366271
348 765 999262817
270 663 999466102
655 892 999340380
405 51 999189928
971 773 999184276
679 892 999422780
908 962 999308804
593 643 999765951
390 404 999976392
899 865 999594794
324 587 999406202
401 695 999492920
