1000 5000 999999995
631 692 523296940
313 900 315426124
695 861 907353062
35 471 276045026
55 578 988824082
493 785 867486355
176 805 471109137
205 207 14138376
785 778 362381840
733 871 161714576
30 405 692797446
379 847 346758069
772 494 54238423
346 846 497770097
794 689 22732285
121 212 757013712
181 340 847198705
348 89 18482253
795 515 735064768
341 921 330912289
458 459 957070653
632 666 265058200
94 36 975059810
44 424 804990126
506 662 596338007
63 221 274558678
484 612 390438673
799 392 290863904
337 658 892841033
402 302 921024207
58 920 896741618
699 420 885239086
436 394 988824082
767 169 865275062
602 54 963740033
560 242 896741618
980 645 346037872
855 197 269976442
183 225 213307904
172 570 814277475
548 182 135957113
373 360 974950887
448 126 182383527
957 184 930940177
866 447 88266853
603 43 496826836
421 573 37887336
149 233 430563000
641 760 662961014
96 874 909726968
499 973 460322383
427 400 923039428
833 283 24504975
873 69 557796990
83 430 24504975
757 349 788716745
35 52 225083870
173 676 648888179
55 252 172410223
266 16 152856129
352 150 313975670
755 510 638213721
51 630 795726042
826 865 24504975
66 50 718519311
500 33 735064768
373 138 392844281
192 941 747914975
113 17 319716490
678 243 172410223
139 435 535579237
106 616 208024003
924 37 999026481
916 974 281896528
696 567 574196857
745 691 596338007
801 154 758746400
434 599 699453078
3 75 334725936
864 1 509658318
190 99 183546393
944 881 17794314
532 962 795726042
388 347 277564132
769 509 229968294
797 948 41076533
476 560 469557112
569 58 608471156
40 892 551871976
407 728 285363668
975 16 152856129
299 732 943680606
466 303 198354411
283 906 274558678
748 666 747914975
444 85 648888179
236 154 346037872
947 352 418469438
869 580 569284215
580 770 643611181
928 166 48070141
922 743 315426124
884 766 868457145
804 1 867486355
563 906 197631566
291 138 94369851
721 662 28153506
41 606 334725936
240 489 172410223
737 651 234923223
960 2 685546684
474 728 319721715
449 950 914414906
729 358 654148393
183 12 301145806
56 348 265058200
651 431 794564436
402 704 753281691
616 110 385211090
77 277 465583669
924 454 83373211
903 246 262248274
155 596 388505413
923 565 314772471
321 849 319716490
984 368 362381840
779 835 694619450
965 845 371667976
502 997 608471156
794 566 231883913
651 269 909726968
928 717 986899237
885 655 352403801
707 957 240533676
983 935 345084452
684 551 867486355
20 650 963740033
895 442 346758069
9 215 720402089
960 648 52205443
525 4 13415006
779 825 433306712
671 572 574338316
32 584 795726042
226 537 989496110
533 607 346037872
270 753 115923836
930 84 608591091
770 117 980408530
189 447 74805387
965 248 429760415
83 574 719638767
634 410 154073434
638 335 88266853
815 479 986113125
968 446 309299215
298 871 49887907
26 939 198354411
633 23 721981616
972 628 747914975
786 466 66248286
206 768 853655206
518 614 544129535
447 847 281543520
700 118 145371195
958 154 764023448
426 28 49887907
834 825 466394304
415 796 446131755
563 968 742369061
861 746 328897056
735 789 811423117
624 301 847198705
549 913 44923229
413 981 648888179
974 390 785966372
148 388 620384879
622 658 563750342
335 233 619993657
837 338 944207925
36 313 112933590
402 287 127131139
301 255 584822766
526 308 383506616
698 833 804990126
60 701 240533676
819 740 766775242
290 289 375551966
202 146 273335882
612 628 286519483
93 280 257293867
14 882 347735165
579 899 66513426
332 748 694619450
325 939 867486355
688 585 319721715
527 742 208024003
314 135 804990126
54 434 260920389
750 321 752133332
302 266 41076533
29 875 375551966
728 646 876288263
770 377 404882894
576 207 591747621
339 128 746245492
725 186 957429248
833 515 211783229
387 509 315649022
196 276 315426124
99 189 213606192
257 138 557429968
176 436 788332318
352 123 18678522
893 154 465583669
191 790 792927998
137 409 753564781
881 366 72015827
984 729 924657560
849 950 405417484
111 923 351723291
878 249 429760415
887 377 792927998
52 836 944499264
250 369 222284759
657 21 851142805
241 76 371667976
492 59 319405625
494 532 866858822
891 498 315426124
540 321 17794314
134 51 359528738
355 229 508215054
201 879 591747621
93 526 608471156
537 728 985422733
844 177 362381840
21 640 428668993
307 822 10594019
468 39 357166877
589 108 865275062
841 544 503308635
859 886 38102111
175 885 432329911
985 750 66248286
524 867 347735165
316 374 364558505
529 500 262248274
461 291 735967884
302 693 658102377
990 986 216227118
322 925 648888179
281 559 833709222
781 807 909726968
536 739 962454156
112 862 924657560
408 609 381409916
132 39 943680606
780 971 999230815
344 46 909726968
788 440 329997687
709 530 255805866
98 147 327892400
102 556 497853925
454 189 776518479
978 620 319716490
805 629 999026481
179 632 94369851
783 740 458005260
395 384 777271839
672 455 432214887
863 439 744265895
882 127 357166877
908 463 483739099
181 603 840635701
608 989 983014045
814 122 619993657
533 570 222284759
134 363 290365009
654 77 199381120
177 836 967342417
237 151 351723291
226 714 244791421
823 96 708764161
982 218 72015827
395 951 15105302
914 870 957429248
251 814 509658318
220 169 473833338
787 265 865275062
288 405 273335882
75 434 384702642
220 744 458005260
99 416 401622732
78 224 336562471
768 259 383506616
490 339 753564781
761 70 315649022
27 942 213307904
613 260 17776266
663 81 22732285
937 901 222284759
614 512 511229431
291 10 633688745
805 175 604116232
977 846 359528738
397 919 345084452
946 723 102811359
948 153 930940177
969 64 281896528
316 808 907896990
933 407 350551531
474 212 944499264
623 508 358874462
771 475 124955567
213 863 804990126
552 939 359476711
817 963 930940177
959 146 963740033
352 158 514547802
637 800 674717611
718 539 996643146
897 138 533396298
560 538 1771641
911 196 914414906
736 746 876288263
664 192 974950887
698 204 384702642
143 559 392844281
605 113 946421025
250 40 347735165
446 244 460322383
582 320 789726935
426 810 769073732
936 388 930940177
278 16 764023448
946 620 18482253
620 234 565159373
452 999 18482253
203 490 375551966
583 403 535579237
803 96 198354411
437 913 520101282
389 457 483739099
808 317 431179089
310 395 591747621
626 393 899208685
96 116 210175304
52 725 508455220
598 205 102811359
80 440 638213721
55 305 38102111
103 831 412622962
282 101 629023168
647 475 833172317
234 392 319405625
749 838 52205443
842 457 383043186
682 84 251451932
114 63 921024207
963 264 269976442
113 27 796690630
763 760 314772471
86 915 490943011
329 734 670735286
83 928 3801145
400 925 737931627
253 367 930940177
187 564 429760415
953 115 777271839
511 849 804962406
324 877 177711782
738 650 482410964
199 462 313973226
253 631 509658318
937 284 201097404
642 200 579871322
873 320 709789957
139 111 199381120
976 590 873014909
450 333 388444860
97 864 448076332
507 918 565159373
315 516 318691060
753 225 211519981
131 927 852199786
164 750 909726968
381 793 533396298
857 317 967229851
740 584 638213721
796 147 390438673
80 114 973669354
939 448 406784768
937 989 198492572
295 109 71266322
670 72 290614943
649 695 458005260
620 898 328897056
440 645 38102111
105 37 464274760
260 148 210175304
138 382 811423117
816 185 65536853
815 124 41076533
614 947 732805907
918 563 789726935
272 146 115923836
336 535 48593479
76 477 183546393
47 804 907353062
827 228 433306712
866 911 388444860
988 553 257293867
980 183 928485619
193 528 746575247
323 179 465583669
192 304 407612022
912 707 620384879
408 134 957429248
557 577 557796990
274 351 980408530
675 485 177711782
174 451 591747621
470 703 374242151
396 107 523296940
981 871 29635903
197 336 13415006
429 267 143475443
332 168 999230815
903 609 253681498
158 690 619993657
975 855 22732285
506 603 266593300
237 843 74805387
142 849 699453078
656 635 406784768
177 71 508455220
594 197 777271839
320 824 658102377
100 579 831100011
251 327 23106014
403 611 258489253
19 21 210175304
443 366 649618378
453 525 509658318
940 32 746575247
845 347 523296940
256 868 609977488
660 79 433306712
268 836 508215054
174 713 962454156
872 852 406784768
16 216 35397919
548 886 52205443
176 495 442374816
382 330 970757524
743 795 508517062
45 561 253681498
884 78 962454156
925 889 503308635
318 559 54238423
718 407 173869876
913 904 702396758
988 621 658102377
333 529 563750342
409 856 591747621
720 304 35397919
754 917 497853925
707 952 266593300
537 514 865275062
183 555 847198705
727 61 708764161
51 370 851142805
11 944 604116232
604 658 953386894
666 697 388505413
370 410 101965556
986 192 774497938
832 35 807017671
482 538 720402089
341 774 914536445
908 356 345084452
182 905 130906302
371 797 201097404
90 369 719638767
807 584 17794314
8 402 794564436
501 854 579871322
488 985 384702642
299 447 574338316
46 815 986899237
362 226 54238423
444 828 574338316
79 667 281543520
134 878 817266816
908 232 288014198
421 434 265058200
745 920 794564436
502 207 319405625
728 971 899208685
740 171 244791421
294 872 892841033
80 353 48070141
320 267 281896528
393 439 374242151
911 729 319405625
829 332 563750342
799 165 27994620
376 782 496826836
665 87 537430156
702 53 789543555
683 242 753281691
455 908 315426124
237 871 189213814
474 964 177125701
117 934 836111284
170 781 198492572
374 711 980408530
104 816 357166877
43 732 508886069
250 866 130906302
933 929 868457145
636 659 643721825
384 433 30688445
945 825 437215626
383 168 667502703
343 368 483739099
36 60 720402089
976 557 490943011
957 786 699453078
342 566 975059810
837 365 303987010
372 329 853655206
821 637 262248274
784 497 795726042
78 173 557796990
292 840 75619188
307 445 298919143
488 875 345084452
586 181 831100011
505 956 407789197
984 87 3084523
960 958 422231381
866 592 454394205
117 686 720402089
368 524 496826836
162 526 753564781
600 72 71266322
24 555 608591091
301 309 258489253
793 481 23581130
999 265 584822766
647 687 405417484
323 44 914536445
698 49 314772471
935 912 182464001
610 447 718519311
499 64 298621606
322 636 454394205
917 1000 315649022
770 651 66118007
962 25 662961014
402 771 862774804
619 268 721981616
680 251 470181184
361 862 614795757
940 385 56874031
334 941 30688445
156 145 792927998
680 873 614795757
694 1 752133332
972 492 285363668
725 605 54238423
603 545 574338316
641 546 14138376
334 445 985422733
963 296 66248286
855 764 390695730
513 587 470181184
724 43 747914975
393 414 115923836
440 581 969200107
24 402 980408530
115 685 470181184
372 738 692797446
546 423 737966404
946 819 350551531
39 538 823146146
841 955 290863904
762 650 841834194
426 987 712606636
129 75 876288263
186 553 831100011
112 166 290614943
102 684 511229431
459 472 154073434
861 515 662961014
155 56 792927998
358 497 145371195
826 470 313975670
191 148 551871976
487 897 817266816
179 998 280520966
180 800 83373211
119 344 551871976
375 855 54238423
5 853 89872726
813 192 213156949
418 815 670735286
725 949 326206076
431 667 903948157
902 175 750183140
197 774 574338316
214 932 776009470
550 50 796690630
486 896 189433031
917 674 159865076
791 138 614795757
223 609 674717611
307 584 343850778
92 647 732805907
178 411 732805907
564 880 557429968
883 518 27994620
266 679 238004544
907 903 584822766
872 774 88266853
660 967 359139315
585 122 371667976
587 226 281896528
480 802 279298915
756 286 460322383
200 932 987312261
841 46 721981616
621 116 66513426
583 238 102730740
104 896 753564781
873 376 563750342
839 882 833709222
217 733 346037872
14 741 517971477
594 465 520557521
728 399 173869876
942 940 519206365
464 676 817266816
285 829 702396758
96 995 885239086
697 579 817266816
776 309 659719770
50 695 608591091
701 798 318691060
317 895 796690630
702 393 664725280
616 930 253681498
778 811 579640169
199 845 794564436
191 858 336562471
956 295 374242151
108 281 737931627
802 534 654148393
895 547 24504975
261 76 758746400
350 930 840635701
743 787 50769702
120 46 17794314
239 484 15105302
397 618 407789197
614 983 428668993
950 319 663815130
590 630 328286861
13 304 430563000
848 54 753564781
405 196 362381840
209 6 255805866
678 704 346758069
950 588 66513426
311 709 437215626
53 643 145371195
413 118 804962406
770 469 323574260
996 533 258489253
66 263 469557112
531 74 390438673
326 360 358874462
827 926 685546684
769 42 514547802
360 101 951151444
759 659 752133332
663 411 694619450
73 184 926615865
939 643 336562471
740 360 988824082
568 902 184153408
267 503 539479045
188 7 585644003
219 125 620384879
362 773 685546684
947 74 407789197
229 538 211519981
248 832 866858822
603 132 996643146
749 988 892841033
840 262 397227312
805 994 843282741
325 962 719638767
646 381 574196857
127 363 914536445
413 976 471109137
48 835 967342417
167 367 999230815
53 966 953386894
386 420 65536853
615 352 903948157
614 715 674717611
368 534 446131755
188 380 285363668
529 449 750183140
334 508 539936536
675 102 3801145
328 826 363710829
368 661 363710829
751 686 49990081
141 879 281896528
144 401 853655206
694 191 255805866
865 27 780292388
625 387 95502181
144 552 437215626
524 954 55487617
943 468 789726935
719 873 614795757
567 331 177125701
250 888 152856129
727 334 981101100
499 668 667502703
67 824 94369851
537 591 75619188
359 200 771080521
596 771 274558678
760 22 986113125
439 195 240533676
112 456 392844281
254 187 735064768
115 416 17776266
23 103 584545247
173 95 470181184
193 560 464274760
659 455 71266322
306 740 216227118
115 107 694619450
959 324 487572246
867 831 523774342
406 232 328286861
491 647 537430156
167 854 517971477
3 706 448076332
860 371 668730012
541 349 397227312
333 681 102811359
91 814 497770097
102 343 208024003
800 767 998798786
140 391 608591091
958 792 585644003
841 992 364558505
128 210 1771641
537 859 49887907
247 390 112933590
420 226 115923836
595 439 397227312
104 750 971282881
750 131 255805866
227 722 433306712
130 925 720402089
17 616 814277475
628 884 134196590
830 663 303987010
153 971 81526721
542 691 412622962
714 926 298621606
538 830 719638767
824 789 177711782
75 161 253681498
311 783 171282968
473 174 735967884
366 571 211519981
104 145 225083870
213 460 650181396
31 358 980408530
796 892 487572246
455 742 323574260
731 601 575387684
771 686 833172317
44 521 359528738
125 96 172410223
740 890 24504975
293 426 150017363
174 400 885239086
728 274 24504975
754 872 903948157
364 851 466394304
133 722 154073434
362 483 711577931
635 475 494854549
38 50 953851628
517 873 525587845
627 87 708764161
970 234 15105302
364 961 928485619
419 70 535579237
847 441 257293867
339 259 350551531
15 664 943680606
206 391 981101100
162 489 582805676
37 919 17776266
41 244 177125701
51 762 213157656
157 673 17794314
289 543 868457145
231 995 465583669
166 440 720402089
504 199 780292388
95 652 323574260
186 157 260920389
425 81 890288372
862 109 873014909
783 194 210175304
74 845 721993496
472 435 608471156
428 902 242849415
54 588 102730740
187 139 210159027
942 136 563750342
938 436 503308635
489 169 49990081
646 987 764023448
190 755 421937883
980 297 301145806
752 444 95502181
11 284 199381120
778 850 508517062
601 680 343850778
5 108 862774804
26 152 769188118
438 385 679670161
47 247 404882894
279 978 164280084
159 880 620384879
196 342 364558505
674 931 23581130
585 62 840635701
594 554 807017671
19 68 654148393
784 622 557429968
930 312 328897056
525 543 182464001
143 410 337474806
40 65 674717611
484 60 470762475
426 567 385211090
977 126 794564436
161 708 182464001
583 650 314772471
378 413 404882894
37 273 346037872
915 605 709846761
875 730 328286861
218 338 711577931
208 87 899208685
57 222 470762475
311 391 535579237
189 747 737171973
621 766 907896990
678 993 265058200
221 57 56874031
369 18 465583669
635 639 288014198
272 579 95502181
275 737 557429968
261 455 557796990
796 777 677089154
509 417 69926089
271 933 352403801
817 222 446131755
245 208 17794314
253 537 351723291
121 536 198078757
678 241 500464717
850 831 281896528
915 726 470762475
495 551 709789957
189 765 535691486
580 522 944499264
234 300 17776266
991 880 749580342
252 640 583542598
569 842 384702642
93 522 337337610
796 820 37887336
841 625 521496292
597 153 833709222
969 24 388505413
404 901 720402089
519 40 257293867
960 217 102811359
722 211 184153408
55 590 615558134
694 419 789726935
332 9 535691486
799 7 483739099
575 756 983014045
286 845 907896990
485 944 840635701
506 909 490943011
937 671 428668993
568 258 658102377
209 412 947262982
85 587 184153408
593 166 182383527
124 728 319721715
82 856 44923229
46 432 670735286
951 870 364558505
523 239 225083870
261 842 494854549
564 329 346037872
630 894 72015827
561 863 213156949
525 561 298621606
650 263 265058200
225 910 537430156
69 806 343850778
463 825 429760415
776 600 918022996
876 313 262248274
611 979 537430156
639 338 375551966
445 496 750183140
349 388 238706504
345 202 17776266
422 989 143475443
498 140 629023168
661 840 238706504
845 527 508215054
944 198 464274760
776 884 983774671
239 716 429760415
675 617 143475443
309 88 48070141
758 42 789726935
272 558 983774671
227 6 290365009
398 468 674717611
669 496 662961014
712 300 357166877
632 367 531530729
601 137 612164756
627 520 677089154
8 604 65536853
812 139 561607410
533 890 508215054
710 295 750183140
677 529 415108672
722 920 374242151
256 512 66118007
541 317 17794314
856 141 244791421
395 502 836111284
636 310 184153408
62 809 574338316
459 757 450764551
998 653 211519981
581 763 154073434
73 160 315426124
354 567 980408530
200 623 359528738
300 315 150017363
34 311 537430156
775 440 574196857
230 241 520101282
358 77 769188118
644 240 238004544
818 166 767289386
815 145 930940177
705 595 377889427
507 314 557429968
849 20 18678522
235 179 55487617
357 217 337337610
478 474 758746400
632 26 319716490
163 758 721993496
335 228 201097404
467 246 495496153
562 435 281896528
517 627 494854549
913 138 327892400
295 851 52205443
948 762 999949472
258 540 999907134
641 720 999878834
935 973 999861644
553 989 999992310
831 981 999942508
616 443 999845679
973 963 999868300
819 879 999872116
933 775 999874606
866 581 999946323
903 221 999902052
480 611 999878872
953 59 999981070
158 364 265058200
548 840 999923822
281 663 702396758
733 245 999998801
827 950 862774804
138 488 999891077
610 842 999896140
985 524 999959034
689 90 767322584
709 630 999978104
926 962 999893456
895 924 999947120
732 398 999889291
133 273 999981254
127 472 999989937
193 206 999855913
932 669 999850389
944 68 523774342
398 782 999909654
980 657 999911966
931 856 999910912
623 328 999927490
141 105 177711782
833 263 851142805
632 580 999969598
546 341 999893181
357 549 999863863
899 700 999938660
422 274 999977328
598 882 633688745
513 406 788332318
665 292 999864681
941 658 999916716
385 739 999941805
633 760 999938646
905 584 999937564
289 188 999858442
573 635 999982648
925 170 709789957
28 386 999912675
890 675 999939414
859 553 999930191
682 49 999863136
978 572 999885364
653 871 836111284
996 985 999868092
248 266 999995586
89 432 999993617
806 840 999932235
830 901 999917007
686 228 999874753
783 652 999899749
193 115 3084523
825 789 999978486
648 579 999963425
996 787 999890367
852 564 999847507
305 42 999952993
908 788 999980732
480 305 999901643
316 203 999960543
765 464 788332318
93 799 999881734
928 931 999995921
553 152 999869294
947 937 999941390
862 885 999883541
991 997 999996948
553 671 431179089
25 645 999978038
928 939 999862066
482 411 999915074
629 180 999986571
789 539 999919701
431 191 999870894
996 172 999952085
850 156 999928298
950 997 383043186
259 279 999954090
943 103 199381120
90 918 999988593
533 437 999949040
105 636 999922187
552 851 999905210
876 972 144177837
999 662 326206076
482 24 999936041
993 914 999961718
772 957 999851038
17 157 999882208
538 979 999853239
986 184 999890813
598 411 999995057
574 546 999893184
710 918 999961278
575 881 897072345
81 278 999863092
453 307 999996182
406 720 999939047
795 970 999968134
361 262 999854789
589 56 999854733
349 35 999990331
351 23 999849983
152 360 999931027
200 704 999958061
765 206 999877202
610 557 497853925
7 279 999898781
1000 924 999950894
656 334 999942897
768 687 999866079
592 695 999942791
248 499 999858365
994 996 999871379
978 748 999899524
531 712 213156949
702 961 999855831
439 477 999910728
443 479 732805907
445 355 996643146
93 671 999935736
884 852 999849920
409 759 999951876
350 926 999963333
565 971 999926871
445 592 999983646
33 129 999889789
411 656 999973748
583 769 999863710
912 733 999921415
241 70 999995797
140 591 999883744
432 589 999937655
157 308 999972439
997 999 999945812
888 705 999851855
151 138 999912100
972 998 999887084
880 638 999966110
912 162 999922795
592 690 999921745
376 51 999846014
358 514 999870373
834 934 999900664
854 257 999908939
890 850 999929432
982 106 999979386
473 489 999888618
330 379 999851496
568 698 999896934
277 124 999851171
926 900 999992208
625 814 999963832
945 931 999857558
29 121 999991296
830 518 999905222
860 838 999898335
944 907 999882314
917 642 999979938
574 441 999972295
82 236 999893048
456 746 999904328
343 424 999956362
709 460 999991916
693 995 999926332
629 814 999984072
434 646 999958111
775 622 298919143
974 893 999883095
855 949 999856950
808 795 999929803
933 723 999866945
637 866 999884334
986 974 999881206
921 755 999944145
607 894 999933737
599 608 999865212
674 79 999988442
912 911 999945318
816 537 999917008
43 781 999884611
637 959 999848724
820 715 999929256
790 390 999961351
916 886 999932154
735 923 999997233
872 35 999902260
848 763 999985000
731 727 999870729
103 398 999855578
832 724 999891597
981 391 999861055
863 787 999943734
688 724 999943716
645 397 999870814
218 107 999916407
233 197 999923227
401 824 189433031
880 945 999981182
998 853 999953302
957 941 999947846
860 859 999957613
350 565 999976890
967 985 999901121
584 362 999872130
959 952 999857132
941 842 999849944
757 507 999871549
893 989 999928976
554 90 999894340
661 531 999972660
402 834 999891278
870 923 999999716
764 627 999879950
414 61 999972221
819 847 999879625
130 840 999848214
723 908 999976617
695 508 999892315
15 505 823146146
297 440 999951882
544 771 999983321
373 410 328286861
244 645 999976408
708 62 999888754
849 958 831100011
831 721 999923774
900 756 999888931
941 251 999862865
480 967 999865540
830 749 999901827
284 773 796690630
542 113 999907839
432 580 999926032
876 921 999948720
922 924 999961157
212 61 999993364
313 934 999851077
606 896 999940909
515 777 130906302
936 849 999922653
895 816 999884757
434 43 266066835
954 755 999927782
512 628 999948440
823 989 999923667
741 435 999897748
486 507 143475443
835 850 999903574
710 862 999919602
148 782 903948157
989 588 999927107
669 423 999951823
926 903 999934043
114 685 999979313
200 780 668730012
953 667 633688745
973 922 999955149
861 933 999887786
601 344 999974904
773 753 999982983
307 913 999855257
850 874 999856324
52 158 744265895
87 987 999916232
738 882 999912246
677 716 999944842
668 910 999872390
596 987 999935986
625 912 999855629
781 363 999846010
496 384 999909422
896 794 999981324
978 519 962454156
954 658 999982184
922 944 999893340
942 982 662961014
179 725 643721825
950 995 999873102
235 885 999867703
685 738 999849241
256 993 999861349
91 731 999887225
865 930 847198705
801 139 999923128
912 931 999861947
998 872 999979874
369 136 999950941
659 663 244791421
168 619 999951659
319 353 999876588
938 334 999875313
562 821 999864494
140 944 999967389
483 647 999907769
557 376 758746400
425 327 732805907
959 174 999953493
952 654 999880066
159 943 170169597
410 752 999911320
764 822 999891526
234 629 999951196
403 235 999932002
485 878 999976783
498 548 999971505
532 564 999982199
856 969 999966357
920 544 721981616
906 251 999992666
788 723 988824082
302 24 999943498
959 714 999974689
278 470 999856215
356 148 999957762
804 383 999948269
976 728 999985939
192 346 999898204
993 950 999983258
389 838 999870299
534 269 999948731
255 887 999884729
908 983 999987787
475 261 999953675
953 902 999969518
228 581 999984193
384 945 750183140
196 764 298919143
886 941 999975644
553 633 999979977
714 335 999994657
766 776 999875182
622 260 999946259
344 50 909726968
123 432 48593479
229 816 999927144
63 96 999964733
818 691 999966867
270 704 999857729
147 571 865275062
226 759 999849132
917 840 999899264
884 838 999978071
925 989 999916843
762 736 999864192
593 641 999950069
370 368 999851161
721 81 867486355
530 753 999979099
704 628 500464717
510 606 999962560
980 999 999845956
631 382 999998788
508 934 999859465
505 560 999886193
809 839 999991982
568 933 999986212
774 892 999967777
855 29 999884124
986 870 999849464
615 264 999916022
885 896 999884717
996 274 999890313
799 744 999885979
621 176 999991658
747 804 999882134
125 748 999999314
980 936 999999801
579 853 999866218
650 711 999923747
366 850 999878605
988 981 999876512
831 799 999935831
832 17 943680606
742 642 999970581
651 352 999984379
253 316 594625203
982 995 999895203
70 648 999901133
640 946 999862220
900 723 999918025
966 923 999974378
755 830 999866870
891 880 999886432
613 300 999850462
433 168 999886839
822 517 999875973
537 296 999848626
853 917 999878833
210 908 999853941
557 771 274558678
7 523 999860540
701 322 999891222
156 317 999860061
752 955 999850993
761 614 999969467
999 810 999947221
988 993 999866631
50 237 999884499
534 375 999967993
510 27 999967408
766 950 999872919
450 836 999980334
478 914 999907968
560 978 999858425
251 808 999975016
811 465 999940884
429 881 999884380
928 301 649618378
601 789 210159027
977 900 999914059
246 933 999899676
875 155 999891667
389 624 313973226
727 202 999985199
558 599 999974025
115 856 999867198
52 599 999855592
526 848 999959378
591 359 999847608
829 373 31583582
281 496 999959397
426 935 999883785
403 455 999869877
579 247 999974191
23 4 999948020
441 618 999964609
39 376 999973101
802 975 999985270
267 724 999954985
204 484 999857378
893 290 508215054
867 33 742374224
460 306 999923428
944 850 999851092
614 914 276045026
525 438 999873104
862 493 102730740
365 916 999976040
137 578 495496153
358 356 999984705
896 293 999923447
253 909 999851567
170 214 999862654
859 992 999988970
453 425 999983367
812 930 999933331
866 859 999976233
769 237 999956421
530 232 999931191
683 572 150017363
533 454 795726042
418 963 999878109
812 204 999880356
761 879 999853705
896 273 999857009
659 406 999987064
479 273 999930044
20 526 999961746
882 768 999874528
819 930 999851690
580 698 999865517
427 465 999997275
974 953 999873307
395 873 999960470
852 233 999984874
249 603 999849055
550 297 999992483
130 718 999996645
537 415 999930367
939 961 999919243
332 764 999861409
528 113 286519483
775 555 999946462
979 72 999919943
363 867 999855196
931 873 999958667
81 459 999852231
448 444 999899207
985 831 999956898
819 734 999901914
118 648 999955762
525 272 999878821
597 547 999903285
239 30 48070141
732 231 999903541
698 703 999872390
96 699 999917825
847 100 999920826
367 480 999928280
951 146 999975535
24 563 177711782
672 574 999968017
544 830 999927504
725 467 999969557
843 921 999909805
542 599 999874581
979 976 999881384
417 205 999926327
811 673 999938674
461 975 999955551
959 911 999995269
361 547 999888591
79 795 999970265
667 780 999967244
856 873 999899366
947 50 926615865
37 138 999900337
386 745 999874940
42 195 999947446
984 763 999913656
261 292 383043186
826 904 999952253
856 419 999866861
820 362 999942118
875 887 999885323
191 698 999922753
854 944 999955560
27 779 999852106
526 864 999990456
39 164 49483624
501 800 735064768
860 741 664725280
302 561 737931627
982 30 999952067
871 964 999960299
380 654 999929276
681 818 999851362
404 811 999938593
724 924 999849065
679 803 999878252
851 911 854976333
962 477 999939090
386 651 999990273
500 875 999996982
524 639 999955471
91 334 999931607
396 834 999991875
968 916 999894542
981 530 999879457
394 125 999884199
942 640 999941220
933 987 999991600
631 203 251169416
892 122 130906302
333 451 258489253
992 953 999866800
348 597 999968849
115 659 999877326
802 833 999857558
939 728 999943705
296 397 198492572
954 239 999993896
487 644 999991126
159 32 908575661
879 636 999983100
573 559 999971855
706 811 999932364
950 928 999946285
990 909 999979629
726 894 999898175
430 101 999903570
774 648 999892434
385 376 999877505
220 155 177125701
550 237 999930636
579 401 999855862
431 10 266593300
971 801 999875535
879 840 999856721
867 880 999895811
783 702 999978838
692 829 999909139
645 465 999878053
648 902 368178043
456 908 999925191
486 996 999965458
896 984 999889372
267 262 18678522
688 737 999863492
301 944 999992750
954 968 999958802
713 718 429446531
845 936 999983791
911 963 999890181
467 839 999956184
901 724 999906598
321 208 280520966
786 754 999933502
320 963 999997845
972 636 999926895
906 377 999869868
778 756 999912116
409 841 999911169
853 544 999869798
87 773 999936622
992 948 999975756
999 984 999953313
408 371 702822606
917 262 867486355
433 770 999923791
845 691 711577931
923 402 999984764
958 403 359476711
607 323 999852275
709 841 999864346
525 151 303987010
765 698 999939021
651 886 999855349
651 300 999891962
824 969 999983471
971 860 999959494
997 684 999974334
521 910 999924604
762 772 999969583
684 508 999864841
527 458 999895986
463 535 999860010
543 596 999948459
787 340 999903046
882 781 999987848
16 988 999892108
79 778 999860836
889 502 999875234
742 691 999884954
392 672 999895553
5 423 999959094
710 841 999885862
145 797 999933364
609 487 999986485
990 968 999877208
255 322 999882733
460 404 999883555
840 937 999983241
867 948 999848460
590 913 999873020
901 921 88266853
471 800 999849811
929 559 999956748
823 783 999905396
911 867 999850830
915 932 999900427
784 459 999984693
63 879 470181184
596 160 999852854
160 309 999950222
547 479 999937791
678 987 999960434
951 313 999991842
828 698 999882160
418 458 999886409
885 452 170169597
827 895 999914052
520 475 999943058
461 754 999887128
979 995 999888364
604 648 999936460
947 688 999944190
590 654 999991950
477 891 999897688
886 901 999858014
880 906 999881410
514 709 999995241
280 904 999963482
304 601 999884198
950 813 999902762
160 962 999976443
318 52 999941739
783 987 999950330
951 953 999940820
643 773 999953137
577 261 999852137
278 695 999914147
915 512 999848537
756 990 999900945
999 903 999978950
562 355 999914406
125 154 999957267
537 309 999894597
549 394 999873907
668 813 999855146
858 931 999923656
482 644 328897056
715 625 999955229
611 693 999863144
673 616 999897562
63 945 999875770
937 925 999869134
892 729 907896990
22 474 999964089
772 835 999865372
69 392 569284215
335 14 999906285
956 977 999938444
468 183 999927564
398 881 999956050
970 719 999989791
609 607 999925251
765 289 999886653
981 980 999960599
514 71 999927451
150 725 999891713
963 818 999871541
228 808 999898481
568 54 574338316
998 996 999911679
221 845 999859215
781 647 999985726
549 321 999858279
128 440 999933694
773 886 999854431
478 896 999867949
803 843 999885017
995 992 999936340
826 650 999878306
560 666 999886844
744 527 999887008
792 296 999984069
415 680 999851380
148 700 999949120
809 858 999940159
338 368 999916847
535 22 508215054
784 871 999907298
342 895 49483624
700 754 177711782
1000 955 999912828
325 358 999926377
691 808 999946668
808 918 999894400
970 974 999949123
115 482 999854459
978 988 999919857
602 558 198492572
659 330 999862299
819 300 238706504
843 754 999968027
957 989 999891819
466 717 999932412
11 148 999871113
846 986 999849444
899 944 999921607
998 975 999933253
300 123 999988244
330 907 999906623
709 596 999923076
64 355 999970217
880 801 999887407
419 263 999970949
587 510 999867685
691 903 999873792
630 998 999962132
637 902 999968159
326 164 999845838
913 513 999881145
493 573 999868944
684 677 999995936
983 885 999928991
390 932 999893417
688 405 999872939
530 42 999871103
905 971 999846353
100 192 999930247
726 386 999867776
73 737 999994326
814 215 428668993
660 752 999977834
213 753 999986084
246 398 999980125
799 913 469557112
305 593 999873207
887 938 999893332
57 406 999987859
869 821 999865811
240 277 862774804
218 236 928485619
199 858 999889558
970 975 999921635
624 447 999987283
797 935 999964060
990 999 999903418
524 165 999989019
112 426 44923229
895 896 999888257
720 977 999877535
926 913 999967003
343 608 430563000
863 118 999887305
808 763 999909829
332 380 999924354
766 213 357166877
943 767 999921892
473 705 999873977
615 154 999901497
771 988 999958781
857 889 999974867
331 28 999949917
802 857 999908762
710 575 66675544
972 398 44923229
527 814 999858252
908 953 999972172
633 659 999966029
310 746 999951477
536 473 23106014
906 2 161714576
221 985 999910769
750 857 999862962
333 299 999930465
829 77 999873636
13 781 999951845
581 855 999957065
685 258 999915252
876 911 999897620
988 953 999953333
642 698 999985503
652 790 999924132
401 325 999873652
969 506 999907480
228 409 1771641
558 276 999966235
36 881 999887909
381 743 643611181
349 251 999897913
108 357 999918040
855 765 999986898
822 965 999959343
663 416 999867564
930 910 999888153
466 404 662961014
232 819 999982466
737 880 999926025
293 933 999922444
889 520 999912106
749 352 999871271
854 632 999955907
827 20 999885073
976 716 999937033
809 588 134196590
768 890 102811359
844 895 999996860
399 342 999949856
873 119 383506616
740 702 999882019
803 895 999871744
978 288 999847967
100 682 999848170
909 732 999879018
126 221 999875057
947 582 999978435
294 509 999912771
926 719 999935990
741 79 201097404
953 653 999932107
777 207 999849094
269 237 999859031
306 576 999892943
662 243 999934455
961 990 999931041
96 280 732805907
563 751 999998777
395 576 999996833
882 433 999969636
975 927 999932417
480 485 999933805
326 681 999853691
103 616 999906182
128 970 999923605
733 444 999946544
991 417 999911698
934 798 999956998
560 926 999907533
968 955 999913195
747 733 999920885
630 6 999940390
918 989 999882745
170 771 999863658
693 631 999943821
833 353 999916789
853 21 999854459
977 237 999939610
943 376 999952169
205 962 999961996
936 389 309299215
817 414 999995263
398 239 999847822
939 998 999924038
220 631 999976039
700 872 999906970
298 942 999873817
94 264 999856101
534 188 999925434
646 716 999847154
50 471 383506616
753 984 999934629
841 886 999902444
595 941 999974735
488 999 999944684
744 642 999863285
937 688 999879863
155 842 999972395
854 672 999852674
49 755 328897056
847 958 999918220
797 753 999885661
164 548 911967826
284 588 999859703
947 898 999985378
318 196 999877122
823 775 999935688
530 53 999971933
304 825 999981279
89 666 999872642
772 839 999901376
594 743 497853925
319 469 999878473
410 985 999979585
557 728 122197855
788 568 999861765
966 999 999953006
564 637 999930902
660 44 999906976
916 932 999981225
287 814 999996629
569 643 999983384
568 30 999935242
433 48 999988872
503 20 999992476
759 698 999944812
107 745 496826836
544 558 757013712
781 877 999970537
802 10 999879207
955 892 999889063
786 156 999943300
915 910 999958278
562 719 999986004
868 752 999901117
824 459 266593300
989 977 999964379
403 885 999899285
354 433 999873365
633 400 198354411
85 348 211519981
700 715 999914443
627 607 999938483
472 951 999919065
415 914 290365009
795 18 999903418
700 537 999997775
546 983 999885204
297 611 999901348
194 146 999900736
590 605 999960585
971 998 999930922
777 594 999900621
74 712 999882112
878 884 999910635
685 291 999899510
998 982 999914033
673 184 999900148
14 74 999936151
662 394 999850032
453 972 999909270
688 615 999892524
760 502 999922424
795 873 999904568
998 995 999860136
418 442 999857965
441 335 600428265
625 377 999922779
998 992 999955230
794 770 999960320
4 439 999858083
296 747 999998726
170 110 999900655
924 932 999888566
700 145 999981486
490 442 49990081
728 104 83373211
225 978 999858944
771 530 807017671
683 800 999953831
506 151 999953839
155 557 999915710
398 416 999969455
51 624 357166877
831 903 999985772
511 857 999950177
731 815 999903643
300 661 999969003
795 24 999970824
592 578 999915523
910 913 999940462
422 930 999891283
959 747 999879471
974 988 999972758
871 711 999971247
976 437 999858848
241 608 999887671
474 237 999955002
880 728 999994064
419 252 999930404
646 857 999948508
822 552 999905074
675 446 210159027
934 433 999959031
898 883 999910936
879 842 999898586
321 175 999848166
287 167 350551531
907 890 999876605
643 819 999847104
322 307 999973135
979 961 999875782
577 926 999898998
382 400 999907380
661 656 999932113
617 676 999930182
676 894 999959147
618 134 999974900
970 998 999975414
774 529 999956751
942 987 999940764
502 319 999980304
284 254 10594019
944 684 999974970
555 960 999863342
867 975 999855783
805 510 999925715
571 584 999925246
722 144 999934631
123 136 999996331
781 607 999861002
556 88 280520966
175 787 692797446
327 299 999989494
907 406 999872474
868 583 999937826
314 442 999890965
835 206 999927367
603 796 999896735
921 314 999888391
967 467 999928939
295 836 999972199
374 938 999854206
952 490 999880937
942 769 999961038
562 538 999884515
908 885 999966496
921 874 999847624
836 471 999973466
202 608 999872945
769 211 999966435
215 137 999868773
224 847 574561279
794 991 999990043
867 136 999937326
741 514 999962377
355 761 999916819
709 895 999899651
441 276 999846805
57 257 999981651
193 233 999924974
130 799 999992698
295 520 999958626
963 974 999976324
803 617 999874108
546 887 999953743
791 474 999849663
432 482 999889919
925 754 999955256
498 371 999869234
161 557 999958069
820 584 471109137
649 262 981101100
966 787 999974328
129 333 999942569
973 786 999901488
784 834 999939575
751 516 999921366
710 564 999986068
512 947 999884826
595 712 999855622
291 337 999856630
582 880 831100011
635 382 999952780
871 836 999864888
601 808 999920488
949 953 999904789
205 869 508886069
875 693 999962758
368 828 999990669
999 212 999919316
844 747 345084452
817 382 999902597
563 954 999925132
910 440 999943058
478 527 999981378
944 970 999909224
351 869 999962971
596 625 999960549
969 592 999883308
247 172 999985331
65 350 429760415
56 194 999943311
412 351 999943471
878 899 999933324
792 454 999891425
589 934 999994807
964 927 999938926
828 902 999927938
933 566 999885245
988 996 999870561
793 902 999981838
848 116 999854610
93 448 460322383
852 652 999848462
45 679 975059810
611 488 999990473
502 813 999880045
435 646 999983573
937 991 999988086
783 1000 999869785
915 967 999996707
502 494 999944941
677 937 999862371
411 602 999915687
957 454 999887579
759 988 999864611
34 634 597576887
577 762 999846217
456 276 999866833
433 212 49887907
602 783 999886797
174 130 999848273
1000 989 999986845
287 744 999933845
515 523 999954858
301 36 421937883
62 725 999922923
963 959 999938337
325 207 999967570
917 87 999852181
318 668 999892715
149 961 999905879
81 604 999964459
554 323 999862753
192 625 388505413
504 62 999909108
791 74 999977433
989 348 999871012
981 832 999901187
540 825 999947273
208 5 999950131
546 68 999913065
887 899 999973338
392 806 999897969
394 756 999863771
691 857 999901719
954 311 999949730
779 949 999958931
839 818 999864743
74 882 999972842
963 993 999963015
775 754 999908860
835 354 999857132
963 819 999884393
522 670 999897541
389 677 999861551
179 914 464274760
249 464 608471156
878 921 999867603
739 449 999868791
95 868 999936808
858 857 999997311
931 1000 999928131
948 761 999951829
727 348 999927907
728 719 999847381
572 479 999967778
950 956 999877120
969 877 999907516
948 778 999857016
29 126 999968070
990 736 999951050
972 992 999861465
522 289 999979245
523 536 999860525
379 489 999929791
695 27 999897545
927 750 999966331
666 937 999884718
484 662 999846118
968 995 999931349
920 970 999868909
595 855 999914467
237 764 999993332
978 991 999894167
584 607 999950341
871 881 999909703
615 879 999892774
108 91 135957113
989 666 999963200
831 165 999865417
125 376 999866265
462 715 999912812
910 854 999901448
631 622 999917248
226 331 999929161
788 931 999897641
68 852 999979797
762 478 999875991
68 7 849344766
146 752 971282881
965 935 999868398
455 364 999875819
645 822 999941904
712 946 999941037
82 139 999945943
294 711 999897447
664 740 999982925
673 462 674717611
275 812 767322584
874 785 999919277
971 662 999911250
736 4 999864986
719 840 999893822
713 386 999876656
419 662 999926814
626 47 999923101
506 349 999998893
269 426 999988824
51 905 999902819
939 956 999873608
300 740 999992843
787 801 999923573
818 921 999990968
324 127 999931600
650 200 999883373
958 986 999894425
918 984 999913639
495 387 999881308
147 23 999875267
893 146 999955802
793 962 999914978
917 886 999955526
930 726 999937192
58 229 999931358
351 727 999961575
879 649 999911492
975 764 999948717
351 773 999987758
433 622 999958409
155 504 999961319
523 884 999951396
827 989 999846491
829 949 999939921
537 605 999913776
331 104 999870280
287 925 999898371
686 324 999940770
913 694 999969464
741 783 999962745
793 657 999891826
512 907 999862535
277 226 999914163
279 452 999933771
640 647 999963445
745 985 999911423
392 59 999871171
857 900 999935098
589 710 999920154
394 963 999962034
924 843 999896277
80 561 999914359
992 278 999953782
932 764 999930707
669 242 266066835
977 594 999910494
334 368 999893320
399 355 999852750
690 968 999960718
713 450 999955328
922 960 999954913
925 984 999973327
468 154 181205370
862 137 1771641
918 935 999950241
491 136 999977588
757 582 983774671
626 1000 999939267
988 444 177711782
945 984 999982123
884 587 999985408
643 531 999926106
949 557 679670161
306 394 999871172
948 702 999871770
249 999 999932026
366 34 999910590
90 908 999914163
556 63 999923340
183 856 999927146
976 932 610350640
994 171 999977201
978 944 999895327
682 910 999942959
801 908 999917833
684 641 999966814
727 452 999850478
642 293 999943587
185 578 999920825
751 970 999861017
135 932 999852228
574 278 122197855
530 67 999852732
753 757 999999920
638 856 999871361
480 968 999983265
471 580 999900181
952 907 999914029
156 621 432329911
578 752 999870439
208 380 999934503
991 984 999924955
595 312 638213721
875 687 999913205
770 978 999928037
14 322 999983872
200 736 999964494
875 924 999891199
35 679 999919581
409 315 999933791
983 435 999924695
413 63 999907596
758 942 999927742
859 773 999868660
562 633 170169597
764 978 999969340
805 990 999924377
954 901 999856540
599 848 999992298
468 376 999888473
687 988 999946105
816 928 999965272
407 701 999985644
696 893 999935043
362 388 999932902
93 432 999858545
802 789 999930172
6 761 825283345
794 157 792927998
799 926 999991812
160 635 337474806
178 260 999927606
623 415 999887886
874 498 999987003
726 481 999976090
959 950 999916472
830 840 999855845
244 349 811423117
20 497 999996982
350 398 999865120
315 914 999874916
788 728 999953257
877 841 999992566
171 598 999983675
611 855 999919356
530 99 999988813
428 928 999910499
689 313 999900093
655 993 999897726
658 615 999990453
127 69 999997785
476 43 999915442
585 568 999896408
272 666 517971477
992 302 999893783
836 261 999940284
255 463 999943722
315 680 999968659
386 852 999951694
415 596 999894211
817 58 999870566
131 770 999847625
923 948 999865703
891 920 999981336
840 616 999962272
992 336 999976811
980 931 999906385
178 159 999892902
854 618 999957008
536 404 999853617
940 141 999964029
117 837 999853577
204 381 999874158
792 895 999912882
40 202 999896672
426 792 999852141
532 606 999873571
538 834 999909793
998 433 999996826
164 611 999848480
935 572 999887386
7 607 999953279
985 1000 999870091
410 57 999986275
356 340 999858782
965 946 999860507
759 678 999899510
948 876 999874116
618 720 999931767
659 694 999981312
925 793 999891421
991 656 999975718
786 355 999880331
801 469 999893530
951 402 999963157
317 680 999984796
650 680 999878031
300 981 999934144
956 1000 999935794
209 984 999940511
960 736 999955951
631 970 999947762
897 53 999991619
144 949 999927252
990 920 999970522
972 819 999946809
442 851 999939268
786 836 999909020
882 957 999925765
997 948 999973329
445 105 999912254
870 823 999921018
829 954 999880953
774 513 999860590
891 775 999935490
907 618 999934660
383 217 999850738
338 11 999897489
76 685 962454156
352 777 999847209
969 966 999907723
833 876 999989790
855 232 658102377
524 405 999977041
191 532 999875511
857 989 999875801
667 956 999916493
366 38 999928786
810 500 999846644
577 992 999850112
828 78 999915698
617 757 999971360
9 423 999946425
497 238 999888679
672 736 999960931
901 92 999854062
305 709 999914867
246 852 620384879
581 76 999992520
135 760 999979893
927 713 999852875
668 810 999996068
417 391 999856464
921 971 999887616
161 990 999914863
951 988 999886788
947 931 999891809
954 226 999968431
940 827 999948088
18 777 999968137
845 583 999995821
419 138 831100011
687 575 999965015
779 891 999939492
890 605 999933317
874 892 999960886
596 744 999900694
329 309 999878512
1000 999 999892767
787 553 999905108
369 20 769073732
115 384 999930177
495 656 998798786
269 348 999885195
113 55 999983275
709 838 999975860
515 425 999997540
553 733 999893346
956 898 999966903
674 206 999983792
806 290 999991296
950 809 999847993
930 987 999940077
624 840 999887548
513 217 999982196
277 149 999849709
988 799 999918321
476 911 999857047
396 65 999905663
995 901 999873772
465 895 999950571
816 858 999888722
7 593 999923957
776 161 999999471
946 875 999962222
848 739 999986415
270 762 999862249
578 469 999948976
626 880 999977006
440 892 999878516
563 876 999964997
852 294 999944538
370 284 999905861
889 833 999947108
310 754 999989823
176 399 999965190
528 177 999866263
243 843 999907943
819 926 999922369
417 51 999952539
369 655 999899690
578 511 999976031
172 703 27994620
930 971 999934993
772 866 999972816
922 803 999959975
736 587 999904303
393 660 999976610
599 379 412622962
864 863 999935129
942 814 999871509
430 628 999850538
137 71 999959306
300 287 999876784
945 610 999856191
210 145 999952928
790 911 999950975
651 25 594625203
933 89 999854699
723 534 999973685
958 164 999970709
745 568 999848665
752 906 999883826
781 439 999886402
656 714 999908357
441 741 999891289
900 476 999878611
989 858 999968355
852 981 999886777
186 508 999925421
860 355 999910388
81 1 541329749
217 537 999982122
120 213 999925563
147 974 999915379
7 69 999929727
927 23 357166877
359 140 999895268
958 682 999889471
859 969 999933297
1000 975 999922373
557 934 999991620
272 456 999904809
937 106 999946082
533 720 999953624
493 518 999911869
935 537 999909314
960 901 999981529
884 566 873014909
650 901 999949710
428 687 539479045
975 949 999942789
838 851 999984941
400 725 999988831
958 945 999949197
746 465 89872726
789 929 999874371
246 622 862774804
865 725 999995394
685 488 203351795
761 829 999926611
210 296 999906479
600 463 211783229
538 717 999853989
777 920 999856885
148 188 999868624
303 643 999846603
495 996 999955626
699 869 999906833
961 981 999949297
226 9 999902277
917 919 999921423
106 205 18482253
845 710 999942410
650 675 999866357
668 292 999965001
255 996 999947383
686 549 999930014
956 713 999954224
835 976 999923526
685 456 999846165
859 326 999909552
24 656 999845650
671 416 999866942
705 680 999970259
963 788 999913308
946 964 999925164
593 1000 782564196
100 962 999986472
659 471 999868288
943 966 999980547
333 537 999877899
285 397 999894289
648 769 999864924
999 998 999930293
716 92 614795757
428 654 999846544
70 485 999864639
543 642 999966748
865 924 999881246
998 874 999874740
424 772 999973399
978 998 999910109
60 359 173869876
777 820 999920154
829 17 999946062
630 636 999941598
78 842 999940191
278 359 999984073
891 970 999975226
531 415 999911267
670 529 999914729
230 372 667502703
465 574 999962234
682 443 999230815
258 867 999958898
172 579 999914196
672 121 658102377
715 131 999929047
92 718 503308635
831 743 999845518
968 984 999951258
486 626 999900398
543 776 999875366
240 932 999953577
925 792 66118007
18 920 999978836
927 3 999887146
411 682 999941264
692 817 999978288
546 338 24504975
408 468 999931905
107 198 999956268
895 210 238004544
943 809 999982544
513 731 999913867
995 683 999981598
878 745 999977951
240 163 999967025
792 33 999946339
762 920 999890374
631 463 999936679
839 785 983774671
891 419 999962743
888 680 388444860
723 795 999966613
893 839 999872952
706 586 999938278
421 897 999845831
906 385 999989890
534 754 999978584
69 725 999905721
922 655 907896990
240 70 999979361
991 950 999882131
769 962 999939647
476 574 709846761
511 631 999926363
960 575 988824082
734 822 999999010
794 701 999988761
441 915 999916949
835 366 999997853
125 74 72015827
983 824 999850725
598 517 999954872
892 967 999979390
889 815 999876278
526 718 999848726
997 998 999937821
223 320 999920461
286 396 953851628
776 592 999858164
571 484 999978375
492 590 999897987
605 954 999895464
533 749 999875728
486 441 999995849
412 334 953851628
510 402 999948764
476 869 44923229
419 126 999881277
896 421 999911093
561 907 999983509
618 423 999848041
879 874 999865454
909 538 999940624
619 517 999951876
986 937 999965697
744 374 999914546
614 435 999959495
932 945 999883019
523 690 999970045
581 544 999951893
667 378 999867210
473 572 999873146
425 939 999882840
707 562 999866292
882 245 52205443
597 5 999879610
972 540 757013712
976 917 999976602
369 664 999892097
520 950 999892680
280 831 999991624
172 35 48593479
937 879 999952757
167 989 999935420
350 412 999860725
763 850 999983283
209 844 852199786
922 141 999908143
346 628 999880659
913 950 999921650
950 668 999877167
588 801 999974484
350 346 519206365
944 844 999897844
684 649 999927923
799 909 999914701
949 875 999903375
422 707 999958705
263 667 999985193
791 631 999892336
393 686 999958044
715 843 999932533
828 843 999943873
717 635 41076533
306 618 999960126
485 586 776518479
669 808 999973158
212 250 999952155
918 925 999966145
909 353 999979916
938 966 999859178
589 254 999913810
868 287 999865582
827 477 999885916
592 782 999904942
840 812 999942146
401 451 999866442
613 411 999981376
878 770 999996460
108 194 999875732
665 516 591747621
871 891 659719770
539 945 999889321
251 494 999947729
202 867 999865189
995 940 999921134
80 888 999990876
942 467 433306712
748 954 65536853
801 723 999992718
941 968 999991198
709 757 999998645
658 699 999876652
603 91 999896800
638 317 66675544
579 903 999850784
506 994 999923214
798 938 999882404
961 494 999938763
58 472 999886486
182 648 999851396
999 996 999935686
977 77 999876460
7 817 999929429
269 950 999870647
850 73 999925220
477 84 999947371
949 958 999972340
984 716 999882997
277 290 999989285
927 765 999887796
729 718 999921245
474 761 999934830
934 973 999984687
851 701 999911626
967 571 999918789
711 736 999944205
842 450 999904814
919 134 999993217
869 894 999896652
267 411 999971700
388 85 999889238
554 618 999963211
733 640 999934928
338 267 999968785
753 173 390695730
291 950 999988104
768 671 999995237
883 127 999946966
838 857 999904939
622 959 999869706
912 364 999866429
624 907 999903867
849 353 699453078
464 367 970339217
962 635 999921392
796 928 999941237
626 917 999996541
786 449 999864330
198 204 999969967
319 176 999887771
206 359 999960750
11 819 999887018
981 854 999860825
820 533 999866252
622 945 999964491
839 911 999990631
982 809 999983240
901 315 999881291
886 880 999890569
247 860 48593479
622 817 999886152
978 925 999942943
307 695 999881705
61 200 999896796
513 956 999912877
524 92 574338316
912 765 999926383
737 85 999971322
929 918 999960618
591 839 983014045
633 78 999872126
918 108 999945824
930 813 999861852
232 934 454394205
697 852 999958946
412 61 999890278
969 247 999935494
704 974 999873107
403 476 999984699
601 881 999966949
525 524 999958277
927 669 328897056
954 836 999918180
190 620 999984249
572 243 999988904
912 988 999871156
11 610 999902987
693 969 999972314
886 483 999954845
871 1000 999989459
292 450 999917773
242 680 999953479
894 944 999863647
268 133 999979048
383 227 674717611
380 230 999921916
192 175 999909233
620 475 999926412
958 862 999965226
582 818 999977674
949 988 999975028
643 567 999977626
946 886 999945748
584 510 999962660
121 303 999910572
533 174 999927771
945 469 999875295
555 963 999886505
501 377 999939205
602 730 804990126
290 25 999921395
994 980 999846212
500 650 709789957
586 178 999859243
559 427 999959771
130 833 999995487
684 898 999966511
994 999 999960053
362 994 999992617
541 286 767322584
602 507 999850896
549 213 234923223
408 878 999911950
961 586 999896712
908 551 999942708
272 433 999931245
493 816 999906169
754 987 999999231
372 791 999891561
750 688 999926149
462 854 999862878
242 466 999980206
497 160 999903560
948 974 999895899
889 973 999952024
320 615 999848754
32 501 390695730
893 454 999906095
900 290 999899414
279 294 999936047
889 734 999976675
632 538 999963038
349 742 999966645
573 895 999931754
586 897 999845598
410 559 999949812
560 328 999907517
366 553 183546393
906 998 999903657
337 909 999917220
267 538 999880543
482 652 999884082
170 495 999881791
224 638 999881427
260 877 242849415
269 97 999939199
945 806 999898027
384 120 999983343
301 434 843282741
809 583 999973830
538 680 999916459
148 541 999879813
176 819 487572246
823 787 211783229
183 53 999974203
694 858 999880666
105 89 999888409
419 188 999931154
803 744 999850542
430 669 999881102
610 251 999990281
241 740 210159027
262 413 744265895
228 242 999998925
433 790 999970179
684 763 999869063
975 967 999949530
816 182 428668993
855 211 999860250
789 469 352403801
985 994 999847608
872 918 999855111
241 935 999968432
396 591 999920516
992 510 999895630
832 664 999930653
944 790 999963948
900 732 999977883
267 559 999922477
574 408 999992479
301 883 775529279
169 646 999923410
925 931 319405625
970 997 999983110
409 711 999921760
400 913 999917113
947 976 999925517
517 960 999932308
176 622 999845886
602 45 999860051
846 948 999935819
780 478 999989197
582 673 999958083
971 511 999964154
188 651 999868616
339 975 999985799
298 644 999865222
204 299 539479045
546 633 999931519
483 414 804990126
733 601 999952938
925 949 999946042
162 201 22732285
965 911 999992520
653 404 999869472
37 593 999994073
939 31 999848277
184 142 999905704
999 924 999978275
174 381 999938345
606 456 999978434
741 594 999886437
678 935 999890327
190 609 999960792
89 785 999905372
602 959 999974992
337 951 280520966
993 281 999889378
736 403 567587526
433 662 999960093
173 840 999972836
266 71 458005260
509 852 102811359
139 281 999959313
282 759 921024207
890 998 999920413
885 861 999979572
951 824 999927877
178 990 999975093
43 654 999910381
735 986 999983111
848 720 999931020
650 75 999968816
830 843 999936969
366 445 999932038
998 750 66513426
113 366 999980970
331 156 999970081
387 527 999862751
756 845 999866140
434 946 999911086
911 838 422231381
389 941 999894293
836 623 999894813
382 285 374242151
234 535 999935802
357 212 999965997
659 756 999931850
532 524 999893059
989 998 999908222
189 970 999951608
511 526 999855361
841 912 999873446
678 533 999899262
941 532 999969024
782 465 999974693
612 347 66513426
841 122 999868684
899 888 999954203
337 204 999909519
888 812 999943932
902 938 999940473
376 27 999963073
988 851 999893736
562 411 999960236
926 817 999916826
974 957 999946667
603 106 999851243
809 421 999885835
530 565 999855935
851 820 999939978
513 953 999958362
359 544 280520966
875 723 999948699
924 403 999980675
410 540 664725280
979 988 999993656
464 804 999973909
883 916 999986475
392 225 999892497
602 969 999927491
526 530 999887498
17 139 313973226
730 801 999968879
549 624 999981130
336 507 999933897
820 740 999943817
144 42 999905462
997 985 999904825
556 774 999905786
801 78 999890724
968 875 999932919
479 934 999965474
141 107 999896558
527 348 999920873
320 473 999968694
718 577 999961786
808 882 999919820
962 448 999870242
989 987 999852196
187 290 999853484
637 464 999919306
988 986 999902754
427 426 999853554
936 961 999954569
958 927 999933782
138 784 999920947
926 886 999873496
789 230 999958020
996 16 999908348
996 904 999970778
178 371 999974721
716 331 999937129
255 651 638213721
520 105 574196857
718 386 999865831
277 199 999947528
584 706 75619188
676 532 999913928
779 933 999934746
867 945 999953434
552 835 999918663
823 703 999904300
674 701 999917772
116 671 999895855
64 623 999848504
569 756 404882894
702 596 999970000
988 494 999845913
301 934 999860989
985 693 81702241
790 809 557429968
140 220 999956637
588 980 999987841
915 921 999996517
977 791 999898819
946 419 999848444
176 478 999975239
507 560 999956256
794 220 999949304
334 267 999969652
477 598 999964956
414 631 999939092
893 751 999870565
639 787 999961791
311 393 999900218
975 920 999888215
632 671 999980704
705 400 999953824
475 134 999975911
571 453 999969046
687 282 999899622
594 60 999891738
646 719 999979944
993 981 999901132
26 363 999863408
470 909 999912131
105 459 213157656
884 883 999990713
715 443 999986474
838 852 999928431
271 796 999945896
952 862 999878554
316 387 999979172
427 169 999979755
193 853 999856122
987 935 999955597
963 958 999999427
753 72 999967694
394 412 999860941
29 746 999961485
786 324 735064768
839 1000 999923539
815 126 999851110
902 817 999968309
91 100 999971861
956 823 999888650
820 753 999987242
659 54 999911120
610 615 999976130
629 551 999993121
476 436 999926655
844 874 490943011
13 250 876288263
425 420 999922354
73 519 999912539
736 259 983774671
644 494 999903723
507 878 999914513
958 646 999880787
936 967 999992546
738 775 999965620
323 224 358931160
682 484 999962623
163 378 999908506
934 563 999931913
929 340 999847036
253 622 999960011
774 21 789726935
523 973 999892649
436 39 999884401
233 267 999968189
450 535 999904032
424 156 999916902
622 207 999944253
787 908 999996715
882 758 999937692
544 291 999967181
98 791 999926307
234 989 999865116
646 389 999974852
140 843 999866886
616 540 999962661
517 498 999999703
991 805 999900215
902 164 999878845
319 837 999929714
698 873 999968308
53 413 999895404
679 989 999905976
668 737 999907340
449 640 999946413
189 855 999963898
360 321 514547802
988 677 390695730
392 992 999991044
786 718 999862346
828 767 999853539
186 431 999977388
696 784 999861661
338 935 999968272
669 721 999961187
52 939 999875551
880 740 999864971
900 951 999950153
977 995 999935377
436 234 999986190
833 894 999960405
94 376 999912399
365 929 999892117
769 885 999927259
382 912 999915850
743 577 999876628
367 750 658102377
988 989 999855021
995 947 999976609
69 685 608591091
971 996 999916554
605 445 999868360
307 448 999970217
634 193 999918002
487 428 999932419
855 98 999988115
917 803 999934159
995 331 999884677
992 985 999952341
474 549 999987416
906 355 999929724
789 692 999922423
932 639 999861765
903 962 999856491
523 433 999958755
871 491 999952260
25 947 999940922
790 817 999871045
375 778 771080521
632 570 999956824
499 962 999883957
575 605 999968142
663 623 999936607
857 398 999899921
427 973 999984457
810 876 999978944
861 898 999903152
871 990 999846697
265 786 718519311
966 970 999991816
906 34 999876353
628 419 999903208
620 315 854976333
705 564 999933993
464 474 145371195
900 859 999904017
737 400 999987012
602 137 999960511
939 994 999967753
997 254 999967781
463 500 999892163
826 775 999936888
443 561 999958105
680 673 999945345
807 454 999985794
593 168 999893268
561 626 999863899
125 690 999978364
615 994 258489253
257 290 999876473
881 668 999987895
35 600 999850936
452 786 999847983
891 150 118297068
993 627 999953825
859 960 999942376
904 906 999965595
655 888 999852143
928 997 999940614
323 881 999887377
982 823 999948587
598 966 999906714
362 939 974950887
792 942 999938682
734 944 999899554
728 638 999981250
757 663 999910192
818 906 999980587
979 876 999859549
511 691 999900625
483 720 752133332
745 740 999848955
624 667 999978146
834 921 999864329
190 921 999888670
334 831 999888948
766 659 999874881
828 881 999993242
800 777 999879705
445 80 999952989
723 973 519206365
643 212 999899641
227 466 999940455
870 278 999897623
39 212 999936896
752 778 999973033
944 551 999977822
648 795 999877205
924 918 999989900
177 7 999845682
978 496 999858699
685 561 999953442
933 853 999865937
409 672 999925550
628 546 999858329
823 275 999903644
621 932 999891059
379 219 999905989
514 729 776518479
856 902 999913628
571 518 999938992
662 120 999896401
727 88 999958538
997 503 999869455
733 838 999939708
793 506 999962153
821 216 999897402
942 408 999998169
231 920 999861644
814 609 225083870
214 378 999932788
599 84 999906375
854 895 999898237
860 895 999903301
233 757 999932051
137 411 999968222
399 565 999879529
969 975 999904537
950 963 999878560
381 806 290614943
582 927 999863395
756 881 999869000
585 837 211783229
323 973 999938950
84 462 999879379
817 912 999881066
921 556 999898488
924 998 999976086
351 571 999866875
992 958 999935126
564 992 999964503
760 347 999971276
585 458 999847490
920 915 999921570
719 957 999923422
401 920 999956324
978 996 999954478
755 414 999919585
662 105 999991254
396 450 999876699
816 378 999874231
580 596 999945227
387 793 999935069
160 437 694619450
608 779 667502703
701 962 999960724
790 37 999862153
214 633 999906432
714 919 999952207
913 864 999857361
879 933 999906528
902 941 999989951
649 527 999993804
946 869 999958767
732 838 999923316
341 626 999914397
480 454 999957260
490 951 999949048
579 201 999961970
965 988 999899928
781 753 999965268
981 940 999849070
829 1000 999870958
36 914 999984954
876 998 999854709
637 458 999894437
915 555 519206365
348 120 999947191
895 199 999964667
983 997 999941014
873 148 177711782
941 924 999976812
162 813 999869279
962 951 999998140
995 521 999977291
447 965 999922209
198 108 999920002
419 848 999882468
221 769 999978766
425 836 999958972
725 334 999962858
987 627 999980489
1000 997 999978171
25 142 390438673
929 801 999908385
827 774 999998052
955 396 334725936
994 730 999888002
220 879 999897965
525 790 999956444
971 721 999893814
206 839 565159373
447 669 999865625
562 646 999865139
302 812 999971740
918 797 999992911
392 835 999927000
238 791 999904861
30 546 999848881
887 848 999898264
978 906 999867008
936 893 999984448
947 933 999997176
684 22 999995888
949 791 999928038
365 751 853655206
643 818 999880872
47 987 999861379
953 567 999894902
366 411 999909688
344 737 999860209
281 729 999890884
855 830 999973555
569 717 999949155
468 142 999938115
576 241 782564196
697 714 999909592
142 972 999909725
444 267 999891302
539 982 943680606
237 768 999969301
321 665 999925533
922 578 999999262
669 234 999920621
273 800 999880330
299 511 999902683
318 50 999854988
183 570 999883966
618 763 999940561
989 623 999857456
295 473 999971163
234 771 999899259
799 973 999993705
718 371 999916419
632 312 999858289
791 891 999957354
127 99 999851181
906 979 999956595
626 306 999992830
614 787 999850136
790 26 999940755
224 229 999872974
886 974 999915266
554 813 999860283
5 677 999999716
734 921 999898618
940 163 346037872
743 920 999888427
539 890 999924009
846 734 999853159
12 784 999848339
748 927 999913769
912 994 999878357
732 875 999981821
924 949 999971268
935 928 999886996
611 584 999879290
968 750 999933893
110 591 199381120
535 649 999962821
557 356 892841033
567 947 999893542
528 250 999892993
820 799 999968802
490 218 520101282
598 987 999964458
726 918 999877745
570 568 999982551
2 867 780292388
572 953 999951615
940 893 999916606
1 948 266593300
896 512 999894874
411 61 999858194
342 146 352403801
331 611 999984698
853 238 999920636
980 947 999906661
895 915 999867548
956 606 999939128
984 990 999906352
393 980 999887548
762 989 999926383
487 602 999944114
511 916 999859745
976 950 999987849
179 896 999890524
509 897 497770097
711 672 999925346
371 36 999993104
527 423 999990741
877 827 999868907
608 981 999860334
523 773 999937783
891 717 999887078
375 826 999983826
1000 992 999915677
2 521 643611181
926 831 999929236
470 694 999982472
964 28 999914752
721 659 999907635
838 796 999992064
590 168 999964892
659 811 999977879
561 148 999929832
951 769 999922661
928 800 999876322
521 473 999970244
657 416 999916561
972 595 999851928
468 345 999974481
256 748 222284759
445 443 999975809
731 915 999918199
734 929 999866487
921 483 999958478
666 714 999961341
940 824 999917207
409 253 999944884
644 312 999946734
621 979 999905558
670 712 999972324
854 183 999862173
654 503 375551966
325 345 811423117
758 291 279298915
994 949 999905361
48 101 257293867
538 127 771080521
147 869 999877997
583 615 999857372
890 943 999920003
666 497 999920513
676 332 999849402
116 466 999910792
982 275 999873037
310 969 999937078
552 400 503308635
150 266 999971945
713 634 999898080
973 876 999944972
683 894 999870406
645 490 999978097
182 779 999911464
338 35 999990351
508 759 999905660
20 655 999891086
938 634 999925414
750 665 999846969
802 418 999984377
487 181 999967284
743 396 999911942
165 933 999951848
553 190 999969809
834 709 999919808
454 302 999900563
591 660 999925503
384 439 240533676
887 892 999929574
617 304 775529279
705 413 999955801
511 751 608471156
289 927 508517062
316 633 780292388
177 542 535691486
10 106 388444860
919 946 999908360
436 689 999847770
502 486 999920807
382 402 999883558
458 649 999890038
838 463 999912208
234 895 999945063
920 621 999974817
540 756 999987307
959 980 999872933
475 963 999906660
541 886 999986062
956 523 999994418
997 629 999944680
433 98 873014909
247 981 198078757
597 482 999961458
349 384 430563000
966 435 999878587
550 873 999945528
697 652 999880456
528 708 323574260
566 504 999959420
581 991 183546393
945 911 999963526
119 157 999904540
897 693 999886460
915 536 999948881
966 798 999861205
943 967 999915335
535 296 999947752
897 972 999875348
389 16 999896375
859 527 907896990
947 977 999971052
941 812 999933829
367 896 999860975
536 361 999989561
709 434 999953807
829 989 999887281
862 908 999924516
97 112 999922653
428 124 999863082
57 729 10594019
774 964 999901884
859 897 999878255
622 961 999993636
868 974 999986083
269 696 999946572
940 406 999979231
89 905 225083870
836 770 999889485
956 959 999879838
975 778 999991961
989 820 999976358
572 955 999901621
1000 995 999945799
705 817 999886137
587 869 999947242
323 291 999979085
275 291 999912911
5 129 999853653
585 544 999884017
363 67 999985019
910 901 999934470
427 216 873014909
831 905 999991403
831 907 999974908
642 504 999924740
676 583 999956051
113 928 999999224
777 852 999870833
903 877 999973785
868 693 999988876
1000 933 999856905
973 503 999884880
846 757 999993101
975 989 999933853
988 915 999851944
323 770 999847046
297 703 999917689
266 547 999854313
822 977 999927685
771 577 999924495
768 878 999869052
885 931 999922437
675 893 999975497
591 657 999992926
688 965 999950988
816 870 999857722
858 925 999856040
203 593 999946370
563 40 999927127
291 436 999957389
622 235 430563000
959 997 999979407
898 159 999991210
778 26 999905855
683 301 973669354
852 874 999982641
943 956 999881153
925 480 999975514
984 82 999905547
544 886 574338316
447 700 198492572
817 337 999889287
646 700 999997040
370 531 854976333
485 307 999967293
941 840 999859352
627 296 999927436
711 30 999928008
995 987 999867148
70 621 999865438
16 540 999847971
227 850 999966595
532 726 862774804
818 456 769188118
862 594 999882618
966 133 999978014
951 255 999860114
178 1 328897056
77 132 999957822
624 703 89872726
535 648 584545247
376 861 999901831
926 834 999989198
907 919 999919077
512 328 700381006
731 891 999962448
78 850 999967470
463 693 999994232
907 86 999975304
568 132 999943796
462 502 999846293
403 685 999898473
606 674 999988166
508 500 999907671
175 753 999987811
604 253 999919984
104 692 670735286
991 838 999950692
353 596 999999300
662 527 999858532
878 744 999906221
47 175 999901276
574 899 999987230
941 986 999960055
413 533 999974103
724 959 999921505
452 139 999958379
360 328 999921915
512 996 999961258
494 797 999857916
530 761 999998356
673 44 999909457
755 475 999980178
367 715 999963154
925 910 999894508
810 829 999984736
581 968 999898422
858 516 999928831
930 753 999942019
894 915 999911519
797 636 999937311
707 745 999916827
696 677 885239086
381 838 999991142
802 784 999873744
19 856 211519981
422 654 150017363
873 614 999863489
744 432 999933600
598 983 999994781
172 541 999949500
904 782 999998798
197 765 184153408
950 180 999926087
582 250 999952538
634 755 999924557
960 102 999853418
1000 901 999969559
834 915 999874014
698 660 999988829
706 844 999881508
950 972 999935608
854 733 999897894
355 286 999873097
945 145 999898764
475 153 999918720
710 425 999912835
82 155 266593300
318 57 999995228
600 694 999951202
971 890 999995678
858 821 999996565
973 633 999923750
686 820 999883602
739 223 999955119
620 662 999882816
691 661 999876825
815 988 999890118
657 747 374242151
574 537 999984536
962 998 999950255
344 893 999903206
791 855 999874628
68 298 885239086
802 523 999904780
795 598 999892388
621 987 999899587
534 716 999982699
689 564 999862313
933 919 999871205
977 468 412622962
121 113 999983429
562 297 999979340
455 576 659719770
522 860 999975022
195 716 999861491
655 161 753281691
739 152 999909896
964 989 892064056
400 840 999938039
812 854 999968561
711 419 999963533
969 570 999846100
785 607 999871848
941 641 999913714
447 871 999919040
687 163 455732355
894 978 999865372
900 963 999935877
427 14 999996730
324 944 999974468
60 537 999926942
353 879 999948544
869 759 999983631
867 650 999865226
581 67 999952832
997 995 999905325
157 963 999885670
355 336 523296940
914 537 999982506
687 197 999930349
402 573 999862792
974 792 999892699
145 854 999918203
724 963 999999228
980 929 999971262
663 492 999911796
652 899 999915761
620 194 999919280
966 996 999969768
880 869 999972837
155 961 334725936
537 298 999974369
455 790 999960836
934 841 999968506
737 782 999984790
726 561 999978948
908 392 999846270
594 906 999900016
126 607 999950232
789 765 999992800
531 715 999889855
767 598 999845599
324 611 999984359
962 957 999951914
867 809 999914665
652 941 999868075
820 831 999948490
85 262 614795757
975 865 999964894
986 978 999898499
535 949 999875827
915 885 999909263
658 591 999938055
821 670 999945868
369 744 999888004
398 164 999962630
217 273 619993657
859 785 999937073
996 707 999965662
494 521 999911670
986 998 999994020
763 903 999858143
867 973 999913185
871 761 999910385
929 654 999887084
773 708 999914994
920 830 999890212
993 998 999983334
937 574 999983539
273 303 999943531
426 624 999940792
810 552 999892271
950 322 999968092
119 398 999951275
202 964 999916268
866 394 999853665
574 647 999851090
985 974 999863619
921 998 999924727
671 805 999887851
904 788 999860664
210 53 999865612
734 818 999972681
613 294 999927646
999 891 999863344
316 436 999981834
552 134 999981675
986 944 999941296
314 385 49483624
866 937 999962569
986 992 999895079
764 599 999847064
813 861 999924912
564 112 999864278
450 711 999873447
909 914 999899117
919 449 999932058
773 756 999868382
758 844 999863877
135 822 999959827
440 799 999879610
799 877 999868920
933 967 999891636
988 990 999853977
155 637 337474806
575 142 10594019
312 129 999988539
72 466 999934954
838 849 999865817
467 681 999940431
409 740 999893420
382 44 999857411
974 125 967229851
927 634 115923836
987 994 999959323
868 972 999923957
79 35 999871925
769 763 999892058
159 479 999919033
860 994 999964632
96 380 999866686
361 842 999883543
603 293 679670161
551 598 999884554
451 461 999985044
957 694 999949254
896 714 999848379
736 846 999962371
476 375 999889297
694 808 999851771
446 160 999907051
217 100 742374224
926 765 145371195
271 623 999905747
694 605 999944212
944 403 999879100
578 740 999973828
93 744 999990298
703 841 999947430
568 915 999877089
730 895 999882127
924 881 999901857
908 469 999874297
139 408 999940375
770 138 999878369
785 960 999928702
540 330 999870522
999 993 999957964
819 875 999879471
55 465 544129535
954 992 999855766
994 814 999998767
645 394 999955614
537 466 840635701
634 690 999981199
73 910 3801145
438 999 999888176
193 524 999942556
852 778 999903104
599 498 999880406
853 899 999864976
706 851 999881107
410 687 999869000
924 24 999884142
518 136 999857649
917 235 184153408
944 999 999889934
984 564 999963541
440 596 430563000
790 18 999881083
279 308 999959792
12 874 999937004
793 882 999897572
967 330 999853979
696 690 999866980
154 819 999905664
165 637 999980101
591 323 999901522
802 762 867486355
620 697 999916647
847 678 999973099
850 584 999919803
924 180 999996328
434 884 999846673
755 930 999859788
945 791 999852431
96 875 999942798
657 563 999938108
798 901 999950461
996 948 999964412
859 371 999847905
25 208 999905787
390 775 999964399
790 245 885239086
330 220 999903940
988 982 999969495
617 915 999947662
719 858 999977436
50 64 999857715
40 518 999906543
352 310 999957105
902 811 999886130
769 845 575387684
610 580 999900980
947 607 999929088
191 729 999955552
736 838 999963339
351 504 999936549
573 463 999898158
932 801 988824082
894 946 999845542
182 180 999953942
952 900 999955789
572 525 999935732
22 632 999921406
543 878 999921838
862 127 999959029
994 959 999899761
892 348 999993140
227 616 999864804
11 303 999901178
776 939 999901072
567 637 999958711
845 888 999894604
903 930 999915763
660 973 999884886
416 201 999857442
7 983 999968644
655 630 999984098
694 44 150017363
892 823 999936958
856 939 999964343
692 132 999936278
458 126 999877520
364 870 999936242
766 482 999858761
710 642 999967999
342 310 999963497
234 45 999866530
944 824 999954670
728 761 999855227
893 987 388505413
423 505 999853640
539 110 999926117
889 938 999995129
213 533 999973427
95 456 999884496
966 790 999876662
895 263 999911653
153 911 999916409
545 675 999880340
483 690 999857561
349 711 999851182
455 190 999846445
813 812 525587845
371 297 999997947
114 446 999885588
844 698 483739099
341 136 999847882
998 396 999988879
691 860 999848470
860 728 999850318
268 312 161714576
788 532 999857330
833 972 999881667
360 40 999863999
652 854 405417484
809 441 999903823
431 820 999995509
843 950 999888135
551 604 999994587
752 668 999968554
821 719 999890370
363 711 999934974
977 848 999969714
752 734 999963329
982 994 999920709
819 982 999942082
686 329 50769702
588 679 999995007
781 450 999865775
372 194 999975242
353 321 953851628
577 650 903948157
528 823 999985500
763 730 999973998
702 322 319721715
982 987 999867911
616 373 999875187
174 944 999976811
910 891 999964151
868 122 999907575
981 754 999986010
987 214 388505413
885 698 999907622
495 664 999856872
302 494 947262982
375 926 999990338
869 460 999976961
854 930 737931627
453 523 999941769
976 974 999942373
269 673 999920475
717 951 999881646
994 925 999894416
928 233 999862051
984 974 999921901
211 737 999874977
31 377 999880410
6 594 999859405
658 560 277564132
995 991 999862093
574 781 999972911
997 996 999948007
489 135 508517062
554 64 612164756
906 742 999927544
715 196 539479045
831 935 454394205
943 481 999956200
843 775 266066835
857 800 999940037
690 75 285363668
511 293 999996520
731 703 999942191
49 291 999863559
947 800 999935578
724 448 999935244
976 898 999985312
898 462 999913577
159 183 999978437
366 185 999869134
944 827 999904511
946 948 999901813
909 854 999966357
149 7 999977573
523 219 999961087
717 578 999925372
683 376 999945981
17 646 999847755
340 983 999986072
847 985 999901426
38 24 999977919
37 898 999991400
959 74 999895726
10 261 999963154
986 242 999982021
412 433 999918079
858 575 999946770
740 813 999851593
268 888 381409916
995 984 999933998
670 574 999845676
439 204 785966372
401 563 999924200
580 516 975059810
246 801 999846338
974 959 999950427
799 769 999990649
945 964 999893756
971 881 999847126
427 77 659325818
807 895 999889607
746 616 999925697
689 275 999986684
838 564 999973190
966 889 999896639
858 900 999988803
67 140 199381120
460 367 999868146
633 967 999951189
710 92 999904215
463 567 999942328
439 421 999990347
938 484 999863262
131 422 999897086
543 976 999940843
431 813 999877215
120 818 999959395
156 862 999896711
393 957 999901226
841 656 999910017
884 447 604116232
132 527 999907991
758 270 999992587
676 766 999985529
870 507 999956592
875 873 999999980
984 930 999870677
369 870 999969725
634 794 999859658
556 28 200208432
363 30 957070653
257 455 999884544
299 456 999947794
291 243 988824082
401 429 999989230
235 956 999893659
865 763 999965026
826 181 999979341
600 747 999933315
332 314 999982998
874 561 999987594
357 774 999862989
671 132 999936638
652 837 999889879
852 894 999977891
468 950 909726968
891 869 999911426
652 795 999928098
455 779 999991667
667 520 999880496
906 614 999856132
986 849 999967850
239 356 999863755
723 756 999925545
325 412 999918383
795 375 999941814
461 480 999874468
385 567 999882441
215 474 999890203
778 833 999904102
964 962 999947037
223 956 313975670
829 844 999904753
169 541 999900697
476 299 999947092
883 581 48593479
999 854 999913691
811 887 999910286
834 960 999907179
659 621 497770097
864 898 999970748
744 143 379030595
315 783 999872115
121 119 999957914
974 996 999902327
846 649 999986941
995 637 999910742
843 750 999871306
427 815 999992584
473 790 999917238
329 567 999992102
1000 981 999956370
932 979 999909049
628 928 999925903
728 253 999899234
934 278 999973834
994 71 999984649
457 361 999973528
313 459 430563000
376 955 999997648
998 864 999875450
465 925 999974187
225 787 897072345
266 575 999940137
838 412 999911727
51 599 999924588
969 776 999870574
650 797 999850647
437 376 999997564
430 724 999894121
443 420 350551531
863 630 296788520
405 636 999970810
391 92 999883045
975 973 999858614
661 972 999857038
148 519 999904488
598 507 999972790
928 989 999971560
467 18 999902226
435 55 50769702
510 432 225083870
157 379 999867775
608 48 315649022
58 738 999972176
310 314 999980846
476 209 999917605
170 765 999882862
211 538 999984405
744 328 172410223
998 987 999966566
827 878 999897932
482 522 999985761
33 908 999967072
477 473 999855237
914 589 999982023
185 216 999942751
858 968 999870094
457 435 999918450
820 212 999914007
269 949 999980166
954 817 999874032
226 297 999867853
946 676 999973601
629 419 48070141
687 594 999925956
711 234 999863165
986 659 999963426
559 332 189433031
332 308 999905833
464 339 52205443
121 356 999960666
566 965 999983741
751 949 999893161
630 869 999934087
163 972 999996419
82 485 999868441
354 941 692797446
778 444 999907962
162 113 999882347
361 777 999871766
558 915 999925716
78 422 999867569
398 281 999868762
89 323 999934915
385 552 999957774
889 355 999925912
137 858 999927503
189 943 999924289
511 601 999867758
996 954 999963277
548 380 999954748
911 795 999970956
857 673 999848468
184 325 753281691
889 998 999861897
964 706 999948044
750 770 999879449
601 654 65536853
466 68 999915767
575 411 999945858
857 861 999975166
847 967 999889497
824 843 999927260
227 819 999980730
783 437 999995995
582 799 999985490
884 789 999969205
344 990 999885999
487 146 699453078
25 866 999998349
998 651 999989551
273 635 999867859
156 791 999912581
551 237 999866609
779 926 999956066
945 772 999910584
649 893 999930377
541 513 999910448
961 965 999884192
538 305 999979745
458 532 999922966
366 413 836111284
547 303 999959115
640 992 999981198
394 283 712606636
661 955 999898142
869 592 999888239
646 849 999872972
820 724 999904952
912 294 999922596
581 133 999962918
417 698 999936535
906 940 999864074
979 865 999877854
558 995 999875754
815 824 999878805
961 991 999870731
980 823 999951867
807 743 999923226
612 606 313973226
924 898 999917657
701 564 999945050
782 88 999992782
997 383 999980129
295 271 999930519
788 449 776009470
980 990 999848074
993 98 999879344
764 612 999851533
864 854 999895288
522 692 999980000
331 254 999871410
294 262 213307904
847 989 999971432
662 258 999892753
677 958 999942575
94 220 999950350
477 722 999959487
481 762 999964019
814 885 999910228
944 110 999872658
669 615 999879459
876 961 999880693
277 882 999930550
933 954 999924140
775 634 999850325
785 35 999959013
956 830 999947982
571 171 969200107
978 859 999935642
494 700 999964060
303 644 712606636
951 789 999959668
179 411 999887068
111 173 999889917
614 872 999965941
607 967 999904575
12 265 999856710
982 984 999957926
162 75 699453078
366 762 999991909
694 583 999901779
813 979 999918795
168 378 999997627
930 951 999976998
573 887 999906830
815 280 999917239
398 925 999971241
21 969 999939048
992 993 999968253
813 72 854976333
308 65 454394205
907 206 999899306
672 737 999930195
872 732 537430156
833 875 999860493
412 899 999960572
979 997 999897558
398 852 999995967
538 302 999861529
386 771 999918285
168 289 999962515
819 428 999879084
858 791 999852058
536 660 999861725
609 927 999932969
974 943 999975588
599 492 999850784
349 935 999960138
632 613 999948228
549 887 851142805
343 159 999899727
309 427 999992752
260 961 999904209
585 506 999936996
739 922 999858624
638 931 999975040
28 48 999945943
932 514 999956628
681 911 999898611
363 516 999882845
508 520 999931250
626 403 251451932
623 731 999862275
399 733 999859785
829 147 999888730
319 909 469557112
68 454 999849330
306 795 999972249
616 929 999935841
562 639 999922265
677 986 346037872
834 353 999987837
241 659 255805866
360 458 999930659
963 981 999918373
719 984 999866800
571 883 708764161
578 352 999965760
381 733 999878095
625 933 999928464
925 995 999914381
438 365 999988720
963 690 999929498
895 719 999954198
914 639 999848861
71 306 189213814
841 813 999891566
676 639 999964454
238 400 999959599
725 652 999933343
302 117 999918557
835 836 999872830
866 849 999866201
469 506 999965870
633 666 999914989
447 827 999897572
698 606 72015827
972 816 999891999
602 754 999915132
256 9 668730012
794 307 999868442
904 895 999887421
727 447 980408531
735 917 999914604
304 205 999964133
320 573 363710829
264 957 668730012
725 748 999964338
354 544 999855388
31 879 405417484
545 704 999858717
827 708 999887660
790 798 999992965
908 132 999894027
337 907 840635701
919 290 999900362
721 784 999994888
785 399 999991991
736 632 999938614
630 537 999891879
418 817 999954674
157 45 999944675
619 557 999945157
461 164 999914782
429 50 999921939
808 588 999956144
418 563 999980316
491 897 999894827
992 79 999845786
418 56 999863570
620 869 198354411
542 669 999934860
182 995 999912403
30 451 999990369
313 579 52205443
877 84 999882875
680 448 999915525
782 988 999974356
202 416 296788520
850 799 999846435
961 193 999994986
995 996 999954635
697 759 999966483
242 254 999912195
808 983 999861841
627 377 999915863
650 907 999875913
732 918 999858657
918 983 999881805
80 89 999999610
56 810 999915747
415 7 907896990
285 126 774497938
903 563 999947685
541 540 999952001
213 461 999935202
351 423 999952021
994 938 999984712
669 952 999933731
367 963 999920453
622 141 999955330
970 915 999963269
356 182 999894000
967 957 999887702
785 799 999921700
35 493 999874646
757 246 999924450
988 976 999854369
777 965 999879887
981 952 999992907
147 858 753281691
950 706 677089154
487 342 999969977
354 713 197631566
507 68 999926572
341 962 604116232
20 959 471109137
438 855 999866113
837 745 999956691
846 655 999964971
848 916 407789197
672 158 999936250
289 510 999858727
904 717 999903175
884 994 999930265
441 885 358931160
571 791 999890151
802 268 924657560
817 970 999938729
575 971 169548469
945 975 999914452
379 116 999940659
986 995 999913077
910 986 999864464
636 778 999976529
898 942 999991481
326 279 999954175
196 813 999860234
772 724 999938884
617 474 49483624
784 773 999908127
220 899 999937481
206 879 957429248
844 534 999846904
898 664 999992294
738 866 999953366
929 325 999936877
601 751 999972118
738 455 999951929
293 571 17794314
843 793 999945590
960 542 999988480
846 513 999939214
840 687 999965493
994 513 999862728
713 831 999980089
963 590 999934736
511 167 999987535
793 435 159865076
947 984 999962112
969 886 999875805
437 548 999868234
984 998 999940474
235 144 999230815
644 414 999875934
769 745 999942656
362 452 999950628
492 592 170169597
176 665 999905173
675 557 999912809
840 738 999853314
504 617 999943888
692 775 999882065
416 83 769073732
997 980 999975622
450 309 999975883
949 799 999871119
567 841 999904104
486 481 173869876
767 573 999986797
870 960 999876533
799 396 999903986
808 724 999861562
205 681 999996313
968 114 152856129
271 27 482410964
674 849 999982800
262 711 95502181
4 25 999859448
431 921 999870293
679 493 999845526
288 566 999965273
222 351 638213721
223 949 999918635
203 600 999955416
650 993 999902083
742 288 999927621
879 787 999884560
202 355 999915769
988 510 999947225
287 512 999885447
960 64 999929587
268 491 999918344
349 545 999906637
990 676 795726042
503 951 999884231
373 231 999977677
416 673 999974898
316 419 999871690
995 786 999976929
529 866 819548848
532 246 999956182
210 967 999855668
832 376 999902336
941 197 999988523
556 677 999966628
519 558 999953183
918 708 999885155
709 765 999951961
829 927 999917190
893 977 999890552
410 226 999934085
984 997 999895367
841 999 999954266
636 589 999909741
925 311 999963338
19 56 975059810
299 640 999864460
517 581 999851937
704 479 999991972
405 840 429446531
988 995 999953659
594 200 999967919
59 371 999939328
963 857 357166877
709 865 999886092
636 7 999928971
541 173 999933759
401 731 999979674
132 559 999872097
275 356 999987236
583 789 999903485
496 94 999952624
179 921 999910214
960 970 999876453
734 86 999959351
994 974 999903483
944 659 999970135
95 611 999939771
931 639 999982469
236 531 999855139
600 635 999909138
932 988 999986971
927 974 999913585
863 923 999870301
515 378 854976333
530 580 999848057
818 119 999868594
390 142 999975082
821 898 999990031
964 984 999946867
987 972 999956377
650 709 999917221
472 218 15105302
892 23 999951037
599 758 999977836
661 249 999963853
370 601 999847034
479 266 999941556
792 771 999933171
614 811 999898706
917 748 999882880
122 985 999916595
580 956 999894870
795 391 999892671
685 104 999856341
649 178 999871062
913 743 999931757
979 828 999999803
801 556 999926395
453 573 999947837
865 29 718519311
709 498 999926107
375 115 999856021
704 435 999905102
885 158 999861869
702 922 999940706
641 186 999912834
688 27 999942909
815 322 999970927
762 374 170169597
812 570 999987940
661 943 999911483
298 325 999951816
299 501 999934555
230 640 999946976
771 847 999986527
260 419 999968254
858 579 999992903
982 963 999913864
226 436 999906065
978 968 999963007
920 899 999955928
157 356 999858284
531 97 776009470
960 920 999902634
966 898 999936177
682 346 999983649
485 626 999947223
748 394 999913259
226 631 999862814
856 467 999990973
976 55 999860372
747 615 999937288
904 897 999989575
255 710 999851808
778 188 999961167
448 699 999848470
874 595 999976058
496 236 999981439
691 312 999935084
170 529 999976741
589 640 999860228
943 705 999887934
558 626 999869176
982 964 999846345
664 86 296788520
767 380 999980258
169 456 999986014
810 940 999895097
888 930 999935991
796 75 999985264
989 899 999921520
807 891 999851276
3 777 999848843
817 691 868457145
393 835 326206076
979 849 999970687
962 861 999991201
636 318 999993432
924 978 999967916
814 826 999985006
899 974 999871680
689 613 999845931
762 782 999962385
807 690 999937999
258 273 999868270
854 908 999984548
428 544 999895007
766 946 999984777
815 556 999845693
39 729 999878379
710 93 999876018
683 651 999952184
554 675 999900461
430 448 999875132
560 389 999935716
502 668 999919307
944 940 999990274
893 771 999932540
7 716 999992639
225 187 999955148
369 756 999950066
643 74 483739099
845 970 999979469
145 511 999964250
876 855 999900696
526 956 999962756
143 786 276045026
734 738 999984330
620 807 999881645
911 988 999925014
723 958 999889680
520 236 999856714
732 545 999976203
372 177 999885215
848 736 999847310
331 509 658102377
607 835 999912631
561 301 999919903
477 802 862774804
502 557 999906783
530 791 999864833
935 978 999931292
382 423 999866078
787 950 999887711
128 286 999859971
800 817 999887446
484 351 999956420
691 626 999937142
913 415 998798786
883 804 999897192
943 994 999959806
682 104 999910237
834 366 999851962
874 992 999920848
471 927 999946618
152 257 469557112
751 702 999846984
489 881 999886396
89 621 999897637
646 211 999953914
632 476 999941145
796 505 999881208
600 200 999944210
669 825 999980854
455 566 999978559
347 595 999851629
90 59 957070653
787 666 999892997
306 248 999997669
492 559 999860163
25 590 999997591
740 865 999963654
683 436 357166877
408 391 999927142
150 737 999856532
117 405 9576926
584 384 999989259
529 455 999964609
908 314 999959996
338 168 999945637
920 599 999905994
848 393 999859363
828 469 999938953
798 298 999916052
761 904 999931524
962 581 999972325
752 586 999950090
450 768 999889697
96 727 999886026
906 729 957070653
394 826 999885245
171 749 999927374
838 999 999956114
981 918 999901163
898 368 999916760
284 626 999929986
970 609 999933683
715 766 999886376
530 509 999883735
8 207 999992386
833 288 639853855
898 692 999915628
248 852 999986228
772 157 999938460
973 784 999920033
533 425 999939743
630 533 999987151
254 707 999949064
301 540 999984923
910 833 999886669
179 11 999967871
645 911 999879195
693 595 999897628
984 1000 999936050
69 943 999999456
77 436 999930264
33 724 298621606
855 990 999916642
452 746 999867381
203 468 999847329
839 769 999937431
844 733 999855577
903 486 914536445
740 45 752133332
751 688 466394304
124 110 999981285
934 902 999858884
893 756 999889711
952 990 999971047
291 684 999922634
987 851 999905421
142 423 999921788
274 95 359528738
228 862 999953235
205 460 27994620
568 37 999947504
906 975 999911139
623 356 999993575
846 605 999978598
333 709 999997047
886 807 999868052
116 410 999929120
969 482 999945595
937 4 999988770
841 132 999971832
521 449 999987129
456 674 999864548
771 707 999902283
703 977 999954750
994 997 999938210
751 200 999916673
250 423 999888380
865 972 999950168
153 65 999872988
169 688 999951038
685 806 999995363
562 446 999991493
987 997 999878052
348 195 999973998
971 975 999909526
829 308 999954438
246 785 999944520
