1000 5000 232500375
659 423 461988053
911 621 634558607
251 427 334054560
754 548 630840508
868 255 772026397
346 539 520153654
629 795 537854713
703 196 658186941
298 644 461988053
747 945 915576041
797 123 855115144
322 611 961332675
316 416 111108969
769 635 892948994
917 245 783853422
50 932 328027020
171 192 196994399
358 62 486025145
850 128 429519348
491 814 156839125
157 13 197263313
301 353 797116614
3 762 687932776
286 441 736141260
242 149 328492274
283 239 964847440
541 210 140915965
620 312 610233233
829 461 176763089
302 832 802268799
160 544 465122502
292 501 469077426
720 304 630840508
204 500 794334448
579 323 358939127
909 472 163722159
10 393 737304136
589 680 207536068
347 59 140915965
54 876 490372764
517 771 539546426
359 57 453076227
706 17 10148079
443 196 502161899
278 675 490050215
239 289 422977597
931 85 22671159
208 624 18967636
605 774 422977597
823 539 929033694
217 134 78390439
510 325 274016788
492 56 813735785
760 228 124945027
317 692 4281836
803 975 302941029
786 800 929033694
107 275 785784640
946 267 555431923
831 983 493302167
719 503 549582599
134 713 621551440
146 91 855326484
954 431 739584864
489 852 440403295
803 867 543859789
781 883 934782352
20 335 175161764
625 43 271124782
576 972 334054560
422 926 634572891
699 458 257871700
624 738 915576041
747 235 281735960
57 613 708348281
671 260 987762229
103 811 505071907
936 298 415304333
647 940 797116614
619 540 668873647
812 998 819368401
902 635 274016788
42 895 145139414
171 21 804715210
803 400 627282399
759 995 934782352
649 422 704545203
70 378 528513812
87 190 136613584
370 857 915832348
937 432 353231037
253 711 300173424
386 27 590238258
49 499 206275243
287 854 894147988
51 430 244128898
627 44 452548673
336 259 200079116
319 455 100761686
381 256 304822626
814 360 42640069
796 846 216194423
654 955 243901414
648 591 274016788
367 400 76863443
549 782 617639895
501 550 502161899
148 413 298091750
194 293 280367265
937 86 943316979
927 808 621933707
44 111 112637837
165 881 290951474
175 139 273578327
133 685 936945824
172 766 171036267
649 364 431317753
739 724 171309309
559 525 180999415
442 374 272108288
211 869 577752330
554 913 79415018
238 253 531904449
232 106 273578327
749 103 737304136
873 450 708348281
993 454 348043749
303 250 936945824
895 97 660571578
246 365 542161535
943 879 923371271
903 196 38803483
34 606 748412909
374 132 20282554
885 758 603553478
992 515 537854713
817 655 111108969
529 665 353972619
459 677 257871700
546 572 270859823
134 816 302941029
457 954 928446477
559 398 887838522
739 261 733914223
838 212 42640069
355 952 415304333
175 54 258205123
872 774 871476930
82 337 418050308
183 305 440403295
642 120 750284889
152 893 715494477
463 838 993408756
391 422 851475095
587 981 167093877
174 906 738831509
805 284 957501989
842 683 407071225
75 418 498409028
858 643 3458318
212 678 111108969
705 148 65349942
316 950 425118827
762 841 777466104
540 194 378571318
950 166 691100828
217 594 844838094
904 128 188979678
934 293 437888585
565 131 786114187
406 445 869877703
583 804 73985082
822 470 334709382
316 297 915576041
299 460 68583007
188 509 68003068
242 214 634572891
359 83 520226793
307 993 854065436
516 495 213822420
275 593 345410156
756 21 515315284
422 72 20282554
791 693 785784640
832 437 490372764
623 926 481205980
176 569 668873647
396 938 290951474
640 80 577752330
801 922 126790594
837 790 378571318
905 873 439807721
69 642 481205980
968 107 140915965
669 717 101985929
266 173 795689028
651 735 415542316
537 897 708348281
685 614 612926322
940 658 687932776
819 553 484346226
617 89 584667453
524 213 490372764
710 115 154546038
237 902 3458318
962 630 246155097
756 27 440698622
333 862 170724808
222 379 696762339
442 219 961332675
348 444 300173424
269 86 425967535
93 441 290951474
844 28 923371271
393 58 543859789
729 506 105578998
926 131 318229553
33 263 20282554
405 304 943316979
117 931 465526245
77 386 20282554
590 222 3495978
7 436 763276073
552 290 260389990
726 81 987275577
123 225 993818246
52 870 353231037
638 111 179978511
598 907 844838094
586 102 915832348
53 88 687932776
853 483 207275959
529 591 228104439
40 155 530292770
609 419 327220331
5 298 987762229
914 895 313522812
494 707 915576041
371 616 141766443
668 94 914504263
591 154 307435341
233 260 344043548
646 168 401913335
606 176 785784640
354 541 885791409
790 597 327220331
684 352 378571318
505 749 290951474
160 346 662940848
149 224 898779493
596 635 769345147
959 884 404302435
257 771 990626961
953 459 161011746
280 899 313522812
479 646 68549648
790 276 934782352
872 855 358114160
133 299 273578327
638 865 708348281
152 849 539546426
267 422 171036267
617 943 167093877
3 227 484346226
284 332 990626961
898 1 344043548
173 199 239624473
116 866 936945824
592 745 334709382
131 815 334054560
539 658 63586308
57 783 785784640
228 317 477438049
20 728 170822385
24 741 555431923
541 477 272108288
21 527 660571578
268 243 171036267
134 613 852306494
470 960 936945824
967 704 423621245
526 151 809099618
655 58 401913335
349 327 270859823
698 146 301285196
381 705 382579118
666 78 200079116
596 574 772026397
417 213 819368401
509 275 392943500
605 635 937173994
308 287 949463681
737 433 408649069
671 787 683032922
14 927 206646
165 377 18864755
362 406 114173423
253 46 176763089
800 558 585210394
551 746 286481595
429 844 234924103
584 333 378571318
106 910 196994399
395 967 318229553
302 479 658186941
242 141 683032922
90 305 352416608
420 908 213822420
331 412 736141260
32 826 823755719
806 274 443068847
140 376 632082408
491 287 437888585
518 871 206646
80 95 212005187
554 428 934782352
981 116 722477896
884 784 318229553
252 146 185161844
596 924 505071907
858 344 486025145
124 856 434820375
305 407 382579118
810 889 200079116
510 279 313522812
292 306 634572891
200 910 630840508
786 577 100761686
402 49 915576041
511 27 274016788
340 794 871274859
476 777 802267535
810 860 543859789
385 769 753809069
495 969 334054560
657 35 589884562
936 687 987969248
705 206 305502104
23 301 137489241
296 536 408064009
143 902 391315359
409 410 404302435
164 941 878623996
618 310 212005187
319 409 154546038
793 615 348043749
292 607 439807721
587 531 830828069
381 496 415304333
576 264 632082408
304 555 518663792
399 609 104715814
697 194 518663792
661 127 997305176
338 875 779396226
228 560 804836453
515 484 423621245
631 63 887838522
151 138 170724808
546 884 136613584
757 743 423621245
524 462 210744928
107 456 621933707
333 326 234435605
925 78 154546038
950 446 458927825
144 599 200079116
896 699 401913335
203 368 813735785
419 882 741228515
573 315 301285196
388 93 498409028
459 792 189133143
716 67 740884689
816 459 818332392
309 862 334722163
212 208 163722159
243 110 772026397
649 156 948271891
261 24 934782352
78 163 862845002
668 937 8073423
845 682 366365196
793 179 505071907
647 178 560130662
387 23 745306395
82 815 493302167
932 518 257871700
102 726 675228790
543 270 918284411
424 128 936945824
219 392 539546426
458 815 439807721
837 582 691100828
563 517 948271891
216 109 126270072
8 393 14162240
957 557 522865145
814 19 708348281
231 178 38803483
48 796 53512370
194 846 210744928
244 824 290951474
839 222 632082408
194 221 286481595
59 770 621551440
428 165 409886763
661 64 425967535
18 761 630840508
543 655 638951531
395 944 225858634
520 405 180999415
748 17 490372764
78 915 668873647
538 69 212005187
648 641 809099618
26 903 417521850
214 923 502161899
826 806 379880689
810 558 672798348
919 665 273578327
656 516 733914223
263 778 942749756
575 369 279390218
31 135 183464735
106 70 258205123
10 943 794334448
48 205 931280465
542 96 269225924
790 760 352416608
148 450 402546522
534 601 189133143
179 893 140915965
243 189 683032922
172 78 704378252
475 289 987969248
62 721 577752330
373 356 794334448
677 299 694052889
95 335 647723604
618 997 769345147
122 418 997305176
60 221 366269328
557 413 942749756
512 656 960725861
820 500 741228515
254 318 425151464
863 943 634572891
436 369 694052889
202 309 928446477
886 993 100761686
931 708 246407816
871 487 165626384
328 864 672798348
469 698 281735960
281 568 213822420
715 153 436423295
85 718 188873941
32 556 610492767
701 747 260389990
530 389 610492767
28 283 243901414
395 771 136613584
73 574 481205980
425 759 434820375
328 311 502161899
136 339 610233233
124 679 18841385
412 22 63586308
72 802 437888585
610 904 231082005
263 321 871476930
130 95 292150835
742 37 206646
819 249 140915965
620 147 790269065
543 928 272108288
245 254 748412909
164 310 168765687
589 186 942749756
918 990 423621245
253 76 439807721
18 545 885478173
84 586 474719407
393 667 238786716
630 280 272108288
291 791 660571578
813 852 549582599
623 740 238786716
886 781 957501989
783 6 555431923
629 878 352416608
259 744 63586308
521 289 465886938
749 696 122733328
582 126 44685098
678 37 210744928
939 847 931280465
648 294 892948994
431 522 958116176
29 32 18841385
827 658 207275959
611 830 305502104
638 343 439807721
148 611 819368401
950 571 273578327
589 656 14162240
767 481 292766865
592 646 748412909
612 86 304822626
104 106 415304333
603 234 879078894
646 365 126790594
569 557 165626384
375 148 987254067
507 230 417521850
228 9 528513812
2 780 465886938
843 454 742412913
793 465 206275243
792 313 206646
234 704 608737095
193 6 964847440
775 365 155540222
732 359 308857708
772 945 647723604
375 869 391315359
939 618 680088911
41 263 139017750
887 84 302941029
915 777 894147988
504 973 353972619
676 719 78390439
690 563 441269946
913 159 704378252
987 508 140915965
525 129 522865145
848 458 241542251
68 812 311023616
49 180 960725861
171 743 977266065
167 916 708414278
35 441 565334479
250 688 280367265
921 444 936945824
288 496 196994399
622 636 780529521
768 926 168765687
889 236 987762229
450 52 660571578
279 266 923988630
70 795 171036267
620 710 961332675
357 598 519976424
604 160 604836586
615 734 3458318
53 524 987275577
243 16 425118827
52 287 577752330
228 754 18864755
503 924 298091750
581 684 175161764
695 958 392943500
209 254 621933707
735 498 206275243
207 634 366269328
669 539 617639895
524 389 589884562
554 271 206646
637 665 68549648
895 587 79415018
512 976 207275959
943 522 490050215
155 880 434820375
251 483 531904449
459 62 308857708
480 719 238786716
197 486 780529521
113 929 139017750
351 506 736141260
121 694 585210394
255 921 948271891
701 562 612926322
14 733 264951025
680 852 188873941
324 256 300173424
94 466 997305176
13 748 391315359
989 604 165626384
455 317 141766443
150 497 101362965
33 674 171309309
287 712 923988630
657 493 440403295
366 514 584667453
422 859 449923634
513 582 769345147
210 648 257871700
111 782 647723604
292 130 797116614
407 478 943316979
419 411 439903289
240 335 54127192
15 909 581808358
963 788 632082408
962 751 327220331
982 33 452548673
108 903 334722163
173 366 565334479
305 367 388209004
568 606 415304333
692 990 379880689
561 222 783853422
727 846 298839045
610 716 163722159
300 59 718354315
146 262 715043793
768 125 308857708
701 318 936945824
510 977 227588852
662 394 739431149
932 536 243901414
702 642 818332392
350 130 543859789
673 197 167093877
716 178 753963250
226 492 629972208
182 637 720691275
439 385 993408756
816 652 520879547
913 836 765638596
845 867 694052889
451 185 358536522
146 650 499662812
653 624 136613584
852 900 604836586
764 849 739431149
885 263 304822626
138 22 668873647
80 753 171036267
994 68 537854713
20 737 240241314
765 310 610492767
361 75 207275959
675 374 810106420
141 951 879078894
29 552 392556213
859 519 523347210
487 986 524931930
50 740 4281836
332 752 918987566
807 591 802267535
920 109 439807721
673 323 22671159
563 181 612926322
559 471 798224235
934 964 987254067
780 79 990626961
961 118 524931930
347 546 855326484
349 287 73985082
446 123 810106420
851 859 946677850
345 523 243901414
639 378 657049598
215 268 16838629
17 61 518663792
65 78 100021944
863 951 216194423
216 738 849273535
929 190 300173424
589 983 662940848
500 614 316875654
318 589 765638596
547 590 498409028
821 430 898779493
469 295 140915965
475 924 230813197
98 78 821386135
754 430 68583007
189 118 522865145
323 895 246155097
445 10 300060051
343 662 923988630
453 149 84995768
823 888 993818246
38 3 705741846
71 378 392943500
254 382 188979678
302 95 213822420
271 551 634558607
532 214 228104439
566 237 987275577
292 921 175245937
874 895 213822420
558 902 777466104
778 957 905574255
190 948 334173577
296 810 111108969
18 162 353231037
778 100 819368401
939 631 434181283
229 68 871274859
364 798 909508604
535 972 795689028
731 330 878623996
144 451 461988053
930 466 80089459
269 414 53512370
434 403 271124782
606 686 946884303
963 43 247697137
764 49 739431149
374 959 960725861
466 448 238786716
251 625 798224235
441 776 576217328
638 467 790269065
357 810 4281836
664 592 493302167
810 121 190588332
616 912 175245937
211 345 344043548
174 157 366576314
889 960 395933424
688 300 18841385
137 629 565334479
380 451 844838094
419 4 764791130
563 736 617639895
956 139 304822626
59 177 719549681
376 897 739584864
625 564 425118827
336 833 993818246
670 613 415304333
626 256 584667453
368 498 238786716
315 246 990626961
187 25 591740740
995 584 246155097
736 435 179978511
773 900 241542251
612 285 280367265
339 242 481205980
602 968 244128898
840 793 313522812
87 978 551742903
555 373 949463681
956 45 292150835
968 718 382579118
606 62 307435341
292 1000 267252052
818 329 334054560
203 512 382579118
242 881 300173424
162 494 964847440
415 590 520226793
936 340 206646
659 695 378571318
334 782 923071229
381 528 722477896
442 969 334054560
929 984 165626384
401 542 216194423
889 857 312163445
789 438 936945824
755 194 394678164
119 731 440698622
809 924 247697137
473 99 466187335
282 515 348043749
763 179 520226793
341 219 80089459
335 419 36495769
185 397 879078894
353 273 427674091
628 222 753963250
390 798 18841385
411 810 490050215
787 234 751851534
191 664 425967535
320 48 750284889
13 277 813735785
95 785 437888585
909 426 334173577
204 145 366576314
800 427 185161844
368 461 969702265
329 195 391315359
745 985 629972208
865 636 804715210
175 24 334054560
143 890 258205123
632 243 80089459
921 198 567264261
345 634 894147988
701 40 65349942
825 909 335367657
455 238 802268799
162 991 804836453
830 492 155540222
101 791 662940848
230 816 461988053
153 617 671268263
904 825 358536522
169 477 928446477
700 638 281735960
349 383 443068847
660 518 139826777
949 781 307435341
830 965 672798348
601 685 313657998
17 481 111108969
781 201 201641243
272 415 353972619
79 901 969899965
892 868 923071229
36 212 439834583
403 537 388209004
485 602 813735785
73 128 348043749
725 302 477438049
569 767 437888585
41 898 708414278
591 605 567264261
805 124 335378976
799 238 584667453
190 244 441269946
77 241 307435341
659 335 163722159
468 504 20282554
29 858 961332675
47 269 523347210
329 284 649032049
770 801 969899965
862 435 948271891
633 180 638951531
220 42 339311650
368 21 849273535
490 920 662940848
265 980 255452554
789 500 997305176
974 750 490050215
698 748 584667453
672 642 314428892
482 204 794029311
582 625 434181283
677 581 539546426
621 504 633893970
37 247 632082408
66 442 106022853
536 249 391315359
911 421 318229553
947 299 634558607
979 295 409886763
420 932 502161899
30 415 623322511
495 112 493302167
259 92 823755719
108 999 804715210
734 938 958116176
583 708 617639895
709 747 502161899
144 846 257871700
834 410 210744928
830 828 394678164
659 342 394678164
545 645 585210394
534 672 790269065
243 630 765518281
987 234 481205980
635 274 260389990
314 306 434181283
1000 208 162129942
147 247 634572891
49 307 334054560
228 663 540646871
837 942 657049598
822 372 418050308
60 779 522865145
975 589 779396226
38 253 328027020
170 344 266342995
86 92 313522812
611 691 269225924
346 330 264951025
95 488 543859789
404 654 179978511
253 570 409886763
184 137 537854713
12 902 408064009
933 871 780529521
952 463 395933424
681 541 328492274
23 810 753809069
105 177 871274859
988 944 366576314
567 134 610233233
218 450 810106420
529 248 743818886
23 595 78390439
620 185 358939127
877 835 990029171
971 236 230813197
403 578 830828069
248 103 862845002
229 974 84995768
114 501 914504263
449 409 56378175
61 703 987969248
135 121 877723635
338 284 449923634
150 442 415542316
418 848 887838522
806 929 171036267
43 24 490372764
972 369 298091750
203 55 748375186
39 166 186682324
615 223 4281836
891 146 694052889
343 447 937173994
546 970 280367265
875 89 772026397
76 966 626041907
943 782 469077426
943 228 84995768
452 292 80089459
291 479 185161844
935 81 189133143
25 116 162129942
588 345 139826777
476 440 111108969
881 927 60868703
123 74 436313966
22 518 988288233
890 533 869877703
654 463 465886938
436 571 161756939
329 722 854065436
384 600 281735960
638 298 465526245
946 585 855115144
722 996 740884689
861 993 353061581
876 941 304822626
502 349 155540222
995 625 425151464
749 64 978109732
456 189 263951892
255 797 409886763
812 646 918284411
173 102 520879547
877 291 201641243
554 18 313522812
729 857 328027020
698 587 751831653
537 656 189133143
265 890 292766865
304 410 937173994
442 398 334173577
464 912 68549648
215 474 314428892
738 894 798224235
689 57 522865145
723 895 126790594
934 580 668873647
311 677 207536068
484 149 241542251
510 796 161011746
473 168 358114160
524 677 809099618
408 351 694052889
98 86 519976424
762 688 946884303
123 158 68583007
35 659 633893970
665 167 878623996
927 901 65349942
683 59 181374085
861 61 493302167
749 504 155540222
142 967 823755719
714 287 854065436
466 378 273578327
893 730 162129942
840 608 200079116
728 30 7038342
232 447 942749756
754 611 134090359
567 243 246155097
417 600 969899965
258 891 934782352
161 468 790269065
11 476 733538199
363 90 436423295
912 979 719549681
542 61 680088911
600 888 999135340
463 384 998135915
790 846 999600476
673 984 997736996
32 815 452548673
634 905 999505408
142 81 998171511
988 952 998911481
844 685 998481637
447 724 998279170
68 762 999394603
175 272 999919704
959 983 998268689
718 470 997482532
782 803 999328712
955 687 999244201
431 217 988309355
953 159 998688596
631 902 999701469
956 783 999214786
875 797 999835226
629 49 997335955
374 946 998598144
975 899 997798183
384 165 997913922
451 56 997372386
608 593 999017416
585 481 301285196
943 977 997711135
850 863 997596483
925 874 999238038
302 255 997649930
845 551 998294573
896 326 998195794
746 793 998552586
264 712 997431494
367 612 997408376
918 741 999427369
498 513 999628693
969 925 998551810
69 257 997893814
909 992 997930437
964 968 998080507
314 639 998732224
882 194 997993905
759 182 997528148
947 882 999619234
341 969 999175031
273 841 185161844
627 554 997914863
545 258 998911333
891 973 998605408
765 847 999028242
331 172 675228790
73 180 334173577
136 114 263951892
633 438 998758539
232 851 997887236
633 664 999488926
991 993 997682839
455 36 998872306
966 40 999919700
216 639 999775245
335 213 998875927
472 565 999010867
847 818 404302435
674 122 997840967
377 644 999151741
882 949 999423602
749 534 997342287
331 41 949463681
719 833 997732461
886 739 997522691
668 762 997626592
303 79 999968084
516 289 997930148
145 585 999980807
698 997 999770234
786 162 998609362
985 951 998614743
244 849 999550621
157 441 999652106
607 567 999000705
174 116 998341658
838 695 998831624
904 948 999518580
747 719 998360663
378 486 998998073
222 593 999119476
203 314 885478173
953 947 998212964
598 386 999267935
854 944 997550883
971 910 998932504
25 479 999129558
21 175 999724863
823 643 999646700
954 899 998895602
57 322 999491792
967 977 997807801
711 917 998070741
995 985 999892287
272 517 999776453
853 67 999972224
938 924 999773703
864 786 998088105
627 739 998910425
476 255 998582669
332 989 998092392
31 32 998890792
936 488 997478079
291 312 997945004
485 40 997320435
798 835 997757128
383 705 210744928
923 900 998483989
992 391 997616501
841 991 998722993
832 557 999961813
733 952 366269328
790 979 999835850
282 350 998497671
1000 964 998264452
932 637 998308229
719 388 998689408
827 894 998939886
293 244 998563105
304 642 998376076
748 97 997859097
255 635 997407434
946 651 999163277
607 669 998879042
251 475 998639319
995 713 998774675
871 132 998587242
412 498 997579144
992 994 997595626
782 777 997490190
615 557 998542283
680 552 998480475
564 434 998176679
760 518 999306568
996 830 997843814
734 611 997448480
417 649 998622212
25 125 998075927
223 459 997654052
997 750 999388391
803 957 617639895
710 857 998544094
96 497 997321753
878 709 997511751
205 330 623322511
198 585 823755719
717 841 999611162
611 536 997590571
754 454 999636274
361 690 998989351
945 783 999930263
211 395 999952685
790 398 998997932
113 609 998217170
934 600 998103458
268 610 998502829
552 661 997760543
677 992 999088948
959 732 999259070
849 150 999323890
779 937 997751879
887 439 998403856
880 859 999490962
60 373 999978802
644 45 999720558
996 976 998489739
614 599 999216056
735 725 997867426
272 837 998274913
265 521 998599734
805 946 999082697
610 791 997359758
460 497 998251764
935 110 999497476
400 526 999815450
110 440 313522812
989 988 999080511
348 233 998328610
734 313 999194090
249 147 998854032
798 32 998252303
599 945 999864400
822 773 999837390
739 974 998836029
887 872 997865952
439 350 162129942
298 791 999855286
542 154 819368401
200 420 261248774
368 308 909508604
999 969 997999666
452 230 999186900
382 563 998931766
1000 807 998815115
375 543 998294440
183 893 999221981
31 740 230457063
809 980 998069214
592 907 998883268
857 867 998290679
942 915 998126715
320 413 998346828
306 628 833206221
916 914 999859497
758 948 999104695
555 367 999353406
917 596 998439385
737 929 997421141
769 626 999338386
311 897 998552215
848 501 998342900
441 589 999445915
761 681 998681777
964 841 998173342
907 906 998465056
850 433 997830912
592 479 998376647
94 63 999620979
521 409 997628020
298 694 998124222
229 803 998643914
475 607 998525629
306 402 999788273
473 609 997817950
976 245 998468395
718 456 998885771
236 558 999691424
653 951 999892804
67 887 999783421
381 569 999032925
212 425 998445353
678 957 998166489
234 445 997604081
571 828 997934800
324 248 999619795
968 873 999609956
740 455 999579137
762 80 999118038
853 823 998949746
325 782 999533896
926 604 999770668
550 992 997416111
3 534 672798348
750 788 999743649
705 585 997821835
570 820 997646502
954 701 998704648
509 853 999932592
314 633 998926967
106 710 999045613
722 274 999691902
622 832 998946152
127 811 997993388
469 73 998974711
359 284 998436519
721 358 997494595
457 305 998398142
801 950 998224860
450 671 999640941
766 143 998454607
294 276 999042799
131 313 998426339
732 998 997527558
721 846 997380546
619 909 999492039
763 853 999798655
695 329 998066278
787 920 999332163
693 634 998014352
996 962 998534525
949 988 998861815
26 713 999210813
785 656 998658525
762 621 7038342
150 992 892948994
886 990 998195384
184 987 998070349
596 651 999040735
470 825 999107721
978 955 999733675
793 164 998937839
109 321 998498301
728 696 998908612
29 219 998153830
829 636 999474001
856 389 997872574
402 343 997473439
933 984 999516806
19 7 104715814
998 953 998469095
920 897 999653450
37 899 997355229
697 660 998834255
663 96 78445872
797 1000 997992556
295 673 998975885
990 915 999620989
715 411 339311650
590 764 999737785
571 49 998925802
806 696 997573588
856 598 998489512
559 506 997423170
840 594 997866364
194 985 997709607
785 214 997485328
148 806 997875926
992 920 997730234
79 146 997474733
541 341 998576364
773 813 998240918
988 850 997474506
398 259 999774167
929 917 998397514
855 792 999236568
900 712 998558483
513 909 999132256
985 497 999667185
570 377 999688770
449 486 998845020
415 406 997581767
142 365 999044283
585 118 999923733
867 859 999566570
877 942 997611940
387 939 998318954
500 300 998637121
872 467 255452554
124 647 998851318
441 470 999308240
826 828 998459328
101 732 998274845
799 967 998997144
798 907 998170464
652 431 997712362
859 948 997536238
477 497 998240887
376 925 999551814
794 377 999999170
923 775 997582594
776 132 313522812
709 968 999988770
555 38 998028480
799 877 647723604
399 390 854065436
175 376 997518124
800 901 999754599
715 345 998196485
531 213 998346216
871 244 999929493
633 764 999571415
546 915 997548476
695 680 999285165
26 146 392943500
547 4 997711483
665 685 998079640
456 366 999704044
999 989 997821611
586 697 997921122
946 923 999641443
982 601 999069251
658 929 998123695
172 722 997357028
434 62 810106420
283 701 998861686
516 116 999351513
28 511 997346353
935 533 998273146
890 947 997899359
682 811 997615011
862 781 997458872
807 850 999290654
804 640 999899460
151 998 999541324
812 828 997971375
925 180 584667453
342 600 998323288
459 117 542161535
115 428 998087273
330 568 999047114
866 927 999286986
571 166 999319971
996 588 998764828
901 712 999977324
404 734 313657998
623 936 560949642
57 141 998076639
629 283 999544584
527 61 484346226
332 765 999184503
893 988 997636125
488 652 998502288
296 31 997550242
710 740 997975526
851 937 997666550
596 108 998638076
718 522 997524967
264 750 633893970
185 731 998385723
535 550 999622535
800 917 997423760
919 937 999052919
934 474 999048277
296 289 998435787
30 144 998626441
910 934 997833790
862 232 998675475
823 632 313657998
341 205 999319095
893 479 998075117
970 958 998458813
965 956 999682324
966 195 998733199
947 560 997912287
140 366 997554319
333 976 101362965
308 396 999037600
814 709 998667401
39 793 997641201
32 180 999539600
281 648 499662812
913 376 999027725
22 998 36495769
536 807 998141514
291 945 998479455
459 871 998296599
963 900 997503122
984 829 998572103
328 608 453076227
641 434 998898235
141 161 998561504
282 107 999290494
220 256 999460140
884 480 998510937
319 208 100761686
832 130 999646511
995 997 999553940
965 244 84995768
78 269 949463681
223 598 999378231
137 595 999168423
905 251 997453537
858 540 997974369
618 664 998332739
647 505 998567014
952 547 998637704
11 321 560130662
648 551 997308215
825 903 999699932
35 959 999694398
472 911 998170253
805 64 997531097
589 398 999153845
562 777 997776515
835 658 998313947
912 475 998205032
890 742 999388872
708 256 634572891
823 913 997433930
921 220 998415674
246 752 998571354
996 791 998967603
142 133 998774018
563 751 997673502
366 310 999469171
922 401 998268226
399 600 997452794
752 175 997791886
983 970 997326491
166 447 998008326
339 695 999513633
873 351 997748316
688 185 998146844
806 626 998547268
588 279 998496593
247 301 998876610
416 418 999202034
798 259 76863443
505 610 997629690
24 594 999047386
283 480 997938590
659 711 998469917
392 777 999003714
170 691 997529598
162 585 999917430
286 477 345410156
900 896 997423977
631 923 999641001
348 30 997997426
940 673 999358350
447 945 998133793
994 980 999885050
859 845 186682324
508 242 854065436
566 558 997550458
518 562 999028422
657 483 998615825
955 937 998591491
997 770 999599818
755 16 999212635
416 438 999239466
210 417 999895882
991 877 998702976
738 679 999032258
570 286 999472330
528 599 998754643
994 986 997555605
57 566 999970377
878 501 997847500
323 254 999724768
695 929 997510786
995 329 999084677
179 460 997487759
763 651 999488121
737 891 998278448
667 998 999060882
969 952 998230300
420 260 997390737
407 501 997629622
953 274 998623603
824 305 998564421
859 88 999390581
526 638 997398389
262 670 998334699
271 696 997627453
57 226 985106339
769 373 997850471
925 763 999379447
811 753 998851520
1000 836 998029157
775 295 197263313
567 655 997323163
616 747 998582356
424 472 997832706
349 271 998701348
104 788 999169001
256 472 997719151
662 317 998400449
678 749 999343491
294 541 999051580
661 306 998272203
933 430 998597645
992 958 998727754
722 951 997952616
189 172 998209063
999 664 998197321
859 943 999206269
22 124 998754961
778 357 869877703
795 920 997749342
728 668 998563051
110 252 998935696
838 874 997927358
503 916 999834948
995 954 999567094
971 917 999099846
760 824 603553478
572 253 915832348
569 576 998002612
286 129 999756840
731 852 378571318
868 780 998918050
446 708 998733324
851 427 997683933
958 700 998868576
893 830 998254600
941 915 997740264
783 266 585210394
825 271 516182317
65 500 998788887
975 969 998480373
328 313 999230659
867 612 999829445
349 362 999672724
751 777 997824699
993 898 999002935
816 341 999265388
960 859 999683495
923 944 997726025
457 852 998013633
899 921 999495809
275 571 140915965
964 473 998671822
324 466 997817197
965 961 999373600
317 646 999086270
50 707 66522705
965 994 998578891
653 365 998197418
174 877 998422684
865 507 997669097
262 664 999959276
827 676 780529521
657 691 997375015
605 343 999844231
732 906 998653245
288 700 139017750
821 574 999356821
488 547 999832299
872 474 998907179
354 830 998642372
78 97 998122545
788 675 998770882
868 576 998335763
67 693 997839591
62 936 998067260
692 669 999929927
776 446 243203120
396 370 185161844
135 791 436313966
868 886 998494050
148 378 928446477
690 993 997657564
648 406 999002113
795 785 999123179
502 819 998185175
502 503 998178298
12 525 999525776
625 997 999444867
176 940 997775131
672 834 997948086
704 5 998326417
672 550 997902718
345 270 997828922
711 431 415304333
169 340 998290499
985 972 999792724
718 394 997899499
870 262 999054113
938 237 999485492
659 248 708348281
230 435 998472727
659 780 4281836
410 47 999024957
227 62 999041637
43 287 997308182
447 273 999448152
118 768 997407859
957 413 998537479
861 968 999145313
29 662 998827730
909 785 999018870
918 988 999248338
458 269 999461905
912 832 998201377
954 539 998007352
661 810 998888217
797 237 998015031
667 609 999482572
791 260 999171813
967 694 999537825
15 462 997463287
628 749 997801757
885 121 998884177
840 550 154546038
104 718 798224235
789 399 998683997
72 498 999944437
262 831 999073519
111 47 998938884
53 243 998140133
987 903 998830831
490 540 999745006
464 577 998502562
572 637 998421635
580 88 239624473
546 446 999212695
672 872 998120867
911 471 997867341
847 967 999578159
728 370 998284442
926 792 998236791
126 216 998750863
59 866 998884201
825 912 999835822
720 829 997795538
691 879 997788367
693 940 997438030
158 314 999371735
108 606 335378976
777 581 999723656
540 457 998500668
915 322 998541820
881 778 999829054
297 556 328027020
868 863 999011663
947 967 998445685
169 792 997635423
99 989 997880683
392 715 997321996
432 512 997857110
941 939 998497556
755 333 998745904
335 3 998136599
955 530 436423295
787 848 998211052
904 976 997543701
934 913 998851497
913 781 999579987
758 734 999645904
890 540 998831971
253 382 999124843
89 221 999535865
304 983 997379975
598 338 552014907
850 249 998868790
103 962 997375767
958 795 998459040
859 999 999836290
636 108 999213678
711 83 997317232
29 839 997404116
749 630 999288170
948 910 999817618
945 568 998563516
999 979 999686157
936 986 672798348
505 691 998590680
424 776 999191129
799 550 999588891
642 778 997785641
948 832 997942810
740 167 998200668
984 813 997624122
686 753 999752873
915 537 997446713
970 861 999051355
211 639 997610742
418 164 998267498
974 990 998165823
846 80 999224366
101 851 998567421
190 943 523347210
926 937 998646661
979 994 997901789
857 972 998955818
284 892 997954235
652 977 998576035
105 319 997618300
785 844 998763751
943 856 999691632
206 805 998519467
130 483 997633924
795 741 997955466
840 803 998070401
825 980 997954526
65 821 997981876
188 959 912397500
636 383 785784640
413 581 999285350
172 948 999306694
966 990 999090879
608 892 999613122
816 963 998911608
895 865 999510283
233 603 998340167
687 172 998084688
983 548 998466932
237 764 997899905
134 523 998979088
84 881 999051089
188 754 998614256
308 282 998260466
71 640 998594198
449 823 997931382
659 914 998932634
855 769 999653764
362 208 998121107
796 248 998444616
795 756 999749738
968 999 997603740
864 985 999784418
823 470 998065629
997 985 999393955
185 607 849273535
500 884 999591147
967 932 998359753
706 850 997869593
937 112 998862127
921 993 999492538
910 989 997903902
306 304 998997637
872 811 998891101
436 191 999597346
438 617 998253526
940 182 999331484
542 980 999258382
142 814 997945854
937 890 999226769
999 985 999490058
479 648 999586476
452 364 999015868
567 720 998869976
257 960 998994665
859 923 997679922
102 579 997641686
309 771 997928941
110 605 999997582
565 146 999477287
500 761 998784525
279 648 999554053
488 625 997911293
305 414 871476930
645 386 998969249
526 665 999467721
645 981 998290875
364 350 999666763
977 388 997789627
894 436 999991977
281 878 998281246
991 948 998214663
954 32 999097096
271 297 998361351
731 633 997361067
770 464 999651371
900 962 998648446
899 997 999426668
660 186 999057305
239 686 999027484
945 918 999293967
620 959 998022641
333 641 999171261
714 727 997414812
862 733 999652177
682 525 997598084
964 852 999678703
668 816 999614858
919 488 999537839
574 295 998905058
932 766 997763315
943 19 997434903
2 207 997956587
467 927 997620000
850 584 449923634
864 861 998797960
903 364 998005482
995 978 998080709
864 877 998663196
5 734 999237131
864 719 997901162
755 815 999862601
896 887 998090848
136 130 998413542
938 987 999753313
817 61 998472580
880 768 998374687
397 375 998935784
181 103 999084282
973 501 632082408
225 656 136613584
825 20 998936997
501 401 999062187
589 663 893020587
624 194 999626192
196 13 196994399
586 445 997533926
932 989 999780497
808 800 999929314
229 655 999540499
668 981 998323332
815 712 998091195
893 173 139017750
65 682 998064664
635 18 344043548
974 620 997523652
889 6 999726723
589 501 997447738
965 968 998003754
909 987 999870097
846 710 301285196
543 822 999263951
157 476 997984523
811 921 999222829
589 480 998767170
232 509 997641679
575 599 997927221
998 997 998398762
513 444 100761686
847 536 997721082
746 223 999914225
922 647 998684849
502 83 999524685
971 900 914504263
977 891 997724256
776 732 999608874
875 187 998512531
806 935 998950001
935 983 998722079
689 793 999794546
346 360 998796388
743 990 999374020
173 946 184030544
463 68 999824542
143 679 999795773
904 812 997787522
371 454 998165191
684 895 999859528
709 270 998084126
450 280 436423295
698 433 999480806
274 291 718354315
901 750 999387224
866 895 998710587
717 343 997603710
182 332 57721659
961 448 998194414
105 505 999300225
753 973 997930363
948 611 999023956
346 308 999645919
768 950 999091082
573 748 999114493
703 359 998802767
711 292 999425616
740 729 999335948
545 663 353972619
18 377 999550021
222 621 998618260
747 991 997699085
504 875 998940311
816 442 997995400
452 297 999891667
532 575 565334479
950 815 998683796
724 358 997864637
7 946 997452214
161 367 997331752
900 685 998359614
862 704 999635895
903 975 998745717
103 549 997993000
755 944 999395003
977 980 999182408
561 692 997384573
956 887 998188859
706 926 998285830
694 809 999181781
15 922 999724772
301 380 999398296
538 824 999601606
996 763 999826815
858 916 999587101
958 986 998474108
778 690 998422858
56 395 997882643
909 677 999298701
807 705 999808344
658 369 999941969
848 969 998874172
664 840 999206001
391 235 997771216
934 931 998289397
960 884 999996256
228 509 794334448
494 914 998504417
840 846 998267508
984 452 999865364
71 474 998127624
548 818 999882179
891 571 997620680
966 839 999977227
984 995 998558070
913 325 230457063
892 202 999209346
50 885 999377649
477 705 998751463
986 996 999038297
965 784 999118433
392 93 66522705
466 276 998535513
849 512 999028606
818 863 997968753
974 925 999444347
833 498 998498066
204 661 998616687
236 909 998682452
888 688 997964493
111 659 998477128
981 978 999995917
779 773 998125735
984 332 998453633
776 929 999673212
532 414 998487071
463 777 999934267
604 550 999500105
761 983 999905564
504 883 997705267
716 989 997775575
988 942 997759986
766 738 999648432
74 42 999702697
978 938 998225962
15 383 997791651
959 260 998489669
978 610 999309654
569 930 997982076
786 636 999605938
991 419 851475095
371 469 998014512
180 288 999035791
337 945 946884303
883 788 997537360
691 551 999027107
386 508 999924603
118 889 998102815
768 469 999949093
448 78 998219488
993 986 999609478
140 316 997399309
671 739 998075937
972 973 997877055
585 555 999310050
434 976 997604504
5 898 999103306
833 632 997866170
974 747 997933924
381 172 998250202
919 876 999600812
713 686 999907010
643 785 999213836
800 822 998634207
370 486 997383770
443 79 999878040
786 677 999672495
517 206 999007575
382 956 999728419
610 475 999930217
959 432 998915921
902 571 998686214
810 270 999190880
40 772 999023696
898 814 997787093
846 781 998035698
442 431 997895320
681 664 998265911
646 932 997780737
705 291 171778040
705 718 999235928
363 19 998383762
618 67 997818921
365 904 998773823
819 895 998361461
458 444 998942150
819 948 998982517
807 976 999358763
848 771 998125209
99 893 934274739
826 502 999288311
279 255 998972582
730 500 997382628
405 37 999705344
861 643 999513100
865 175 997896311
865 869 998684938
107 77 999208522
429 364 997741582
970 932 997629480
470 591 998852650
79 268 997385843
674 749 998552215
739 329 999656279
134 621 998745768
840 392 999247886
162 189 998558511
213 129 997549789
616 349 998249708
879 884 998555632
873 868 999207304
154 345 998109534
771 453 998756122
621 513 998387718
919 886 998242191
13 219 999071301
423 747 997751765
998 971 998096081
11 171 997947038
228 387 998949561
796 808 997755243
523 52 999385234
379 789 999696636
942 989 334054560
33 377 998299867
551 447 998450864
84 113 999364032
193 671 998137952
995 634 999343279
75 474 999938339
858 825 998105884
320 380 998291032
675 136 998758624
763 930 998160079
889 958 997816651
369 285 998636225
802 494 997987753
908 310 998869624
687 412 998964558
964 740 999168417
100 181 999482844
958 68 999746347
874 718 998555601
964 981 998135490
469 545 998412802
439 599 997473190
911 628 999935869
639 653 998425849
281 366 999651401
231 633 998640010
952 909 997533420
762 395 997933323
899 435 999243737
412 47 998760815
967 807 999034442
957 987 999137369
711 600 997947030
732 574 999411729
200 913 745306395
838 892 790269065
625 215 998939028
704 412 998063611
913 741 997391578
491 469 997765885
910 878 998557900
53 958 999423656
436 326 264951025
818 696 999018890
732 838 998177737
413 395 999609511
587 205 999543255
646 220 999373557
7 429 998485249
984 940 999207357
48 870 999441314
80 562 139826777
481 787 486025145
242 129 998597869
990 270 998208845
233 404 401913335
937 947 999208997
56 897 999257352
705 57 998622058
112 278 997875866
900 875 997806883
774 262 998553282
305 345 998320599
445 41 999083391
771 177 997314091
858 339 997413301
797 881 997802518
963 793 997936407
992 617 999988935
67 860 999720213
163 445 998189358
228 304 999594693
302 687 465526245
438 704 999081552
623 528 999231270
205 192 999075527
790 125 999667851
746 542 998276645
921 904 998256068
246 739 998286238
723 638 997597882
902 348 999811215
627 371 998818685
825 914 999895927
747 366 997325428
578 506 998406865
629 917 999072834
947 723 998735277
383 497 998272333
963 957 999286679
738 549 999019007
909 922 999768006
118 609 358939127
192 478 999424209
207 323 998178423
948 919 997458159
550 476 209966344
454 504 418050308
540 237 998074193
226 512 997477466
355 914 998341288
428 938 999354484
667 960 997415553
760 662 997598917
579 424 998886494
385 941 271124782
519 867 999088368
356 891 997369710
185 370 520153654
760 810 999426076
894 930 999191935
900 650 997332945
104 754 997328257
720 856 999970333
248 566 997900684
568 391 998002749
705 795 997655845
365 948 997561541
902 854 997366206
803 619 997473607
376 267 998223624
547 985 999400625
952 708 999303590
613 312 998304335
579 401 998341144
795 329 998117287
328 664 999433717
603 345 998810757
42 456 997907931
819 838 999656185
739 946 592416454
974 988 997742269
274 777 999275862
745 121 999379092
875 126 139017750
652 711 998757706
599 815 998960423
488 357 998931944
720 858 633893970
978 337 998289099
955 467 998528467
92 740 24444139
990 993 998000272
313 834 999363931
433 197 998580291
769 223 999724119
523 726 444353145
814 373 997472460
532 517 997341780
141 324 998573115
662 752 999852300
902 682 855115144
792 852 997427942
469 737 104907043
897 379 997979862
669 235 997697962
650 834 998843004
381 561 999406835
624 914 998643993
514 387 999301814
864 997 997773164
757 858 999364756
110 387 998562462
816 828 998691979
886 10 999393902
517 713 998224585
426 461 999120064
759 664 999528842
567 765 998110413
449 511 999649529
791 655 998916012
922 948 997676184
534 727 998081081
496 763 999418693
751 942 998862160
311 363 999010398
223 478 999447675
354 908 181500404
792 843 997499845
43 849 998749960
587 961 998582384
754 951 292150835
418 698 999522298
934 900 998979416
551 93 997342082
382 530 997859300
333 947 999166000
599 497 998368869
841 573 997570296
774 1000 998958402
860 762 998017300
949 173 998782958
761 839 999331588
36 926 998949149
311 32 997824886
920 366 999163791
560 254 999027055
767 835 736141260
881 414 997694515
779 515 999228877
719 394 998046593
978 870 998821580
741 556 998529330
903 778 111108969
508 618 998918233
833 540 998130900
31 298 999498508
939 976 999512072
275 328 999450427
240 218 998889408
946 707 763276073
766 909 997392397
972 989 998439807
801 648 999111101
419 886 998100893
299 177 18864755
421 542 998016022
621 441 998931059
166 417 998235612
353 758 998331600
125 298 999355007
886 954 998668922
902 472 999364128
921 132 181500404
988 154 998052894
220 792 474719407
972 951 998718824
841 768 999195347
888 822 999418659
457 190 998564242
504 476 999288385
44 202 999068459
794 760 998200462
811 804 999882480
512 570 999077188
972 683 997524640
956 779 999278849
348 310 998356306
246 915 999499400
829 852 999783532
717 927 998059939
966 775 998360648
649 989 999676428
292 101 999993997
268 111 998058354
7 606 997365966
562 572 999261505
160 912 999697292
226 983 998252074
1000 995 998582161
808 826 999262753
303 751 999724972
665 607 998453689
70 352 733538199
570 269 998142143
972 680 998841919
442 424 999016090
172 57 230813197
988 985 999973339
963 896 999296842
98 931 998904426
833 999 997854073
664 714 998835153
981 997 999082489
872 905 997863524
447 841 999686688
343 976 998341822
517 948 998637761
762 316 998176007
494 519 999068624
611 292 997948021
866 359 997953187
928 955 997492583
777 419 997545032
314 107 230813197
644 613 997431793
525 718 998310242
956 987 998097678
600 217 997476095
106 492 998155840
755 529 999334818
474 308 999041926
857 600 998989019
565 787 465886938
815 817 999244907
289 334 999862950
920 837 286481595
551 489 999064010
221 715 44685098
978 965 998840784
998 996 998621454
352 691 999751080
544 827 998049096
468 609 997530777
97 829 997488070
99 298 429519348
4 981 715494477
969 806 998123871
988 906 997588959
607 714 998879872
306 79 997351329
406 793 998817859
583 579 999451074
82 631 634572891
173 830 999953889
740 138 998123847
438 151 998191546
20 97 997592531
916 956 998375907
632 910 999966640
61 670 997637048
269 383 960725861
955 867 998263791
238 636 998996008
360 80 997333979
876 699 999978034
977 964 998161857
565 484 998513314
139 242 999166051
998 999 998272684
693 518 999453561
448 503 998235146
948 334 999463965
470 887 998780203
135 626 997357615
731 626 997401494
605 746 999612823
515 313 998578220
573 775 998843319
541 932 999827018
973 983 999517561
634 713 997967743
901 973 998217658
899 789 999578323
829 776 997369828
956 763 998474001
148 967 997955765
320 222 998150110
42 808 998528694
776 131 998293597
439 216 18841385
657 916 998838856
30 130 998441402
36 105 302941029
971 291 999484623
796 214 999649362
893 987 999087267
852 482 998549978
396 238 998388349
661 427 998688309
77 842 998183338
595 752 998166546
623 833 998662850
787 780 999942564
684 41 998110848
447 479 997521612
812 873 999426396
912 640 997863396
532 919 999146910
584 526 997895981
747 261 999787794
694 72 997334168
741 244 999109666
944 9 999389468
902 395 999147022
821 796 998243031
956 931 999101896
640 64 998213822
901 988 998284419
349 895 997327169
594 284 196994399
989 1000 998375709
974 995 998025336
677 403 998959304
845 800 997867475
773 874 997327739
880 88 353231037
415 882 999257248
980 970 999576022
546 426 997479943
620 393 999524790
293 117 998374335
880 926 997404832
23 323 999201913
960 952 998910148
689 365 617639895
259 935 998496622
739 821 999551859
917 655 634558607
692 582 998189044
609 598 999979508
834 972 999596088
909 418 999080259
233 301 999354436
995 809 999520758
164 104 998883086
76 185 997717989
890 875 999819242
844 727 998641665
776 267 997520336
195 960 999731012
588 460 998963811
765 642 999115462
748 900 998553288
966 588 999294366
959 966 998791594
745 140 998218666
879 690 998757213
96 949 997440008
648 589 997936606
267 825 998698354
410 774 998686431
761 831 999403657
822 881 998715548
665 770 998572238
776 718 999023274
480 355 999035508
929 685 998718151
408 770 819777063
208 233 997857075
339 335 998566778
827 712 999438148
860 46 998215508
612 850 999916532
684 341 8073423
135 593 997962940
686 567 999825325
100 532 998363429
657 133 998992214
991 427 998698966
209 374 998330119
941 932 999373769
632 919 998438004
950 960 999686502
161 511 999019256
931 985 998991091
329 592 997635549
726 125 998470877
497 584 998090416
370 601 997452822
584 18 997626809
618 465 998428687
311 11 997681166
95 160 998471142
143 464 998548364
450 618 997347901
452 223 997360044
970 142 998813343
888 779 999024779
21 813 998562118
967 441 998415107
832 820 998582210
138 926 705741846
883 903 999506261
979 971 997498079
548 773 486025145
931 682 997651304
984 437 999541378
584 468 999086896
936 706 999187471
341 234 997549387
838 869 998212207
139 733 997529931
42 102 656802877
575 358 999258033
175 453 999850313
638 325 999466675
970 973 999235454
205 461 998353271
875 993 998464111
454 389 604836586
365 545 997896637
499 538 997454915
633 689 998420053
892 577 997527958
997 982 998270458
770 841 998457392
666 420 997968889
621 378 997493022
28 507 997692663
238 756 999794361
949 353 999722097
645 372 997730311
24 50 999581725
458 652 998822718
734 764 998334171
343 520 997779083
522 411 997646927
327 568 998181358
626 689 997355409
955 374 997311400
380 259 748412909
981 971 998137187
778 128 998282599
638 516 999445179
670 168 997372190
749 965 999944255
889 1000 998060227
622 619 998893248
521 917 997621211
133 411 998283199
661 558 999638105
897 621 441269946
907 977 998602406
970 939 998904313
610 618 797116614
986 962 999652654
956 976 998157732
982 142 999652864
980 985 997941543
564 762 998383841
58 832 999396695
423 568 997672998
787 714 998419175
268 147 998400868
464 852 999187487
700 772 999237632
874 320 334173577
696 787 999608833
771 788 997694209
998 782 999650424
527 626 440698622
568 317 998784148
772 173 999266140
734 982 999130568
698 755 999336517
882 860 998087544
959 971 999609616
246 33 999675240
966 188 524931930
221 249 998138545
256 579 999938519
626 813 997348226
950 807 617639895
10 941 999774566
978 684 999655404
899 48 999709326
636 531 134090359
306 230 998268953
501 244 248875791
468 368 999677229
388 591 997756624
878 489 353061581
801 888 997902256
922 181 999736362
579 192 998544247
930 481 997974232
396 663 999581517
863 262 997649481
926 814 998656516
629 368 999239148
898 887 998182732
429 250 999714609
508 112 998518767
960 591 998550425
51 427 997881847
422 289 998027050
984 955 997963533
934 634 998421652
249 590 998321088
99 681 997857819
156 722 999393155
911 276 999519030
442 320 999997869
975 391 998923650
39 975 830828069
597 797 999264055
337 632 999093680
602 430 999022787
834 702 998350917
983 219 830828069
704 758 997947375
844 810 998023327
505 623 449923634
831 886 993818246
657 917 998235324
818 486 999554099
5 49 998919292
862 839 999053645
697 887 998925921
385 561 997387591
609 840 999149477
986 849 997893238
177 462 998347959
594 390 308139247
297 889 999742057
923 678 999608450
403 251 412942710
324 871 998889842
634 534 999245787
894 925 999668890
145 244 999957519
536 509 748412909
163 513 997845338
548 747 999348914
696 918 999820186
73 414 997817522
1000 997 998186908
707 503 998356100
899 788 998223775
802 462 539546426
340 172 999026325
942 309 998180265
964 545 247697137
456 621 999782223
256 319 997851715
66 94 997842720
832 154 998720975
520 210 999115460
993 830 998596509
193 788 999893621
644 905 999514603
470 795 998243410
373 72 997349826
702 763 999005486
626 847 999454984
947 916 999959222
715 721 999522821
302 632 999364316
618 686 997750475
979 552 999490544
843 598 998935253
884 764 999586966
819 808 999274889
968 927 997894290
245 429 999401755
642 309 549582599
878 222 999963243
490 922 999456300
996 932 999745963
77 229 998668494
19 441 298091750
811 995 998594848
700 509 997848765
92 802 998345642
859 869 997724372
922 793 999788484
750 762 998206449
580 940 999691195
696 731 998490245
259 392 334709382
899 725 998569897
627 927 997534774
570 544 997540825
837 849 997715497
195 976 997896119
756 809 997380345
789 70 999875436
774 793 998872480
403 942 998803982
855 771 998168141
830 661 999786717
821 215 999435974
768 477 997966472
234 873 999635888
654 611 999523951
914 821 999844704
938 859 998637263
533 641 999819114
958 618 997677734
807 974 999900367
705 870 998191896
639 224 352416608
901 159 998499497
311 948 999332955
538 141 998347345
956 84 997459848
330 448 998801982
738 798 999009628
571 234 999814261
986 998 999306816
837 870 627282399
324 801 998007462
635 997 998979447
995 902 999738940
906 729 999686658
908 640 997308086
47 993 997449247
979 983 998711904
871 340 997929702
66 852 999955722
394 759 999473430
888 184 999810617
294 334 997859208
867 48 997326859
763 302 999948262
428 12 604836586
911 543 999297922
637 895 998310514
866 534 998606868
989 995 997374734
804 574 997711667
780 246 708414278
507 978 997557684
152 153 998758705
781 868 997439146
916 448 998661438
863 886 998214486
235 249 997757007
862 907 997877297
543 658 997831029
995 149 998874107
287 661 266342995
478 489 998488040
457 254 279390218
748 987 998596002
320 624 998399143
63 642 998048018
477 438 999408601
693 385 998428852
231 84 998547227
215 189 997811865
739 547 998306536
763 881 687932776
660 70 998035814
930 925 999145287
387 647 999025205
936 863 999597372
639 921 999796799
927 826 997419678
839 927 998434754
855 735 998198695
828 819 998513707
938 968 997972994
882 705 999832087
112 813 722477896
647 705 763276073
599 618 997771182
583 706 998676653
680 448 998343422
287 887 999105657
990 244 999826747
476 848 998711991
319 834 997798663
46 250 7038342
771 515 997942308
405 44 999599654
152 930 999763186
680 283 999680343
685 232 999121847
466 255 795135530
292 904 999783561
929 952 997981851
996 999 998851042
658 946 998772010
687 982 997789846
943 963 999995845
939 990 997777904
853 135 998480023
261 363 999613305
817 748 998756938
250 324 999321722
512 653 999087694
441 811 998779131
600 797 999087101
988 912 997963670
234 780 998724893
923 839 999445192
214 686 209966344
386 225 581808358
318 907 999673040
285 484 603553478
884 914 998196042
383 135 997952206
567 502 999327069
645 629 997966203
727 991 998884123
383 382 999418035
70 156 745306395
886 748 999503218
741 98 999108173
539 248 999627959
105 935 997592960
364 735 999534834
246 84 997831623
852 713 998282373
806 134 997484481
29 151 999702430
174 729 997886051
853 199 998247428
572 647 997652596
896 29 999255486
870 782 999677335
697 865 997503028
830 997 999684396
499 513 998046781
954 981 188873941
316 402 998048883
485 88 998411603
691 766 998737283
24 285 998434946
316 923 183464735
478 581 973384269
635 855 999169864
174 24 998313765
184 424 999990319
872 556 999718694
918 784 998096934
879 724 999078480
630 606 998396177
880 668 998778960
857 998 998684344
628 888 999280940
276 733 998308838
683 295 998610835
623 538 999025510
402 391 582469097
341 112 997549166
945 881 997951463
679 967 181374085
732 744 997941028
92 691 998889498
48 817 948271891
971 500 997316608
149 943 345410156
348 328 999043524
868 424 999569018
566 30 997748123
880 631 997330276
587 481 997388927
388 367 999663693
876 771 999474182
699 265 999060310
906 928 998786143
823 214 998480533
303 492 998402902
28 164 668873647
890 397 998526069
521 953 779396226
993 766 999588698
503 723 210744928
926 156 998916661
927 833 999210527
732 530 999625529
749 656 997898098
156 5 998757344
738 98 999127921
444 318 998104788
106 390 997351448
164 988 999828230
898 973 998803001
20 749 998915764
868 913 998734938
927 990 997706163
962 954 999927356
955 806 998974024
634 966 999998855
890 879 999825341
739 523 997918222
480 688 998845467
675 784 998182405
871 293 241949445
958 869 998692322
355 827 999219775
785 55 998903554
351 317 999554688
338 938 998362643
469 350 999650070
639 344 999167490
858 537 998443542
9 981 999776533
81 944 313657998
625 853 997978710
731 578 998841535
988 1000 998137649
990 998 997542240
567 402 999376520
218 209 997953683
534 59 998948303
897 937 999425862
764 976 998368101
954 969 997881864
974 997 999253502
997 690 998148453
205 2 999756882
688 849 999384668
885 870 997713213
833 882 997349017
971 982 997815869
918 572 998997668
892 122 998590479
696 74 999581081
64 895 998470275
640 664 999405580
688 743 999443148
739 901 999785473
343 103 998962581
960 998 998846892
917 364 997855559
747 815 998800860
978 960 999536394
516 396 60064534
757 809 999305561
709 424 742412913
12 158 998588350
384 482 998849936
588 709 997423016
704 270 440403295
563 98 999454817
931 713 621933707
726 202 999888793
868 802 998447516
773 344 998381779
465 329 997476637
563 655 997425751
35 815 999354175
229 665 997765971
986 697 733538199
917 932 999520365
896 841 997839025
876 781 999939475
558 518 998457120
209 590 998716283
488 831 999269036
868 845 998361128
655 29 997888447
867 855 998024709
87 367 997364070
564 869 998035612
671 573 999362534
647 243 998106384
527 759 999786345
855 927 998232257
970 830 999160045
874 831 997336660
479 713 999886370
825 728 998051524
881 307 998333142
936 201 998213744
908 876 997318060
856 763 999652101
467 75 997963305
668 131 999962577
954 934 998434571
602 909 999996611
741 744 334722163
818 811 998546699
248 182 999241457
471 895 997759904
65 760 998576539
436 361 997697299
412 107 999192128
871 907 997892575
966 713 999337554
323 217 997577379
993 974 997617674
345 208 997640071
302 721 999184561
953 967 999757191
943 967 998299285
994 999 997603987
184 646 998424975
990 985 999625701
978 855 998198808
668 936 156839125
181 609 998721076
192 955 998137869
885 466 998545519
827 75 997726222
984 983 998858118
978 760 998500008
886 389 997516561
857 303 999023344
541 671 997727494
637 622 999849141
308 980 998319682
687 747 998173021
50 54 999817151
594 399 999153746
586 160 998168427
187 395 998077638
972 463 999190204
999 973 997722503
322 983 999689645
852 404 999736217
913 536 997775264
788 237 998413501
562 960 998369898
618 172 998431949
828 893 997967559
1000 948 997667804
931 123 998563530
854 988 999467606
827 766 998458856
268 92 999765902
805 757 999613271
515 924 998482169
613 802 999882135
902 142 998394343
421 499 998195092
459 898 998840046
730 940 999654040
931 940 999258272
999 911 998843218
236 142 998640256
180 150 998448921
606 33 999373766
356 56 999644072
474 831 998482666
869 925 997821479
831 393 998289351
253 443 753963250
646 709 999438481
53 423 998526006
857 693 997617869
446 388 998477991
839 110 14219343
561 314 795135530
998 788 998386024
926 577 998803433
759 981 388209004
873 842 997651417
245 902 998368876
708 330 165626384
853 674 998811344
923 699 999028816
131 333 998652230
457 666 998577204
711 729 999802826
237 967 999751956
946 412 998388453
919 693 998007148
790 969 997520393
10 642 999098315
760 57 998930136
982 515 998677258
285 226 997684501
510 439 998346155
732 764 961332675
971 584 997691308
728 631 998632306
629 509 997550519
832 554 997560256
529 651 997809146
470 423 997440960
882 721 998073781
583 693 987275577
609 997 997822648
259 373 743818886
853 459 997821934
185 232 63586308
509 247 997954725
60 461 998056104
427 846 997904540
657 880 998505121
457 404 998461691
891 785 998229332
779 88 997880885
593 649 998757521
780 939 997746737
575 510 999025761
657 30 998230952
904 888 999522319
978 993 998673408
408 662 999822049
375 894 999306617
865 372 999915894
981 651 999887443
913 832 999633632
943 900 998559967
493 822 998838938
908 807 997716815
508 714 998989696
826 145 980905381
984 440 999626677
379 210 999376794
439 185 997854938
782 769 998042490
755 689 999345541
642 529 998094406
358 773 998851601
115 687 163439423
369 164 998316350
898 674 999803589
281 520 997550277
853 905 997578104
510 811 999529884
898 851 999485536
764 206 997462968
923 878 997493288
23 699 305502104
127 524 998022816
452 213 999165567
42 871 997978396
981 999 999183439
278 471 999192531
887 667 999922089
612 937 999282929
271 168 999795988
448 729 997976537
449 338 997907193
100 127 3495978
840 468 998327458
467 590 997441285
841 681 997462202
37 45 999194247
527 913 997559362
707 269 998986636
566 660 998020007
810 967 998430537
872 265 999165723
250 562 261248774
437 95 999178341
742 744 997733761
600 635 998706683
984 996 998146467
844 29 238786716
241 93 998528027
248 547 998315451
314 985 999263290
65 498 999558720
643 164 999364743
484 407 997870867
336 749 999504375
826 744 999475396
535 70 171309309
870 976 997783325
848 991 999422891
727 738 998874786
213 559 997846298
323 8 997493249
980 987 998669116
572 798 997531386
542 740 999928940
955 904 998192576
858 950 999064389
700 555 602498090
755 963 998537689
185 963 998544773
113 56 999511608
830 775 999162590
57 949 980905381
536 87 998687163
683 552 997700907
177 568 997353658
305 785 997523877
640 523 999994829
343 498 997723908
843 774 998020436
661 787 997967876
524 879 998351555
416 842 999003347
736 282 79415018
317 707 999169748
848 905 999742710
891 543 999883070
353 871 997338384
627 838 999240651
586 202 999705884
530 774 998537877
677 401 998694850
647 659 997329217
158 359 999112992
421 136 999980466
869 940 999105841
761 557 999201934
982 999 999170298
827 755 998805024
329 615 998710630
279 477 304822626
771 710 999538639
995 582 999337033
20 242 998401141
185 166 24444139
799 808 999688149
368 766 998016607
965 973 999433059
627 273 998107996
843 405 997958572
529 36 997830044
743 773 999608832
701 704 997317323
573 788 999198967
751 438 999182597
533 750 999176031
19 481 999974701
546 467 997972980
988 957 997307712
651 334 999546529
412 938 999734633
725 822 998261358
660 743 998021793
698 110 998353620
529 536 998034744
852 287 998822877
560 122 997485834
326 687 998689593
700 988 999296932
963 965 999058537
420 543 999669460
939 288 999284711
63 291 998063314
414 231 997628252
751 10 101362965
653 847 997394669
856 924 998549510
133 795 736141260
558 8 998602229
874 721 997956489
165 971 999889222
269 839 998520986
66 191 737304136
880 978 999414621
910 614 998099670
48 183 999616767
778 184 999203319
949 155 997716471
852 514 997677172
136 8 998845523
512 761 997943697
854 790 998278892
628 623 997309247
691 346 999426371
937 566 999460592
950 875 998425292
406 590 348043749
935 939 999710388
1000 994 998057625
671 740 22671159
792 771 68583007
249 76 997446594
805 615 745306395
727 304 997671064
611 557 998326089
611 602 999193989
993 752 999777427
100 504 308857708
545 888 997895403
283 725 997980084
896 550 999394921
723 473 520153654
797 710 998832547
651 638 999390188
478 793 999595246
429 759 998228186
843 92 998096763
426 358 998605270
351 480 997892772
487 392 998132845
673 401 999885805
525 813 998994970
877 844 999436048
982 782 997540746
501 381 998734815
124 424 931280465
755 799 998038627
680 356 999453720
54 312 999272507
751 952 999607473
159 216 999329035
91 268 999411725
967 612 999089005
43 401 999343308
385 67 852306494
359 779 998483544
103 125 998098339
943 484 999566173
486 648 998132509
902 623 999421130
895 897 998043400
763 890 997772665
43 748 279390218
121 528 998861888
978 890 999823044
239 929 999950433
754 716 999734911
202 957 997428245
263 851 334722163
552 88 999448881
281 908 997425873
925 698 998650233
541 895 999555244
860 994 999696756
193 276 998442740
82 837 999430020
218 343 999598989
147 802 997534598
249 241 998078033
986 854 997551743
353 286 998737530
952 874 998553049
489 120 999040675
255 813 851475095
831 704 998471492
966 996 999069967
875 728 999609021
986 940 997482709
645 208 998170761
128 730 998656409
38 59 999678732
130 402 490050215
413 432 999163090
385 4 591740740
908 88 871476930
905 763 999784927
753 492 998991595
677 890 997668728
845 814 998221564
802 685 999863699
77 10 999624920
613 468 997962373
952 492 999652886
803 541 998578382
847 889 997336053
779 758 998192584
919 868 997452157
591 994 999993468
415 778 999521835
985 317 997886794
750 203 999081557
839 393 520226793
983 963 999364975
274 869 999487264
627 812 997645062
955 847 997987447
3 362 997778978
818 918 998303853
212 10 998898095
884 75 998749147
871 669 998321307
104 534 998948011
870 351 999454911
883 349 999167461
219 763 998023150
677 898 999371143
107 779 998000870
586 594 997443238
534 689 999235747
763 662 999100994
34 821 999000663
962 936 998948038
688 978 999822531
434 685 998742477
253 503 998211379
587 848 999586475
389 922 998901458
502 301 997544722
902 557 998578851
480 570 999070420
876 144 998613004
911 883 998378249
961 928 794334448
54 185 998289300
899 913 997835537
942 351 105578998
427 708 998666032
180 275 997798922
585 742 997611745
803 818 998270330
12 921 997480428
137 140 339311650
417 507 914504263
783 903 999660829
929 980 998609060
642 769 997672291
48 539 998570163
717 847 999653314
495 895 997883051
347 454 999139396
976 984 999179361
286 799 999809897
131 40 167093877
545 70 998410906
385 945 998719632
926 707 998039040
735 931 997388054
305 329 997632166
824 529 999633937
216 554 998242305
990 969 997719728
498 108 999140527
253 144 998181681
788 969 179978511
478 916 998278956
976 578 998381986
524 856 997441271
816 950 999344846
832 316 999370637
875 882 998745049
701 881 999232972
790 594 998613975
1000 782 998625981
633 98 998643514
462 259 231082005
747 309 999113938
935 833 997550140
592 410 298839045
859 850 999875819
406 986 998997284
278 468 998172793
496 541 998005644
363 981 999009285
234 389 999599558
957 950 997376943
986 987 998442570
169 240 997872093
301 467 171552882
934 817 999689909
687 668 999296325
422 390 999067643
968 949 998826620
91 630 997811759
141 655 998079422
595 965 210744928
553 860 997540110
28 293 998696299
245 539 999651835
994 946 998444456
657 163 999902574
837 413 998068169
583 962 999378355
830 8 998044547
301 3 999989605
222 953 999114608
157 446 997364636
2 678 999411341
15 856 997861820
326 207 998366435
860 826 998051390
845 407 999954441
471 390 997816619
418 129 461988053
169 815 56378175
958 120 998448952
964 937 998736723
864 528 999238084
858 211 998620293
872 470 915832348
972 935 999101967
878 881 998544173
860 962 997487351
975 778 999626606
978 648 998202782
712 714 998814708
70 884 997982155
809 379 999026278
598 291 998346767
779 951 998015878
760 808 999715966
87 107 998378227
945 634 997367019
86 59 998248756
968 880 998733282
974 334 999542539
903 646 997656102
749 690 999349414
430 606 997438696
534 559 993818246
991 933 999132547
120 953 997943273
851 780 998105992
879 858 998104419
289 276 998299489
951 129 999222678
371 9 998332004
179 21 998475373
797 70 998177895
700 239 997466586
609 886 998400476
720 818 998826619
6 133 998927374
900 792 999781702
836 759 999227076
611 211 999431770
856 147 998626611
888 419 999880826
152 924 998718890
91 535 998411191
629 466 998737294
146 412 366269328
851 651 997932910
879 45 997756674
813 916 997386078
195 548 998426284
956 973 999309705
1000 788 999270727
737 658 998952507
735 520 998051027
982 832 999199111
337 378 998447939
370 29 997954822
991 868 998227591
224 559 999836190
747 148 869877703
953 987 999619566
597 508 998146209
512 415 997314225
480 588 3495978
608 712 998644523
666 439 999947147
675 705 999451642
607 938 997405024
605 469 999571783
318 872 999270079
290 788 999573663
260 452 997637494
930 950 999566912
543 938 998038468
920 880 997493356
326 409 997909804
996 535 997615843
944 914 997816234
245 940 997948761
584 886 999212635
790 427 998948951
854 675 998831095
250 384 997740833
240 660 998395908
841 900 997507754
836 542 260389990
777 820 997561421
686 893 998589642
862 885 998248166
800 193 736141260
968 112 997361292
235 278 998982724
709 463 998586981
641 476 998827320
991 699 999581311
870 973 998011615
766 270 998456713
221 244 998540167
778 485 997555925
612 941 999893509
875 899 999262343
423 324 999480063
670 988 999771911
952 433 998982345
782 712 114173423
664 284 997769303
651 572 998252778
104 516 998960465
742 280 998228707
986 967 998963186
680 211 304822626
753 501 998198744
834 812 999702431
376 572 999632750
599 27 279390218
204 830 998331100
875 970 999158198
737 824 997456059
949 950 998372053
349 500 998040474
859 970 997971872
501 981 999694045
967 930 997461917
644 695 999323848
852 376 998679936
863 303 999561194
850 714 999970616
974 364 997613802
802 804 998192186
284 408 999818851
619 522 999858707
701 548 997646115
973 825 998490388
684 379 999166671
886 924 999654194
647 671 999254927
596 450 997803802
950 434 999898543
831 391 998458005
582 316 997858255
439 410 999681709
374 983 998746813
398 966 998761214
997 443 705741846
275 235 999900510
345 134 998757965
596 498 999242820
294 712 998186612
973 205 999921219
666 356 999406083
548 587 988309355
901 505 999834114
140 423 918284411
629 85 997333000
317 758 999761900
739 273 999757961
349 685 998527993
764 418 999881231
175 576 997485842
708 765 999873107
802 616 999892625
358 345 999863912
514 304 999481937
855 980 998463684
729 835 997866769
972 954 998870662
111 489 821386135
240 5 998501708
410 417 999832766
962 534 998971610
910 854 999925878
920 919 998309949
371 943 998149693
784 298 999367386
233 823 998098259
855 246 999480700
926 301 997769504
954 650 998763458
926 200 999815401
944 360 999368679
968 1000 999349316
883 707 997772211
901 539 997523175
460 934 997624652
676 729 997450110
870 472 998695145
98 881 999620508
553 143 582469097
228 455 999521010
974 972 999309013
255 541 997785980
509 783 999862464
974 961 997615977
895 884 998763208
688 233 997818095
369 129 999600421
903 792 997889135
934 79 999139039
968 441 999179473
4 636 999295597
721 675 997976999
360 682 997750009
875 930 998572682
209 727 997899955
837 532 997937627
652 877 997753293
491 842 998668790
941 870 999950316
883 779 998289172
385 631 998122366
863 1000 999495709
565 389 998617742
996 965 998434374
970 391 998771045
634 590 391315359
471 975 998808185
471 129 998679378
580 46 998234617
897 980 999004782
973 995 997392954
573 355 999324497
417 786 44685098
981 948 998467580
857 831 998220722
930 977 998048492
390 800 997355286
720 697 466187335
496 741 998869870
766 514 998491667
210 715 997346791
874 713 523347210
834 573 998036363
672 894 998866641
969 823 998375986
822 325 300173424
375 527 999655810
396 412 998842927
456 885 997635493
558 275 997392646
749 784 999154059
122 393 999652284
556 988 246407816
208 6 997381665
537 598 999237541
434 180 998165267
886 945 999858947
820 904 998518979
335 816 999000752
682 382 997738257
618 528 999754287
938 925 998263082
945 67 997445622
683 744 997711071
685 894 998241980
267 377 998450891
850 887 997361828
263 965 998437787
422 970 999613970
963 801 998183982
546 759 998706416
214 484 999423385
147 176 998643788
838 823 999477137
876 638 997761357
879 905 997454022
862 928 999994539
878 685 998643839
524 855 998544383
997 999 997781318
273 999 675902126
447 680 998286928
960 443 998107648
416 34 997893193
806 989 999667991
636 496 998911884
529 949 998533125
493 467 923371271
534 907 998324589
867 192 257871700
696 887 997894998
92 932 997450503
619 378 997714898
782 980 997702068
515 811 997540793
992 998 999941524
88 522 110931830
983 435 998546915
618 593 997728237
157 980 998617165
426 125 997727601
653 226 999353683
256 577 999455005
949 441 378571318
774 811 998323741
626 819 998391020
357 303 998332488
218 552 964847440
825 926 998206599
782 800 997563569
986 965 999166494
770 590 998562607
22 599 999291182
544 842 936945824
502 993 999860210
284 525 999114870
69 477 998433015
926 534 998989046
542 230 999349750
80 22 997769369
669 64 997702468
686 765 998589900
321 86 657781525
350 872 997539332
10 136 997761082
122 871 993818247
905 440 998261269
266 411 998175683
207 393 999801396
733 877 998832593
399 352 999343986
937 886 999390160
207 778 999007480
717 317 997757252
771 259 997629501
999 972 997694187
528 164 998240407
160 323 163439423
182 766 504684599
816 94 997982107
544 549 999649608
525 85 998407036
950 628 886007297
18 600 999338769
916 501 997489658
559 144 590238258
502 15 997855833
528 934 998359101
199 655 999042340
456 64 999375900
459 552 999414883
579 555 999765044
911 556 998610983
76 165 183464735
312 579 263951892
963 780 999733711
398 301 998622649
560 485 999655673
624 754 999848965
296 207 999549237
197 516 998885369
60 243 997786969
916 835 998349070
669 470 997537239
827 228 997553400
477 685 997830022
778 348 998354831
862 745 999385628
661 381 999857719
817 990 997984639
48 479 999937090
919 878 997835833
755 982 998285466
788 840 999718314
352 736 998532058
109 495 999662158
893 949 998179857
780 940 999909729
191 204 999093161
659 244 997687869
19 546 997691838
287 569 997743011
169 872 999134112
977 605 999530875
213 602 999236440
960 985 999578358
877 810 999903093
368 56 997803438
540 943 623322511
726 950 999999573
895 954 997718561
14 143 998038631
281 937 998036361
179 857 84995768
907 764 997897861
576 346 998526951
850 825 998451548
498 926 999621421
294 390 997836811
368 742 230457063
427 767 999266473
850 410 999855603
897 954 998645029
962 838 998144342
468 974 997837589
526 114 998810087
209 190 999955931
481 755 998084539
562 65 999387457
466 822 998885438
853 974 998487430
198 459 998826449
980 979 997325234
830 924 999721050
909 896 998468738
60 620 998783968
578 942 999670800
940 851 999371565
656 692 999977511
967 994 999103858
776 665 997985463
704 658 999145004
969 951 997974563
86 576 998555209
661 469 998156276
431 846 999732660
386 144 997966590
801 909 844838094
115 342 443068847
384 468 998142899
873 935 998891838
763 72 998940347
997 217 997398587
975 948 997556058
796 848 997909297
137 582 998199312
585 888 998829982
893 761 999180473
315 501 999028124
984 677 998073626
745 784 997712733
975 958 997522085
996 997 999707609
355 779 999321131
344 938 441269946
775 764 997515759
942 984 998909740
634 944 999816114
21 210 998586561
118 264 997580805
244 64 998786596
866 886 997376159
994 941 998317436
985 254 999849123
878 909 997806120
928 371 402546522
840 778 997948538
930 215 998695811
666 862 999493178
895 858 998943864
715 589 999838891
962 27 453076227
888 981 999436635
894 749 999684897
289 270 753963250
753 480 998727720
807 926 998630522
437 541 999144891
589 495 999829255
445 829 998055046
921 261 999430540
752 882 999353833
898 847 998673090
580 196 997823298
167 166 999922691
851 889 997717110
807 521 997628989
166 81 997533464
261 189 998119517
921 780 998645944
856 891 998351199
933 859 998905304
832 816 998549702
855 815 998959277
902 253 997507236
659 993 999212425
501 380 528513812
885 675 998114291
353 516 999883459
965 970 998066656
888 567 999344168
646 629 999811997
635 79 997784156
438 457 998286655
875 980 997585803
873 766 998131085
187 831 79548463
448 944 998192487
977 571 998156585
509 149 985106339
214 352 998616245
812 595 999439782
711 810 999409731
133 821 999172690
901 623 999816667
969 973 998457049
443 749 997792403
884 804 999970152
998 887 998566155
951 499 998941216
723 65 999481838
841 448 998781739
976 999 998840627
599 509 997984510
839 948 998309060
702 233 997614736
955 857 997756004
924 411 999231860
621 382 155540222
438 739 998163050
34 413 998306458
969 337 998081186
447 504 999652912
967 475 999542750
873 57 999284181
225 449 38803483
913 948 997781086
362 170 339311650
967 745 404302435
756 429 997524992
582 982 997841124
154 632 998373890
9 20 998412489
698 918 998079407
410 870 998934423
531 817 998966604
45 369 999187073
391 412 998772619
30 15 999196490
826 791 999806118
119 113 999588809
133 603 998691702
982 930 997863123
470 507 998691927
514 189 999468876
567 665 998426869
886 123 999626632
88 479 998206344
831 972 998565788
784 18 736141260
694 925 998704712
896 998 999295563
684 427 999745312
961 836 999314259
202 241 997919892
255 754 626041907
994 933 997958655
443 687 998183088
957 694 999930594
676 298 997926361
837 845 999258683
895 903 998906439
879 409 997819839
893 962 997814208
804 531 998457896
795 880 999687075
331 398 997953835
739 760 999191407
329 75 520226793
925 423 997372413
720 293 999784397
882 731 999366619
486 878 998603914
712 638 997796629
929 811 999504709
679 546 998100484
323 223 999965008
504 417 165626384
928 581 999345991
874 654 997548372
175 764 997493981
158 2 168765687
895 731 998127427
634 273 179978511
640 909 999006199
833 579 973384269
172 179 999206407
369 253 353061581
185 220 999804473
351 734 997502165
439 790 997438512
841 659 997438318
989 985 999486053
1000 998 997327917
992 1000 998541547
9 503 998759269
96 419 998480218
739 638 999262035
651 821 997816922
227 471 634572891
843 766 999699150
452 587 999546299
787 820 999610007
736 503 997831907
600 533 998879507
774 238 998969400
557 495 999162574
237 597 998978687
291 148 999049123
551 493 999405454
994 995 998530971
552 696 999144577
853 530 999711296
284 658 998577675
833 332 998565163
889 64 999548355
830 471 997449193
707 812 997599145
77 549 998221962
958 881 998192243
898 591 997767072
588 627 999350509
963 226 382579118
543 667 998100355
975 205 999611415
396 861 999861623
790 932 998646609
959 946 997987445
154 559 997984644
730 696 999916834
414 934 998142090
940 899 999489550
835 703 998593007
721 857 997936078
750 513 997427004
246 950 998290921
958 876 999970395
541 630 290951474
490 180 997711625
906 722 998087197
196 969 200079116
507 571 999925072
931 938 999256963
216 254 997705257
178 944 999262680
510 420 998750604
554 945 998856032
780 184 999110036
275 269 997386053
692 384 999723051
657 869 999723409
522 706 998258907
906 58 999064477
192 698 998300081
598 815 998998331
771 668 998042126
366 242 999131058
575 528 999174375
457 883 999122816
709 519 997877434
634 10 998337675
630 921 990029171
662 571 999265883
942 962 998857665
725 731 997765261
864 993 997702580
871 690 999221280
416 295 520226793
826 917 998572800
989 887 999403980
33 633 999591605
503 519 998542284
885 754 997508511
922 744 998112317
89 121 997388630
363 224 998147290
159 96 999745138
406 458 999003425
665 880 999486906
643 863 997541197
544 826 998373256
828 782 999083635
596 704 999976481
964 76 997573058
608 497 997632984
962 949 998791675
901 848 999881452
444 644 997828942
178 478 999290280
885 961 999097463
441 455 998737551
834 544 886007297
996 991 999352095
817 317 608737095
984 924 998411984
415 318 999156686
581 405 998360860
828 644 999301183
553 529 997806506
869 736 999693475
17 651 998783530
150 476 997849100
773 726 998317195
960 955 998840499
791 858 997718566
903 875 998942716
319 654 998738384
609 931 999245205
435 397 740884689
660 602 998270378
245 867 999170098
729 561 999757982
603 82 999915127
934 966 997829204
67 623 999358784
750 171 997974911
135 436 998742816
935 615 999527107
964 988 999111978
177 624 998493677
364 661 999537491
996 785 997797616
58 940 998774364
737 842 998962665
846 842 999121072
554 692 869877703
363 879 999325966
977 593 998870702
145 952 998520622
639 532 997990168
437 184 998919482
30 888 997873419
746 124 998707778
796 686 998091062
860 629 999335378
219 206 999967671
782 989 997357486
218 592 738831509
885 310 999976852
10 690 998517846
679 579 999171462
856 980 999206415
383 685 997809615
891 782 264951025
953 920 997584889
403 559 999425033
492 664 998361561
62 730 997685222
779 801 999276325
910 755 997508970
912 911 998978751
732 747 999030319
947 940 998155371
368 1000 999501073
969 922 999108221
263 626 997745479
683 352 999849763
322 78 546723959
173 752 998391641
718 614 999293080
888 973 999344518
735 852 999185934
863 826 997443785
985 589 998454184
724 782 997922308
700 920 998983172
705 615 998964002
100 158 999070315
49 57 894147988
80 86 999467796
289 808 998177269
910 796 999371445
959 868 999922888
48 82 999788275
772 427 997979949
605 762 999343876
328 350 997641768
615 391 998225626
877 993 997345846
466 978 274016788
207 832 997895176
34 612 998225845
89 416 999681667
307 870 998339527
592 532 999673538
868 810 999274455
272 330 997778707
959 975 998171765
771 289 997909611
676 577 997619399
248 448 998389394
116 237 999652202
294 656 999121652
863 750 997810270
700 596 997812761
807 990 998024860
445 906 893020587
566 850 999951190
192 428 999890539
970 995 998994969
599 341 999854026
840 809 998688980
861 870 786114187
730 406 998467579
390 656 997490508
873 835 997960482
1000 685 999567989
734 384 998007027
978 975 999793114
741 898 999141619
839 893 998427241
237 416 999311341
957 938 997848439
950 339 999735846
734 62 999076163
601 847 999360205
672 694 999905513
963 995 999695818
167 540 999651246
992 891 999739240
846 965 999067319
527 158 997583347
47 959 998196696
994 480 999270824
247 372 3495978
532 952 997323773
451 556 997322814
869 261 998551245
998 943 998052607
718 772 998105031
130 530 999803245
555 292 999138131
645 764 999300577
634 635 998558915
239 594 997758596
434 236 997352715
473 859 997878292
964 979 998111476
987 981 998383248
57 643 999886309
677 246 997781626
673 731 998409656
623 369 999036956
434 579 997642563
974 776 998447452
966 361 999633673
932 820 997373105
800 547 997805340
648 550 999570965
726 382 999855174
147 444 999785692
653 679 998135867
662 621 326880681
727 639 998186766
745 433 998930484
692 534 998365120
56 780 998394806
568 659 998962242
225 313 999474454
251 147 999905462
605 742 998766080
46 133 998439462
272 846 998563957
35 250 998126665
449 263 999642966
730 501 998187439
882 750 997584025
732 111 999454922
695 58 999012932
281 673 378571318
329 443 999995286
602 467 999925185
247 911 999613981
678 573 999139846
759 353 998661221
838 29 997307916
928 213 997935462
832 835 997920676
978 747 998046512
775 76 999297584
268 896 999010555
562 147 998566070
556 273 997923648
932 904 998874395
887 469 999458679
548 910 417429150
95 822 997540315
781 226 997399338
840 910 998861264
868 24 998278767
941 475 997874220
541 315 997720572
497 794 997452254
968 998 998987644
253 631 998827363
705 571 999825872
28 824 997886838
926 452 999190914
415 99 998083765
825 202 177032533
825 665 999639640
258 635 997682183
678 76 999445973
122 874 997731914
592 842 998262011
978 583 997493721
876 994 998297987
540 751 999022613
551 805 998323669
722 892 997724726
439 514 999462589
460 206 999419953
795 848 998418473
762 197 999015180
757 696 260389990
842 609 999826960
969 810 998593376
716 373 999739432
323 473 999323159
562 297 999905890
721 644 53512370
493 975 999447028
642 552 998731551
550 346 439807721
975 783 937173994
692 796 999918619
789 656 999974357
667 297 999789171
323 999 999149148
85 724 949463681
146 849 999308973
742 794 999001643
796 77 999316081
235 11 998015294
286 438 998775731
581 818 999295427
922 920 998381957
643 967 652877366
258 583 999477227
828 717 999051599
930 892 997555917
931 757 998252814
247 945 999774485
593 82 998698553
543 488 999855474
741 203 998332294
330 428 999416529
618 171 999642283
850 99 998096276
947 117 522865145
555 538 998990060
750 523 997528898
868 983 997453047
416 224 998375379
926 964 999257857
984 524 997649574
920 923 998642602
884 961 998474204
946 889 999720600
967 993 999814965
102 93 997568795
767 567 998528445
282 22 997612195
448 809 998648419
782 743 998416846
900 847 997823152
982 527 999815837
775 452 997309677
820 737 998556601
502 942 999173515
722 357 997984152
774 555 998508560
346 765 997460199
527 991 999210035
799 848 998638905
5 266 999136003
798 915 997499052
685 828 997485360
512 621 999118272
627 231 998113125
910 847 999298819
599 755 999209815
537 830 794029311
136 729 998991852
22 152 998267759
314 825 334173577
861 357 998974107
933 817 998077744
971 947 999344938
775 395 997859338
341 611 998291250
842 350 999005364
843 401 378571318
558 622 999158306
950 923 997600844
45 28 999620738
899 387 999883690
978 298 998296798
760 852 999106106
633 986 999920766
441 160 997593323
953 960 997443384
851 967 997467392
319 617 998412705
978 932 997582681
306 54 997409826
889 787 998165597
736 387 999683804
789 934 997625404
179 699 999195434
544 929 999657600
24 572 997394345
882 919 997339424
442 701 997582048
177 822 998526978
34 62 999556598
774 862 999784348
639 998 998080548
437 657 998044816
677 348 998122229
545 244 320866123
986 974 998774048
535 648 998921672
240 720 999778647
497 445 998220890
167 188 999297127
46 669 998748185
411 594 998985513
792 321 999802340
525 499 998076912
283 598 999823910
431 161 997344168
328 625 999980050
730 564 999113513
298 854 998602177
552 384 998380098
770 410 998303707
961 931 998638189
42 928 54127192
552 70 998164767
47 142 998777771
910 683 998551415
952 440 999173450
65 931 998627745
276 868 998553307
868 31 999688710
849 847 999232277
729 980 997637975
442 238 997743786
790 728 999369683
897 860 999552598
573 611 998372253
8 711 997810765
29 962 998543577
765 693 999365987
975 779 998057520
855 857 997935603
622 944 999881045
951 622 998609050
443 88 997814010
892 961 999778570
517 658 998154056
88 378 998433487
950 733 998252369
777 758 998568377
11 674 997479940
534 975 999637640
423 243 999331382
876 927 998800232
606 769 998371439
589 781 997851104
447 340 999071086
460 507 999605428
323 186 998792197
20 789 280367265
920 317 999090184
997 894 998351253
690 774 998682009
57 889 999561377
595 899 997375341
180 653 999665155
34 717 999608628
953 270 998504836
665 623 998326531
593 414 999852915
350 878 997316457
897 889 999160387
242 769 998713466
441 189 997952847
999 984 999039742
775 802 999177149
439 494 999872886
880 820 998813908
495 175 998618568
690 349 997355549
280 216 997827035
966 249 997739847
816 425 998791467
767 272 999013583
647 879 998879377
888 855 998990358
471 556 998203021
961 763 997336912
521 593 998063233
705 80 434181283
846 151 998634377
226 990 353972619
877 36 998258593
934 795 630840508
357 450 997789082
802 329 207536068
774 744 997359092
16 560 998783163
12 391 998791400
805 635 998704013
464 762 999752399
809 835 997506831
259 445 997701061
616 710 999670504
885 210 997391452
994 838 997531871
269 618 998455126
249 957 999790345
907 593 997436068
636 521 999610761
81 579 999781442
846 808 999392295
641 213 998995660
921 683 997987118
737 547 997701159
720 727 520153654
439 647 999326845
960 928 997325994
734 185 999920802
662 368 997333161
588 506 997572630
593 343 997662540
628 592 999091745
947 972 997653611
781 969 997764245
350 668 999554581
532 165 998330873
961 899 997993575
699 848 997680028
188 194 999882680
617 173 998478552
486 891 998452174
533 825 998891634
450 809 997720150
28 664 998725660
731 697 998155742
327 68 183464735
897 833 999908505
744 849 999793201
522 655 998216317
457 967 998212555
222 174 998167870
840 976 999168498
64 38 934782352
476 858 997852163
559 857 999932163
927 913 998841352
930 841 999801657
597 858 998447977
989 933 999901588
994 969 998906114
589 972 998352559
518 815 997856301
856 977 998577489
945 912 997515228
872 740 997374413
386 164 88940245
982 690 998623102
995 996 998316882
150 54 997923386
65 445 997641889
162 578 998741587
713 361 328492274
851 991 998170186
603 187 998283665
801 97 998625863
183 733 997979558
750 482 392556213
867 917 998431378
636 360 997734780
511 853 997619533
295 526 999072700
646 874 999455201
395 415 999470469
822 799 998481090
372 563 999919128
738 768 436423295
944 898 997819547
882 798 998590343
511 63 998093526
952 199 999700483
561 552 999504019
941 535 999022896
797 397 998789341
320 583 999609350
570 772 998597148
52 979 998874108
376 868 998294743
884 860 997825197
648 523 999377853
324 616 999547220
3 958 998617454
831 868 999343408
981 744 997914579
826 943 997747957
785 432 997556161
856 240 998050562
942 262 998673725
820 351 999080955
882 204 18841385
568 889 997437338
311 319 998888832
591 767 999022004
651 757 997441950
452 309 999819664
872 14 998796947
263 679 997514863
811 653 999093566
997 980 998288789
9 579 999324355
132 674 520226793
610 695 167093877
908 668 998863898
714 724 60064534
938 921 999757373
340 193 997408981
777 629 998416692
263 164 985106339
980 398 999861434
999 495 997926323
495 308 998625328
30 454 999278218
852 854 999396789
942 956 999812627
952 962 997560478
693 476 998619414
961 881 999228496
167 592 998535119
826 389 999658777
799 889 998015906
5 43 999621431
107 932 999376022
163 121 997881014
958 966 998535156
837 989 997502641
289 908 997779921
206 853 999225062
938 474 999596328
464 82 434181283
866 611 998138808
996 835 999066116
862 923 998402158
292 163 998032293
988 995 999400285
78 691 997997977
20 936 999409762
922 888 998908305
853 834 998050162
888 948 998999640
858 400 998224302
1000 999 997999882
964 893 999143342
899 354 998776622
765 468 998973358
315 945 997495981
72 527 999119513
757 317 998232553
657 865 999153192
841 971 997752748
904 427 999304382
785 800 998844310
325 333 998534740
230 876 999305349
854 793 998283113
349 141 999732825
945 566 998636280
750 301 998526461
894 35 998706691
851 591 998083034
554 548 999815448
314 928 997462740
973 960 998526079
862 536 999921409
488 647 998194193
258 379 998683453
91 119 998536963
984 826 998764856
434 932 999349712
753 880 998596445
640 945 998953290
844 962 998408799
45 889 998722848
590 625 999604943
218 21 999234498
881 700 998961952
218 265 312163445
198 190 998935409
579 169 999808251
170 139 997663885
289 983 474719407
737 931 998381892
621 938 999456097
878 464 998943423
780 962 999610968
597 94 997838184
622 605 997663441
217 208 998343915
506 765 999481318
337 259 998781662
805 718 999263044
916 898 998626888
695 844 998834799
674 906 999502430
409 213 999687415
660 947 999781586
290 627 999703818
922 940 999817646
818 825 549582599
956 766 997439046
965 770 999081441
83 999 998349035
308 258 999263309
290 395 999435967
59 779 998866945
296 967 999282188
920 12 244128898
323 156 998212411
1000 952 999062341
266 563 999526842
326 454 145139414
605 631 998234490
930 714 998958715
956 395 998188503
966 895 997598189
826 192 997484526
999 991 997717474
963 988 997518342
346 697 998691659
919 990 999057123
370 310 999965245
459 91 999488464
577 87 998594275
940 964 998652634
451 160 999116910
539 12 999445685
934 747 998658085
912 821 999757962
204 941 999801295
174 865 997902219
626 382 998608960
285 437 997839910
406 162 833206221
28 350 999531371
710 277 998727432
512 429 998670497
545 134 997583435
848 922 999436385
912 990 998447903
732 673 999919417
947 919 998872012
582 528 290951474
131 916 998612759
691 956 519610430
950 952 999655520
632 654 997538912
642 722 999870230
366 75 998503561
37 216 999402149
751 848 590238258
516 27 998934355
142 99 998847374
774 756 997426182
583 776 998078226
184 496 999216239
890 563 997533529
51 76 998747758
964 838 998375341
452 428 999696886
970 874 999114275
542 986 998734999
554 292 998978852
198 392 999254339
907 737 999236838
466 513 999844670
112 544 998836404
296 800 999673776
784 799 998027675
215 369 998661114
631 717 998102519
539 972 576217328
770 833 999060478
680 957 999666396
753 509 997871286
624 99 998458799
493 929 999136338
519 975 998628993
776 5 999941200
240 849 998434235
290 387 998250756
409 669 997703232
957 907 999928085
646 212 997998309
972 318 998192939
829 748 997464574
755 888 998776277
563 358 997795407
405 689 997837605
614 356 998516834
79 627 997785785
509 803 520226793
430 907 998471053
615 527 997585288
764 80 998927290
749 500 997544037
432 810 997734727
731 676 999409990
430 462 999562373
208 615 555431923
199 796 997951194
713 690 997456823
192 456 999847411
896 735 999019220
961 925 997907943
822 829 997907374
314 273 997495668
222 189 999802959
829 321 999736604
480 732 998513217
184 945 999595804
947 980 997330904
721 917 999599437
497 530 999678404
299 1 998289593
791 796 999090290
987 984 998239303
600 930 999785392
698 197 997441856
427 622 998702601
567 638 999755900
881 209 999241493
550 979 999000075
348 888 997566995
170 399 998608444
314 200 998561964
54 457 999706057
343 581 999504973
937 203 997683298
600 469 997844752
656 993 997877583
752 724 998019370
896 910 999089464
92 84 997318629
794 885 997553979
577 984 998268672
236 621 658186941
515 666 998533632
949 690 999094897
856 917 999344142
839 976 997480688
816 949 999345259
821 433 997531668
696 490 998278665
875 618 998521266
807 571 997348829
874 173 998856157
972 915 999787564
962 927 999503681
563 87 997805370
558 797 999515534
531 348 999922060
341 98 737304136
972 661 999439332
341 719 439834583
573 48 318229553
581 803 999940927
726 791 997505279
305 134 998990615
931 420 998339776
212 519 998049332
30 128 181374085
991 976 999417700
679 703 999468834
669 746 999187059
879 308 999436923
564 604 998060357
259 71 999982788
899 790 997644746
132 445 997519638
658 66 38803483
202 598 998322594
905 203 997481379
70 126 997484957
33 930 997316318
962 147 998004024
