1000 999 1
92 970 192156175
736 910 872692177
619 562 655568198
168 191 125010026
293 516 813940117
254 22 193862370
637 777 25011479
547 184 769394488
765 208 512823498
466 622 889486212
931 365 805081317
672 658 901341913
740 705 373430021
801 164 331787804
700 532 817332021
783 689 471226612
179 963 858834179
853 969 390241830
565 577 632917572
763 314 9280680
377 315 626864267
770 107 507891393
740 242 9280680
630 684 280306185
194 781 568707282
175 109 84655468
55 571 460564977
814 44 365883003
659 409 63887143
927 203 17948948
269 19 25011479
697 815 709609025
290 677 978870844
991 53 317406196
600 906 784837823
18 989 845875812
709 774 962475573
767 987 117924111
488 509 863940721
675 656 725714454
979 508 386251793
807 556 174475498
931 644 804147741
754 304 325970385
386 660 872451087
171 931 79063520
548 902 410222574
40 546 394872510
382 687 352931616
450 862 638648139
49 457 939311182
826 531 64359416
691 405 651521518
420 526 983926800
266 249 789834182
198 208 25011479
720 45 390822283
251 71 812959730
543 858 565185283
365 444 449645826
343 317 658896601
508 22 457307242
967 678 151106149
676 557 834727851
801 689 170729798
934 504 630665982
617 693 25561344
210 684 117924111
60 151 561219907
449 693 861762147
115 576 546489849
572 57 861762147
69 135 596065589
421 246 511889076
592 424 15441955
38 23 294824608
3 104 484337435
227 618 876645477
323 491 702474719
727 679 180068769
602 74 622600612
885 108 394872510
745 855 243306989
169 355 843767344
668 347 630665982
892 497 438907614
413 199 962475573
242 310 311001078
205 492 323113625
602 390 804147741
271 665 565185283
47 848 243306989
946 104 476339154
844 185 404075729
944 920 842769345
51 191 926099985
893 490 25011479
676 332 512934409
981 156 82680299
901 724 645442923
394 161 520878063
945 100 25011479
846 771 863940721
149 816 88647491
42 721 404075729
501 185 491748231
274 70 626864267
216 329 419144804
3 30 449933609
335 396 544068353
168 381 151106149
415 354 246919633
814 990 133109111
411 987 397182182
70 348 813940117
559 558 812365525
830 914 587875567
976 326 35572976
64 953 196513513
772 59 965029670
623 42 291450807
393 181 88647491
147 785 113817677
924 11 807291568
416 870 799920582
408 68 902179526
160 415 568707282
761 10 657994140
492 600 183347623
594 287 693495511
489 429 841476813
383 702 941280378
737 662 238025823
19 909 638965677
152 465 704208886
517 597 93397179
673 435 412213332
170 446 749161823
763 81 17948948
646 205 527779754
157 942 561391758
177 929 278547248
578 898 139441027
17 211 105207720
839 125 787222397
241 883 622600612
273 425 330228318
12 691 722399344
448 337 174617138
52 163 900126409
738 779 345715157
478 456 524368668
276 521 615422665
722 364 375450109
830 446 829546176
444 790 979997833
900 774 291450807
32 639 419144804
816 694 40901128
602 760 774653971
747 933 980361174
111 369 566735342
384 55 762116138
442 103 736232291
995 681 562803919
411 19 801281588
811 131 789834182
545 776 127097092
279 590 421876106
219 543 151892746
957 916 291279083
267 739 615422665
625 408 238025823
295 269 961720389
436 378 428263128
27 519 511889076
307 225 915229550
581 969 153233676
84 539 174475498
447 151 128500819
231 73 281706383
199 485 703993791
346 304 139441027
576 5 980361174
880 319 359956907
596 683 410227676
663 24 657994140
822 805 984191661
275 682 311001078
899 271 589457326
639 319 315820521
930 407 955353102
889 101 954680832
318 952 145216045
206 197 817332021
871 591 784837823
50 629 902300060
260 245 730593611
758 399 88647491
894 321 325970385
407 174 26511981
407 758 367968564
252 191 88466511
105 767 374886169
734 991 482808953
642 657 622600612
400 340 169776552
791 868 146907312
71 653 549540272
384 216 343370531
915 963 613289286
864 585 618797828
951 977 385156099
570 972 765584384
874 272 824387659
656 183 259799142
316 55 571262094
995 897 735427830
867 648 93397179
367 141 63037437
585 1 754690315
816 376 20653481
138 88 127097092
529 498 723509921
960 57 511889076
52 659 906232764
90 101 477391760
433 771 29994870
835 797 327434360
964 671 404075729
931 643 789745713
768 828 146907312
505 730 954680832
778 380 108588989
805 377 940486074
803 978 872692177
321 887 849458801
845 912 911305374
483 418 7659638
919 890 550475787
591 170 817332021
366 198 589066036
19 165 291450807
297 75 826697009
174 243 304620815
215 337 612013579
429 591 907232917
936 717 394180645
618 444 80159077
438 177 449645826
82 526 868828120
55 770 553059117
431 553 973017016
95 110 449645826
278 113 449933609
778 472 276876419
623 301 249348956
524 49 214585961
134 359 544068353
354 759 748609167
318 191 912214726
733 351 161778352
943 632 961516572
357 858 122854827
230 667 79063520
435 141 564739429
941 80 40901128
121 581 869480511
241 19 373430021
172 920 35572976
996 857 151892746
3 6 352931616
152 831 762116138
49 859 814024114
892 823 62904437
226 603 437892230
502 306 420758585
71 717 958714381
283 664 840783924
143 972 587875567
530 651 632917572
574 743 857896659
233 327 294824608
76 73 907457251
678 8 494330630
651 762 812365525
202 425 856145540
478 867 198200334
902 777 476339154
837 330 7659638
720 891 933894232
111 96 405184612
412 324 645442923
382 253 113558240
738 450 135835060
974 334 526518374
345 611 273963199
616 244 62904437
458 954 62904437
372 722 621768349
736 881 19817495
569 631 239189188
962 638 289936517
723 546 961516572
493 651 36355798
500 205 410227676
278 313 249348956
783 806 774653971
779 410 456263953
698 140 183347623
262 566 314218948
987 1000 801927063
480 682 969133697
985 206 524368668
256 32 265357169
654 794 15933778
825 733 135835060
387 229 203177045
663 221 765584384
289 608 796968982
554 862 812959730
971 119 933894232
676 26 50833695
544 990 939679774
408 707 614196055
660 829 731616442
640 668 276876419
373 361 396392410
499 317 753833472
368 739 153233676
171 728 192019400
623 178 765584384
597 87 962475573
541 592 84655468
434 406 801997090
843 621 39949445
535 471 748609167
605 117 748609167
743 654 397182182
109 192 343370531
356 326 426713077
85 226 789834182
802 977 73923183
852 83 88466511
369 757 663954018
77 656 755886886
131 750 638648139
657 956 473970228
671 733 128937895
700 831 105300654
424 14 783856158
59 609 408922586
963 514 852704392
357 397 856145540
392 28 460564977
470 204 824387659
81 395 912214726
540 909 936426204
485 520 578212550
965 860 593763187
558 994 89017413
168 876 29994870
127 323 954016651
830 400 638648139
424 662 39949445
507 419 48349933
298 130 564739429
507 425 166265195
425 327 512071847
299 566 244195154
70 951 76938870
670 50 271055444
416 475 851353873
39 668 907232917
958 348 280306185
391 65 787222397
592 477 526518374
652 329 74387088
150 564 84655468
955 952 183347623
720 744 645351348
334 103 263489158
668 437 589457326
902 527 333165290
360 63 521066978
387 908 65530895
67 385 359956907
15 554 88466511
627 168 127097092
819 135 417495347
525 393 638965677
917 285 77813888
609 476 946632632
315 838 396392410
63 418 25011479
849 148 911305374
91 662 524368668
136 844 736232291
865 288 547919527
996 336 113558240
345 367 23994413
984 802 783856158
279 119 779719533
36 799 816778926
497 729 702209411
477 208 379932839
733 745 73923183
726 176 26511981
889 185 193862370
169 824 854587202
808 320 849458801
719 888 973081962
579 128 363721018
529 136 933894232
120 791 170729798
652 926 84655468
959 888 646215163
24 638 512823498
869 45 359956907
803 628 969133697
405 522 473970228
936 868 928353522
568 805 584397917
377 232 342102981
771 380 561391758
893 47 841476813
45 98 727316212
422 342 351189599
808 820 863940721
917 521 721274195
587 945 961720389
790 416 861762147
182 904 491748231
993 379 946632632
55 131 199559116
588 566 955685495
488 949 711671761
866 120 7659638
563 80 386251793
236 120 783856158
628 655 304620815
710 883 578212550
196 170 150520874
393 128 483705041
949 566 79409852
115 878 3847437
167 575 48349933
576 213 268560040
798 36 754690315
248 93 74624686
590 551 669495860
732 940 568711427
580 809 280955803
961 892 305174220
716 761 561391758
566 46 973081962
322 57 491748231
187 651 543052399
573 197 669495860
873 932 437074366
726 11 731616442
642 823 122854827
746 20 581866077
180 190 199559116
566 428 940486074
217 550 25561344
399 996 763081109
813 269 174475498
624 171 726980720
526 766 219176724
535 715 372138087
836 57 703993791
229 603 512934409
435 599 315820521
214 752 692509142
853 261 499374797
197 58 150520874
660 430 196513513
603 691 816778926
38 248 954016651
61 915 174475498
696 280 658896601
324 462 863360957
230 213 872451087
937 51 727316212
28 717 709609025
34 817 596065589
268 213 804147741
522 370 207171948
750 565 613289286
368 72 553059117
10 986 438907614
165 398 346640098
238 786 74624686
743 692 88647491
57 980 961720389
874 763 561391758
114 764 420758585
938 172 407864151
494 129 425751785
911 7 203024498
664 826 170729798
378 796 15441955
175 623 258126607
923 497 460564977
775 321 23994413
884 746 699945235
552 124 699021890
401 257 280955803
967 939 540868631
946 245 561435449
593 304 692509142
579 606 333165290
981 676 645351348
189 510 561219907
644 350 546489849
591 634 988646484
307 426 79063520
732 506 473129974
925 659 895513225
305 101 467098727
834 598 941280378
915 290 473970228
600 730 907457251
905 459 237998564
693 600 238025823
597 950 663954018
167 932 82676697
353 64 226438213
888 86 23994413
917 66 276876419
420 184 961660955
508 725 113558240
454 235 19817495
696 128 335248128
47 934 180068769
940 928 730109237
201 351 88466511
692 131 843767344
793 658 82680299
562 437 978870844
138 309 237998564
68 120 512823498
375 388 580142282
779 482 849458801
842 455 344925502
707 79 476339154
703 620 372138087
157 807 428263128
841 369 699945235
404 787 961516572
913 545 492357002
812 170 826329473
690 848 100388359
631 627 443651250
215 103 4876887
785 872 412213332
720 60 856145540
935 799 561435449
884 826 419144804
615 397 801281588
242 228 726980720
202 190 630665982
294 113 20653481
338 552 25561344
3 832 457307242
112 596 289936517
127 331 473970228
534 418 817701080
122 200 29994870
793 764 385156099
875 399 550475787
485 23 902179526
840 582 421876106
365 938 25561344
515 303 122854827
868 514 578706641
621 249 197843664
64 992 709609025
142 479 87145735
597 182 258126607
738 451 589066036
464 884 958060670
343 443 214585961
47 586 9350360
41 854 88647491
981 423 270104607
267 967 246919633
132 416 344684822
455 930 939311182
1 220 406950511
335 699 626864267
434 169 755886886
25 162 978870844
763 735 772568275
411 302 939311182
626 235 469862592
64 98 351189599
578 887 868828120
567 966 344684822
308 650 941772798
29 397 550475787
507 560 359956907
75 355 801281588
147 786 566735342
126 207 437074366
224 71 900093194
521 777 375450109
27 244 658274784
186 48 877166417
55 668 289936517
842 879 872692177
987 671 365883003
696 773 578212550
623 363 730109237
590 663 234502855
963 602 702209411
133 368 373430021
699 339 702474719
570 215 125010026
328 176 483103392
381 751 753929873
245 395 872692177
689 614 80159077
197 990 735427830
129 692 754690315
324 11 961660955
63 255 524368668
643 77 815487777
2 855 507891393
167 347 612013579
729 407 779719533
445 265 234502855
39 789 151892746
746 582 276876419
427 501 622600612
708 439 677289905
371 210 327434360
815 433 369578550
803 965 876645477
997 701 417495347
239 607 396392410
647 529 386251793
237 671 361360877
137 682 939311182
875 619 954680832
681 619 754690315
177 653 183347623
193 756 767092959
56 294 730613684
636 526 359956907
139 374 145216045
2 26 342102981
835 325 534297784
571 988 988646484
854 107 997422348
404 353 861762147
258 940 98213920
217 235 280306185
657 695 199559116
864 146 787792425
52 149 378326644
885 899 834727851
327 270 826697009
748 925 376872746
16 736 375450109
326 859 632917572
571 680 87145735
908 943 29994870
234 987 484337435
409 756 506227667
573 299 962528313
810 632 796968982
115 643 832001195
589 793 258227659
382 378 425826389
536 410 87145735
529 934 20653481
593 769 784837823
34 907 965029670
503 453 799208496
863 958 646390817
914 62 753143955
386 742 841476813
139 793 482808953
641 2 821999985
338 187 54689833
993 9 973081962
482 940 406950511
495 240 385156099
753 232 322687512
898 940 821999985
434 982 826329473
362 506 988646484
312 999 192019400
138 561 263994066
236 723 35252555
188 40 658896601
688 795 344684822
584 615 465640660
942 957 82676697
110 349 390822283
433 291 198200334
352 986 315820521
356 954 15933778
656 277 62904437
250 924 561435449
154 728 237894634
991 880 655568198
774 651 389189780
498 828 509509980
650 186 954016651
218 95 40901128
316 748 630665982
801 346 477391760
835 330 374886169
509 782 495663734
363 660 698174655
708 391 658274784
591 658 465640660
284 69 76938870
895 319 291279083
288 223 988646484
269 545 858834179
910 993 425751785
231 610 755886886
289 899 449933609
566 908 988646484
530 587 997422348
714 600 345715157
827 375 928353522
463 960 449933609
355 918 342102981
21 647 651521518
760 474 725714454
450 436 928353522
292 26 238007531
526 638 730613684
22 106 170729798
612 286 238007531
537 35 203024498
691 452 845875812
839 647 314305867
861 752 305174220
127 268 15933778
323 800 955353102
851 303 476339154
912 317 214150260
45 377 20653481
92 76 183347623
420 469 564739429
816 533 239189188
268 240 378137467
635 254 199559116
790 911 39949445
558 266 346640098
967 574 476339154
633 991 613289286
833 780 36355798
915 759 543052399
759 371 312670286
508 300 350635050
204 512 693495511
509 407 709609025
315 706 315820521
695 10 383499583
445 668 117924111
601 479 526518374
725 669 561391758
450 983 457307242
631 975 196513513
957 555 851353873
242 619 74387088
931 583 561417247
645 464 95388909
354 682 339963799
882 606 276876419
449 432 198200334
657 850 15933778
744 961 63037437
325 522 721274195
75 847 856145540
635 241 645351348
126 306 192042262
426 788 278547248
933 839 550475787
739 968 841476813
198 585 258227659
789 901 538486397
27 272 693495511
93 123 721274195
377 402 876645477
708 97 817332021
841 896 787792425
487 390 725714454
978 538 578706641
191 697 845875812
639 145 273963199
466 959 74387088
26 784 54745498
485 403 224952593
233 966 824387659
526 372 753833472
877 783 851353873
374 549 988646484
618 886 172907700
31 928 94586118
456 960 815487777
141 263 87145735
868 683 961516572
842 153 872692177
973 535 962528313
612 727 98213920
587 704 294824608
373 288 900093194
650 344 843767344
681 559 813940117
337 25 263489158
954 464 128500819
282 525 730109237
523 485 343370531
809 345 868828120
873 535 889486212
563 218 7659638
261 389 361360877
260 148 965029670
654 473 954680832
593 440 385156099
518 876 105207720
707 513 730593611
85 264 244195154
394 425 360348239
620 977 270104607
341 328 363721018
804 229 753833472
326 801 941280378
672 150 305174220
286 798 979322256
712 254 983926800
504 416 153233676
3 212 748609167
485 116 509509980
948 515 40901128
562 622 941280378
379 316 677289905
792 824 657994140
281 401 955685495
312 66 979322256
649 953 7659638
528 910 787792425
417 333 911216395
385 229 305174220
326 73 127097092
484 720 461840084
291 998 965990732
766 83 375450109
663 246 787792425
429 706 581866077
407 3 135835060
688 339 461840084
952 401 531803970
293 476 988646484
441 507 900126409
373 755 93397179
209 273 789834182
686 172 461840084
118 423 495663734
284 910 265357169
166 53 311685295
89 638 980361174
431 747 237998564
573 537 692509142
485 46 344684822
635 685 865633510
94 254 203177045
369 944 566735342
223 51 346640098
569 666 63037437
780 308 658274784
481 80 546489849
100 921 20653481
912 777 73923183
640 460 449933609
4 87 958714381
909 311 912214726
596 741 419144804
454 17 77813888
158 572 289936517
320 628 774653971
194 125 4876887
75 510 114075827
448 535 973081962
786 904 958060670
582 961 765584384
624 273 979322256
54 101 902300060
407 701 988576855
542 350 962528313
565 613 955353102
715 809 259799142
78 463 271055444
144 333 339963799
226 140 333165290
496 161 596065589
125 259 727316212
268 203 954680832
731 292 578706641
988 774 258126607
703 947 117924111
459 329 4876887
426 942 127097092
468 596 946632632
145 718 546489849
315 342 580142282
122 711 483705041
665 173 580142282
255 674 765584384
63 789 311685295
75 827 565185283
432 503 907232917
561 357 379932839
82 880 425751785
120 322 449645826
345 261 658274784
866 18 141273292
377 708 351503754
765 142 726980720
102 570 801927063
598 645 471226612
848 607 428263128
760 903 62246187
486 712 805081317
37 871 270104607
569 222 276876419
482 542 280955803
383 756 161778352
267 396 359956907
245 952 512934409
414 812 394180645
296 382 65530895
550 970 965990732
542 604 62246187
134 676 397182182
591 426 331787804
951 904 256201987
713 900 965990732
324 265 863940721
887 461 521066978
800 195 325970385
280 605 35572976
908 298 895513225
467 668 769394488
882 148 725714454
706 629 692509142
814 355 385156099
848 43 397182182
33 190 457307242
890 681 246919633
155 137 926099985
470 334 941280378
303 159 872451087
113 174 88466511
864 938 274138348
609 839 449645826
999 693 166265195
308 392 281706383
200 86 646390817
621 660 342828719
99 409 549540272
240 540 801997090
833 543 646215163
948 412 651521518
68 497 815487777
640 904 911305374
672 661 663954018
95 14 527779754
562 922 390822283
420 634 858834179
688 34 238642240
311 749 238007531
3 595 512071847
168 173 136617033
19 285 133109111
247 100 906232764
821 639 263994066
144 827 622600612
861 582 229907096
769 594 15441955
358 622 633348217
927 84 390822283
818 524 735031983
307 201 673102149
612 753 325970385
856 814 978870844
152 477 832001195
511 64 248250955
654 502 76938870
803 786 799920582
13 244 589066036
