1000 5000 960185896
689 515 896298590
531 72 989363009
987 568 892984444
350 95 443069281
427 700 896298590
498 931 619724546
941 277 337408691
108 169 952009048
178 282 341349444
677 588 875549614
531 922 801590555
79 408 989363009
984 119 966492940
974 810 218813885
339 571 503088980
608 678 322655177
624 227 174553161
434 960 930457237
160 995 214741614
485 760 232716792
239 573 461349766
663 459 379640636
314 409 680412715
791 928 110662367
993 504 600507296
890 484 685655407
251 29 688964820
12 828 966492940
666 98 851646772
64 95 95869135
590 353 553260814
256 226 684768508
167 306 967321940
851 562 428273070
795 913 88579386
441 614 941109434
744 110 896042530
876 221 724406377
783 727 131784606
731 712 525584420
619 26 423345711
67 653 735276663
902 124 599290031
727 856 939965418
398 104 886177492
88 222 187913046
479 358 232716792
761 950 61689557
499 210 481970499
123 934 305272785
73 279 232716792
886 322 20822347
23 632 238566231
711 146 103145541
296 806 802427022
549 296 961941354
354 834 188136734
586 863 863912152
122 651 961049872
364 905 202724104
940 144 8019664
126 130 700559504
849 548 664307650
750 162 38881896
452 957 802106538
97 345 36229073
306 416 113037021
402 458 637037510
420 862 547030479
487 376 479451826
784 654 765491992
566 386 735876155
598 876 301824044
140 511 38881896
407 956 792704217
445 465 404736218
674 399 993554982
220 987 195264927
5 447 236120523
440 343 389772289
402 836 717448267
625 770 58412354
344 546 866322645
294 339 870236335
676 230 5670235
953 751 58412354
277 476 38881896
914 920 202724104
187 214 921854002
379 601 622735685
41 471 637013778
460 810 941109434
689 340 81423804
141 794 148958128
496 61 595513685
823 774 592363586
34 635 802427022
609 564 784077503
938 377 709401875
625 312 170770638
308 189 274355121
687 262 814776060
372 438 130506642
626 129 420983284
963 570 338448759
350 738 907270536
491 502 874407346
618 793 768545401
368 987 367047909
801 165 331188670
994 320 961049872
841 352 923821911
367 42 81423804
247 441 862023430
281 236 964270685
825 948 403993066
359 124 481773813
44 872 341349444
34 265 704645305
337 124 717448267
594 334 696314614
47 989 291859288
822 522 876224336
396 457 356759592
512 691 11484003
43 102 82816771
809 610 362401933
675 786 405583315
51 413 696314614
492 849 245284404
422 884 38551258
147 835 782643000
831 599 724174294
235 945 623918490
207 245 876224336
583 870 542937585
335 455 49754325
266 931 338448759
196 737 736293974
472 437 596810778
54 419 717387230
301 166 57098897
716 153 707294167
735 539 769215980
883 766 822813022
110 686 586109319
394 778 905057244
902 800 802427022
805 847 685341457
337 615 502035911
895 248 403814247
680 701 376926945
401 131 292924456
269 611 70965131
52 412 303310051
819 441 800770774
832 235 118897715
881 269 840785214
419 790 840785214
8 854 709196392
501 28 684768508
891 777 838157908
111 98 481773813
225 477 875244370
858 403 660303494
381 18 681673088
540 647 525802198
868 288 993363326
964 342 403993066
108 787 731335943
260 28 867378356
375 96 376926945
957 760 420983284
729 975 616132590
108 917 676587186
454 954 908128509
847 251 923821911
282 176 616210503
579 996 211093799
749 556 432936589
904 876 838763887
708 814 871798639
739 152 492533695
61 736 860174816
88 496 98666361
684 925 741994131
404 874 49754325
187 169 965388074
329 546 58412354
849 474 707294167
985 426 928375808
216 773 434863020
586 713 376926945
234 990 668290292
257 352 293239222
578 952 963953110
646 148 470511549
919 263 197169611
947 629 177328777
701 136 81423804
649 276 428273070
193 941 497519568
286 519 360493229
115 737 627234011
47 23 863912152
221 830 67805074
853 887 949339216
79 421 696314614
211 394 664307650
70 304 208830858
134 438 403993066
839 149 552505676
845 521 460906077
37 310 688027714
793 210 843665729
187 931 980067355
280 945 966501034
246 949 6354229
811 563 838763887
355 444 316498764
988 321 281042233
984 799 874407346
724 962 376926945
508 411 187913046
904 317 373909025
603 165 208830858
652 321 122391297
536 979 930457237
232 966 389772289
752 324 525584420
937 510 360493229
183 329 104139199
196 448 428273070
63 222 88579386
195 300 772848261
697 15 941109434
960 666 8019664
77 990 8019664
300 108 215069412
580 812 579430169
22 183 636455207
833 127 332725992
971 482 683135944
191 531 874014265
850 151 113037021
137 731 769215980
704 550 707196467
206 157 374106224
761 607 576299389
918 611 578736884
621 488 931513249
563 84 788116043
436 346 538190235
690 805 875549614
518 916 750700438
93 505 192146975
789 951 340247977
522 150 131784606
612 376 481942525
737 694 495795830
948 35 376577685
656 125 941109434
335 101 576299389
563 45 420923998
267 31 784077503
51 23 236993309
464 121 767351698
161 78 717448267
756 414 867378356
188 298 992967523
624 126 619724546
983 282 647792092
547 497 113037021
370 101 989363009
415 351 963953110
799 689 768545401
267 523 184084022
456 549 391859848
884 536 732957313
90 874 883980660
865 25 148958128
566 85 293286197
535 134 273561856
169 681 579430169
465 648 236993309
184 429 363128391
129 157 82852163
584 563 428273070
878 559 341349444
321 162 732957313
960 68 686516918
794 9 676587186
586 747 188136734
301 474 532038053
206 272 876224336
418 240 293286197
973 158 961298665
385 109 151906677
354 77 966501034
304 203 666284724
67 905 926074594
407 66 600507296
764 652 380779562
26 721 801590555
509 499 849446639
147 128 81412473
101 723 919760228
518 432 924718445
32 640 717955343
215 794 510269414
739 643 495795830
67 22 937435363
455 759 38881896
375 819 124852804
114 638 226412861
857 799 370498001
699 561 961049872
705 652 965388074
673 863 419736435
516 215 124852804
177 738 197169611
701 567 492558841
187 189 784077503
930 573 717448267
496 703 738878202
231 463 117328951
796 952 319603663
761 786 281832261
543 680 840785214
142 283 676587186
780 897 633035750
713 746 966492940
547 634 6354229
154 859 993159956
197 553 802106538
633 557 525584420
338 819 192146975
302 72 301710824
707 100 211093799
61 628 151906677
83 332 136886603
412 544 448480040
356 825 399931398
823 264 91878293
36 491 61689557
493 482 448480040
825 868 218546924
556 155 937435363
21 942 387877806
549 961 525802198
125 81 551592069
415 190 136886603
680 345 456247771
553 467 218546924
715 293 614557017
722 219 973234217
389 746 81423804
702 38 82816771
11 529 999545208
367 793 206411779
550 188 764714206
48 82 629559414
89 549 57098897
395 533 888393
559 926 566275606
719 754 394665856
910 326 838763887
985 716 453685305
173 560 81423804
803 857 446383954
158 169 860016573
727 698 386587371
88 743 283330573
508 260 525584420
531 821 147332516
605 322 13645221
634 930 736293974
32 48 627234011
399 562 236120523
350 36 849016909
112 470 987184658
710 308 735876155
726 843 341237203
150 547 226412861
879 934 303350038
440 614 281832261
725 418 688964820
380 819 764714206
954 760 391096435
921 679 599290031
620 548 198104759
853 812 461349766
867 249 292924456
33 878 308980992
322 826 941109434
677 376 566275606
774 935 624250102
791 300 603996029
616 293 391096435
105 482 80443105
709 276 448480040
143 694 660303494
414 719 316498764
162 639 419736435
791 160 32151105
682 696 291859288
311 700 724406377
947 442 304361850
300 587 534276223
746 631 987184658
634 648 725529671
179 170 100344782
974 683 664307650
550 973 596810778
846 588 88579386
431 649 840785214
908 991 999545208
254 164 654044001
455 281 700559504
980 486 999545208
972 98 170401903
72 412 704645305
789 453 274355121
55 445 303350038
177 907 187913046
861 320 403814247
784 869 11484003
688 295 443069281
165 870 803955606
734 645 405583315
899 66 696314614
416 763 64431215
165 719 281832261
362 439 468573378
531 674 616210503
713 662 618916874
594 581 170358989
529 455 126615674
831 842 630414636
922 93 162008957
771 548 423345711
156 300 752744463
876 285 923821911
964 124 688027714
277 410 736293974
647 10 293239222
392 347 688027714
226 32 968888874
58 929 293012393
466 761 177328777
748 685 387877806
360 848 292924456
425 719 738461849
616 952 515772126
612 316 736293974
189 50 867546978
74 449 340247977
889 39 450737194
647 765 584948268
364 885 357336374
121 915 792898737
824 604 556185819
777 728 989363009
236 785 871798639
744 80 973234217
381 154 167777951
775 625 161685072
609 365 322655177
742 38 32151105
960 520 282538564
937 188 49754325
117 922 322655177
538 813 61689557
154 727 735876155
941 657 588142932
561 107 874014265
876 844 603996029
946 974 391096435
216 755 619724546
244 710 968888874
564 382 931513249
669 638 688964820
486 894 923821911
727 578 964270685
744 593 491517690
195 314 588142932
434 834 875244370
406 976 273561856
194 906 896042530
504 16 724406377
517 780 503088980
235 650 768545401
656 521 973234217
7 312 443069281
905 720 840785214
19 2 495795830
601 596 849446639
594 727 525498274
944 889 937435363
101 49 775527207
229 230 931513249
318 622 221162638
10 119 269438819
675 642 393266148
807 92 492558841
202 893 323019443
511 773 157555602
287 982 233986179
217 469 738878202
750 142 674101847
617 709 434863020
995 614 863912152
30 464 208830858
759 548 717186419
373 790 684768508
993 908 688964820
75 363 676587186
394 958 488779025
119 254 82816771
790 741 654044001
631 419 323019443
276 273 437328895
53 529 420923998
597 486 98110223
430 897 534276223
993 605 791909247
168 600 268472774
475 593 437328895
397 798 316498764
47 335 669179082
841 319 738461849
387 144 857291279
800 242 187045589
462 38 162008957
805 655 952009048
485 838 545906343
58 481 614841080
379 893 3189234
376 542 179429948
791 443 928375808
671 44 874407346
328 428 6354229
530 987 623918490
903 103 721676538
16 267 20820078
284 197 708563362
916 823 491517690
338 792 862776964
40 941 453685305
33 768 597867106
844 232 735876155
116 204 291859288
651 212 231357929
886 4 880506747
860 387 671408145
565 157 697734632
312 999 232716792
826 847 170770638
264 385 556185819
229 87 95869135
969 837 291859288
959 268 170401903
831 775 91546909
988 307 556185819
981 233 854226306
347 170 849446639
220 539 937435363
328 664 316853080
333 415 268472774
1000 150 788116043
659 923 253536267
311 925 939965418
492 145 333684456
945 593 434171127
276 503 479620920
11 382 730863925
708 922 236120523
943 898 525802198
827 530 717448267
897 554 538190235
31 60 735876155
382 626 709196392
228 658 220543699
178 300 735876155
869 433 822566949
749 835 202724104
237 259 510269414
461 707 618916874
372 545 923821911
395 379 167777951
457 648 647792092
352 224 393266148
511 31 941544011
175 303 775527207
231 894 374056708
567 675 838157908
22 560 529527950
26 209 268472774
354 519 481970499
981 890 393266148
701 633 281832261
583 527 908128509
705 199 174553161
130 553 966492940
408 866 253536267
398 189 305576259
200 28 765491992
83 91 750700438
541 583 757492405
376 274 174553161
185 633 515772126
146 708 782643000
641 985 70965131
586 20 908128509
257 9 614841080
861 992 198104759
712 785 838157908
977 618 844300956
666 378 257534592
75 888 651147542
457 139 752500991
978 331 686516918
968 562 391096435
41 337 404736218
105 737 854226306
927 762 233986179
67 965 940236774
892 637 808109284
746 3 104139199
456 393 775935356
789 703 394665856
11 745 420983284
937 637 919760228
616 313 980067355
172 396 614841080
472 647 541523126
53 184 624250102
483 925 376926945
315 344 293286197
664 104 633035750
94 314 99164485
222 585 731335943
823 740 814824767
470 703 301710824
339 625 273561856
189 291 730703273
920 696 532038053
661 479 552505676
536 30 838763887
135 546 730703273
507 798 148958128
171 479 38493211
969 110 586109319
297 157 972799710
678 304 304361850
474 776 618916874
970 39 838763887
989 972 170401903
996 632 308980992
384 250 290712118
320 890 58412354
798 644 61689557
770 207 999545208
714 159 40425864
345 933 940236774
513 643 629559414
350 17 81423804
169 391 842834496
106 368 839038558
839 3 486572904
640 506 949339216
42 896 559237476
103 306 869360411
948 528 470511549
198 547 792704217
744 220 963137067
532 395 316498764
142 575 282538564
62 727 721676538
837 934 390924020
290 770 518025945
400 32 908128509
677 461 167777951
931 545 849016909
670 642 562793910
890 875 446383954
259 995 725529671
381 201 91878293
815 600 399931398
251 212 479451826
808 189 729975307
447 73 975224940
909 773 403814247
412 823 554918409
552 912 966492940
223 809 637013778
14 958 293012393
361 848 683135944
79 74 840785214
536 21 669179082
574 85 333684456
133 387 734900564
708 56 735876155
723 869 669179082
804 760 303310051
119 44 291859288
845 375 361341415
537 144 740453526
853 305 525498274
417 326 972799710
732 733 80443105
157 190 965388074
676 127 887259499
193 38 515746996
699 711 283330573
406 526 362401933
753 922 333684456
534 596 67805074
595 128 545906343
589 348 937435363
1 241 188136734
766 305 735876155
660 677 792704217
93 623 614841080
557 10 391859848
446 918 164037473
500 372 470511549
418 408 162008957
643 175 374106224
529 576 908128509
976 281 961298665
896 318 683135944
864 804 170401903
830 261 322278821
975 550 282538564
419 76 303350038
852 424 717186419
708 927 588142932
355 851 541523126
327 877 775935356
442 75 887326999
195 693 161685072
124 325 193204743
661 193 931513249
173 727 479620920
722 549 775527207
638 524 987184658
944 691 404736218
873 952 5670235
181 319 816931954
364 24 682091791
424 780 949339216
667 691 729975307
25 498 735876155
813 596 233986179
854 499 461349766
489 720 3189234
553 182 949339216
718 549 989363009
557 748 162008957
630 923 236120523
967 233 862776964
550 788 532038053
90 651 202456797
420 210 547030479
615 890 488779025
113 39 717955343
276 74 323818877
344 932 12450910
27 784 361341415
593 138 98666361
42 817 725529671
399 876 670355662
347 959 559237476
357 258 681673088
552 796 704645305
739 717 423345711
542 761 741994131
73 797 231357929
194 390 238566231
750 238 20820078
460 668 173417824
86 606 195264927
646 678 218813885
197 6 802106538
818 231 20822347
922 979 952009048
371 608 775527207
326 379 562793910
555 228 391096435
114 531 542937585
829 849 767351698
499 920 623918490
358 999 541523126
377 78 822813022
46 467 863912152
512 565 972799710
636 228 103145541
282 563 130506642
900 974 731089401
591 667 651147542
118 856 686516918
932 346 654044001
309 47 980067355
676 495 717448267
903 717 492533695
769 793 641737459
706 960 547030479
813 740 188136734
647 13 492533695
279 402 487902250
192 425 896042530
104 688 100344782
776 855 130506642
929 564 918127452
918 472 170770638
640 816 930457237
124 577 731089401
119 525 390924020
148 752 319603663
967 223 584948268
401 782 708563362
692 474 851646772
923 218 529527950
553 559 975224940
221 807 884366691
746 401 849016909
390 549 305576259
383 757 919760228
235 557 406045021
853 619 488779025
767 316 668290292
687 225 236993309
898 273 838157908
210 593 157555602
762 956 161685072
440 35 731089401
327 153 403993066
115 403 554918409
802 853 446383954
69 837 236120523
69 602 792898737
993 386 89245262
776 349 391096435
658 225 305272785
211 997 367047909
549 286 305272785
909 473 688214232
263 858 13645221
537 855 246843673
672 175 616132590
949 600 290712118
625 730 460906077
151 325 689373451
120 777 238566231
990 439 456247771
91 224 268472774
894 496 647792092
802 629 103145541
323 121 316498764
993 822 923821911
272 208 236120523
724 104 301710824
809 341 993159956
141 926 202724104
973 613 686516918
779 798 622735685
717 697 735876155
495 778 337408691
627 746 291859288
983 554 7583689
626 423 370498001
24 289 730863925
200 258 11484953
550 859 380779562
688 781 666127066
231 12 921854002
163 707 697734632
143 558 584948268
179 384 38551258
287 700 188136734
592 994 967321940
233 882 253536267
124 668 738878202
25 271 371783455
878 292 980067355
115 891 376359619
374 996 888393
270 958 928375808
415 153 82852163
255 172 892984444
820 250 588142932
958 604 595513685
10 923 542937585
371 243 306001964
622 255 104139199
301 353 150297500
767 490 860016573
193 336 341349444
491 949 952009048
279 388 193204743
941 152 404736218
348 304 163513370
697 978 245284404
860 99 738878202
720 913 218546924
843 689 791909247
304 8 40425864
551 83 479620920
142 61 283330573
997 751 376359619
14 714 944418918
963 550 518025945
895 942 502035911
758 38 993159956
757 45 791909247
713 213 685310446
265 174 492558841
486 340 173417824
204 978 542937585
333 366 547030479
683 936 734900564
620 278 441465352
939 675 968888874
216 782 3189234
257 769 862776964
738 546 532038053
74 903 376577685
947 132 305576259
800 901 95869135
772 549 192146975
401 848 685655407
665 916 669179082
98 369 732957313
459 922 130506642
180 948 992967523
147 582 305272785
572 278 707196467
514 956 232716792
884 299 341349444
986 252 244380457
960 22 363128391
837 451 150297500
508 450 730703273
241 922 61689557
792 635 801590555
896 717 814776060
873 478 2477202
301 32 905057244
959 667 500694161
733 605 156494893
339 405 576299389
65 616 357336374
43 851 492533695
435 539 11484003
61 469 217347188
914 291 892984444
921 355 91878293
249 199 20822347
569 455 637037510
998 539 757492405
27 955 784077503
911 620 202724104
144 480 624250102
235 871 635946352
277 275 791909247
78 727 696314614
485 233 361341415
634 427 448480040
749 606 880506747
779 267 712972142
310 800 391859848
305 205 174553161
494 978 292924456
924 163 908128509
446 840 316498764
192 305 740453526
695 890 2477202
885 59 594034997
2 346 552505676
658 338 305272785
734 496 600507296
124 173 99164485
71 923 961049872
107 880 380779562
919 546 293239222
186 421 919760228
756 253 566275606
253 743 930457237
727 536 187913046
621 647 481942525
252 873 167777951
948 751 670355662
937 330 871798639
435 57 630414636
169 556 500694161
771 468 220543699
279 737 360493229
450 373 131784606
598 933 999932687
607 427 999650805
776 71 301824044
940 770 999629125
515 327 792704217
563 864 999994209
880 557 999624574
437 854 999612860
471 474 999767772
772 397 999854288
488 81 363128391
360 479 999622711
655 296 999606958
611 851 999913823
621 451 999718085
566 295 999970087
995 974 999712294
786 359 999889579
491 755 999905307
573 759 999811693
843 806 999790949
714 747 999564714
910 796 712972142
422 411 999653330
729 339 999885300
307 250 999861694
56 643 999721403
248 712 999706783
942 994 999816816
302 772 999748323
945 891 999792155
976 895 999580285
679 293 999762274
458 802 999855040
604 710 999627568
991 939 999598668
963 66 999813176
801 388 403814247
622 425 674202515
283 688 999738639
639 505 999953805
255 610 999839213
842 529 999821754
649 349 999798166
634 562 999945447
704 907 999573844
410 247 999679864
311 880 999644963
221 984 999863219
734 646 999865687
478 624 999971267
913 635 999701731
827 555 999799558
947 907 999925542
327 160 999767741
829 662 81412473
840 336 999993393
502 706 999799727
685 687 999573775
983 990 999883780
989 940 999863546
893 470 999916035
286 939 999610648
554 962 999557984
703 620 999918597
657 840 999972175
583 665 999947091
822 772 999567914
595 744 999593870
895 820 999637604
765 937 999901299
869 821 999763540
840 883 999705656
397 143 999854133
222 44 999647321
969 908 999998651
521 933 999597417
926 936 999741266
69 284 814824767
97 760 918127452
969 979 999845090
712 487 999784951
878 55 732957313
924 487 999787944
469 220 999763991
56 664 293286197
885 987 999599226
446 443 999965152
893 660 999916554
789 870 999794303
573 261 999977769
939 935 999702147
897 914 999603566
701 673 999638515
5 746 999859854
451 600 999678492
486 104 124385417
555 762 999958630
513 494 999893944
436 468 999592589
436 546 999898279
992 40 961298665
436 410 999696908
145 678 283330573
254 649 529527950
572 347 999661127
634 921 999739341
9 333 999771997
774 708 999931551
933 322 764714206
648 438 999704866
707 536 999857828
649 510 999605350
674 960 999837130
753 785 95869135
838 978 999962999
668 733 674202515
144 81 999636863
499 835 562793910
842 961 999817633
954 826 999940464
940 579 999934661
681 472 282327255
972 946 999975651
280 374 999729829
843 651 999890810
834 922 999990326
832 259 999718215
573 918 999895630
453 436 709196392
745 787 999551404
228 496 999967005
870 801 999878871
742 825 999646402
134 690 376359619
373 12 999896789
434 727 999768721
33 490 88579386
985 903 999794648
380 532 999754121
944 856 999894103
331 141 559237476
100 116 999761334
939 619 740453526
923 926 999900876
532 153 999797517
289 873 999693737
698 670 999783055
230 253 12450910
86 585 999855508
978 996 999784377
938 979 999768409
877 908 999717559
976 813 999660269
763 258 999971578
239 577 999896462
532 954 999895809
124 358 999619114
6 433 999665022
379 79 999787541
915 698 999848379
951 91 999766630
366 675 999660990
300 177 231357929
866 978 999784828
995 948 999995028
744 600 999639992
900 817 999671341
939 897 999870191
201 665 999738585
938 888 999736670
688 363 999741251
873 937 999992925
130 80 999584066
896 561 999621047
118 818 84264646
991 967 999623378
215 149 999607244
124 943 558599484
747 958 999921329
92 130 341237203
978 602 999883439
328 437 999878413
564 556 999630720
205 886 999784241
297 60 456247771
834 708 999748136
571 669 999766770
968 987 999872230
938 699 999759962
4 98 999604641
343 917 999790067
544 611 999948524
752 810 999614977
680 758 999769315
771 519 999834373
9 201 999693105
200 531 999730135
323 306 999838858
887 889 999877394
880 959 999828807
810 342 999812456
773 607 9174077
91 670 999588046
361 565 999964925
802 774 999596754
854 257 999944857
625 764 420983284
595 97 999678436
48 152 999669810
842 818 999555115
741 963 999587168
606 314 403814247
701 58 40425864
406 556 999905535
172 455 999907877
592 476 999910487
328 670 999902833
668 254 999816013
728 433 999611615
1 497 999855646
667 903 999628987
345 622 999684312
783 746 999721895
684 155 54154219
877 491 341237203
424 125 999846658
998 245 999722328
739 911 999988764
879 838 999601539
787 15 999916384
564 754 999894586
47 769 999977176
989 816 999773136
716 878 999713645
850 805 999763481
819 163 999566698
522 793 999953534
981 980 999930256
846 816 999967825
759 833 999973415
294 77 999565146
42 352 999709818
547 638 999689286
447 793 193204743
972 806 999737384
928 795 999937325
98 743 374056708
465 796 391096435
912 421 999567210
377 445 999981703
332 704 999710259
571 457 999993361
623 696 792704217
834 908 999728998
993 981 232716792
335 224 999588916
501 107 999741539
896 838 999618309
550 881 999790195
817 868 999705659
652 792 999727076
340 641 999739943
163 605 999689016
856 907 999728990
171 297 999828226
727 660 999987098
967 858 999577214
567 655 999742683
144 96 999712244
424 504 999653996
939 916 361341415
957 990 999781953
62 115 999992810
830 456 999840151
937 195 999640289
389 779 999736313
921 970 999967204
991 949 999754461
549 919 999775202
858 827 999692659
391 705 999918635
205 823 999624556
936 961 999673373
233 433 999719897
946 927 999734922
505 641 999559514
842 166 964270685
949 965 999891872
26 820 999600878
505 444 999937955
812 401 999837725
440 143 268472774
999 3 999975846
975 887 999817151
859 988 999992387
376 241 999567120
852 808 999596423
800 720 999744497
878 892 999581944
563 105 999970710
470 216 999846186
521 82 403814247
479 172 597867106
604 891 999954657
246 802 322642628
530 529 999797065
72 250 999634059
534 356 999873953
61 625 147332516
761 642 999921972
703 332 999920350
9 686 999801804
900 634 999904497
671 421 999989073
311 604 999584669
906 825 999802105
373 62 961904200
22 226 999614631
965 883 95869135
971 978 999634924
996 966 999759894
824 953 999941641
759 689 999579614
112 640 999687277
371 315 13645221
907 634 999900308
873 828 999612864
939 308 999592878
544 382 999686720
855 527 999910706
446 599 195264927
477 36 999806353
548 407 999868499
721 649 999701009
621 702 999924687
519 834 999923539
517 399 999864779
880 926 999879557
977 388 999982995
910 926 999630649
618 698 999569369
664 464 999871865
781 843 999568560
888 780 999625957
389 572 999849542
699 980 999943257
527 741 999916578
961 763 999972873
604 544 999999937
262 840 999710026
970 861 999705402
876 731 999973148
494 121 869360411
583 11 999831686
627 695 999742041
420 829 999771826
613 892 999731461
816 20 944418918
790 610 487902250
315 636 8019664
865 969 291859288
828 836 999628477
998 565 999775904
517 356 999775690
723 53 999861919
168 831 999586658
253 936 999770086
972 953 999955199
113 486 999554691
510 743 999781627
438 934 999936148
501 261 562793910
278 7 32151105
989 476 399931398
929 186 999990442
667 820 999715437
897 448 999628964
357 250 999952082
293 810 338448759
432 168 724406377
629 753 999817125
658 417 999604406
155 998 999727216
579 266 999917838
889 473 999613235
973 237 999990689
142 144 999719071
696 441 999805369
986 993 999941130
799 228 999573551
588 543 999896714
776 935 999974359
892 685 999683508
555 893 999935308
588 686 999714316
328 11 999739629
566 906 999723664
987 357 999716687
884 966 999750934
910 978 999852795
579 885 999974199
616 408 999673474
682 394 999881990
721 695 999981553
895 908 999982001
833 690 999783770
456 30 432936589
679 848 999590487
343 460 999671933
242 710 999623174
761 956 999896654
961 305 999838827
678 722 999951417
281 39 999996652
923 906 999900485
913 990 999993657
304 212 731089401
911 993 999785081
813 918 999732020
25 616 340247977
736 963 999552999
120 449 566275606
720 806 999797081
626 724 869360411
139 252 999689880
917 615 999590367
757 828 999856350
560 602 999715958
2 799 999589014
93 690 999562120
345 298 731643957
849 731 479620920
299 78 887259499
687 497 999708478
688 756 999582479
657 897 999947257
903 554 999954032
736 298 999910346
661 480 999612887
889 983 999961217
546 290 999630457
659 753 290712118
792 561 999893717
662 392 999973306
203 505 999936993
681 567 999969710
731 703 999624386
151 277 999907235
95 932 741994131
750 687 999916952
927 948 999996416
554 856 999644985
756 849 999949358
917 912 999583239
865 529 999558070
636 877 999778496
781 1000 999928254
954 953 999662096
969 973 999863552
58 302 674202515
975 881 999674384
987 782 999776960
313 928 999975104
149 226 2860891
221 658 967321940
337 714 567394428
874 337 999791636
813 577 999884520
751 955 999882970
522 911 999678253
380 381 769215980
770 607 999716594
84 158 999605190
262 36 120439847
988 913 999742258
703 359 999727961
554 349 999756254
882 935 999921751
549 381 999777246
853 566 999643081
976 863 999818534
825 787 999551744
774 718 999983872
167 332 99164485
785 533 999628146
338 464 999721824
220 436 999642835
582 230 999631060
974 937 999602423
688 548 999808599
568 558 999735134
976 451 999982058
859 99 666127066
782 138 633035750
941 596 999560560
805 568 999906184
819 812 999783035
461 81 999812372
502 601 999732242
180 645 479451826
851 890 126615674
997 921 999722492
988 737 999564808
856 740 999576516
836 943 999716944
167 54 999694096
900 196 999982045
121 277 999967444
522 698 999669223
59 763 999844185
728 359 999563872
874 875 999973879
341 793 999983547
923 982 999573562
867 894 999858814
815 951 999650573
298 954 510269414
342 558 999688505
277 37 999707744
220 1 999589719
272 493 999558088
652 133 585026052
385 860 999830260
343 887 999954659
394 707 999778205
708 260 999732007
612 947 880506747
904 398 999954012
940 961 999764419
522 623 999726592
27 727 999814912
683 849 999603264
103 689 999623860
812 406 999912073
932 711 999776831
532 409 999564470
582 944 999781460
664 573 999868493
941 989 999892107
970 978 999729694
709 878 999630927
923 774 999672301
260 287 999671242
331 658 999749779
810 860 999906104
93 565 999838395
298 969 999682783
487 822 999967027
988 962 999606494
346 246 999993426
348 898 999611561
710 222 999792340
255 394 999817204
900 537 67941609
636 696 999928885
393 796 999783086
562 660 586109319
813 895 999565205
953 821 999833081
392 700 999971079
898 287 641737459
334 502 999708086
54 687 487902250
967 517 999950766
583 359 999661185
108 25 999665984
707 124 999726863
404 539 999860651
923 616 999865569
923 866 999617478
204 610 630414636
594 774 999639820
380 623 999718303
40 820 999628649
1000 968 999646420
667 279 999978882
521 822 999695643
877 849 875549614
515 570 999905123
771 899 999636220
309 899 999644323
6 842 999711956
623 399 999664241
926 843 999836581
577 712 999674095
327 282 999978682
667 969 999814045
704 967 999849653
760 151 999986177
749 713 999596382
964 857 999675032
288 646 999636433
551 684 999582343
729 626 999975524
606 667 999778887
107 266 999725150
901 999 999690433
409 915 999777216
395 870 999851109
520 812 999966621
706 810 999731404
748 900 999687567
185 404 999965908
675 540 999872714
518 166 592363586
306 731 999658319
653 390 999994712
614 721 999915587
60 400 999698325
989 883 999981324
929 974 999936994
866 663 999812738
956 976 999989427
778 882 293012393
934 783 999725499
403 769 999863666
423 780 999675449
137 633 999907175
11 429 999690701
334 421 999718596
689 578 999863328
558 522 999707109
572 917 999716063
397 184 999778634
69 317 999932691
493 360 999977654
481 953 999632939
72 928 2860891
469 548 999607684
55 792 671408145
740 367 999886815
447 669 999888449
664 117 999759479
165 901 999930896
773 198 999840426
304 318 999830497
573 187 999559907
533 640 999729918
60 627 999625775
907 426 999882714
556 862 999990671
50 896 999926439
349 619 534276223
942 277 999593007
530 333 999793281
874 476 999898106
208 897 999551644
659 726 999617263
915 682 999639258
633 158 999600174
689 643 999847785
36 963 274355121
552 516 999592688
750 851 999907341
693 811 999577515
998 957 999740564
867 71 999863913
178 619 999823202
836 676 999776782
706 238 999910403
922 830 999576317
452 38 999932158
862 965 999750147
522 948 999779460
812 51 131784606
985 967 999821286
563 11 999917023
46 983 999652236
823 921 999932195
824 785 999896734
651 485 999600665
420 932 999613971
862 848 999847029
13 655 999966180
423 163 999754503
921 801 999973202
345 985 999553548
547 749 999817365
990 183 375364571
658 764 999685937
689 156 999652966
848 424 999616454
840 911 999605338
987 973 999774228
229 664 999574399
806 754 999859381
488 604 999906429
88 439 518025945
153 801 999568849
524 632 999801887
696 698 717186419
99 838 999677437
827 368 999832722
955 845 999547462
643 928 931513249
714 764 999771278
907 460 999773419
767 570 518025945
906 980 999917155
870 600 999592020
718 612 999832791
291 924 999611606
128 119 999794936
73 235 502035911
921 985 999686680
466 285 999809840
172 614 999901611
485 126 999771664
783 737 999818529
17 89 999580933
878 952 999929311
956 948 999598760
291 82 999666966
654 820 999740230
849 639 999875473
491 108 999779580
356 503 999576517
780 684 999575300
482 231 370498001
649 791 999756779
819 986 999980545
429 875 999653142
226 222 999736569
605 273 999955330
122 654 999983201
164 266 999968251
632 295 736293974
100 992 361341415
919 957 999753909
154 309 999938532
974 997 999703097
974 345 999584852
467 321 999657657
467 990 999947714
873 859 999848347
368 748 999548434
750 37 999924898
940 955 999934551
438 922 999570702
713 683 999636628
766 38 671408145
698 392 999824769
484 18 999693146
628 708 999975799
527 412 999841155
823 949 999585814
686 86 961049872
555 442 738461849
867 164 268472774
163 473 999882620
301 319 999781050
98 462 999577822
691 989 999592710
622 189 999764855
43 103 999545814
539 159 468573378
846 44 999676232
162 586 999727964
499 746 851368665
522 542 999722176
905 871 999689323
962 870 999578836
836 724 999963825
550 599 999637430
254 358 999816275
719 174 629559414
710 911 999583609
856 713 999707069
874 854 999656950
782 336 999981004
864 619 999605227
773 699 999879340
609 19 999641815
486 256 999922433
784 737 999836219
415 22 999966720
975 940 999810805
596 487 999852819
152 312 999572140
396 933 999834902
996 988 999891094
429 825 999704660
780 919 999837360
364 202 999875300
154 375 117328951
192 483 999943730
367 404 999668818
581 358 999603292
952 843 999658561
658 935 999729197
430 497 999933872
401 606 966501034
695 506 999916781
702 76 999649228
326 241 999940568
900 812 999588035
360 69 999777523
783 210 999937240
964 844 999987842
936 97 999799187
419 286 999951634
937 837 999699016
520 491 921854002
645 857 999765604
945 948 999612642
168 312 999682776
124 313 999763243
795 879 999747666
895 885 999560254
732 990 999957226
732 513 921854002
538 959 999770142
654 803 999804964
973 914 532038053
980 126 618916874
308 402 999588450
957 989 999726402
915 982 999989412
635 819 999822891
645 730 999873414
205 586 999975673
299 706 999849914
344 363 999945675
935 731 999704443
944 920 999744393
558 762 999913841
790 422 999643774
477 704 999886203
374 552 999697103
338 365 999906723
107 898 999638065
780 650 999596077
471 826 999965881
406 309 999666487
971 946 999737034
402 95 999963444
255 951 999864679
971 897 999815331
658 945 999566039
54 283 11484003
10 657 999797676
998 1000 999752247
827 403 999562552
888 318 999803701
920 3 999682814
559 918 999585824
800 114 999998799
255 73 999597157
542 94 999599238
951 900 999913711
118 850 585026052
568 878 999978700
473 476 999675836
938 919 999553139
802 865 999785397
703 465 999791501
402 855 999980942
43 653 999707064
623 909 999674483
1000 933 999668006
573 525 999892827
592 237 752500991
869 427 999671380
953 727 999961110
501 864 999907082
696 921 999940283
73 874 341237203
585 807 999690198
481 799 999762001
902 938 999588375
292 787 999919910
50 427 999671834
418 776 664307650
888 586 64431215
126 407 999575502
967 78 999602429
116 434 999732323
676 933 999994561
239 329 999684427
981 972 999630672
952 954 999951852
724 887 735876155
820 783 999589149
7 894 999685391
123 694 999868468
70 43 999993934
586 259 999626574
325 203 999920215
47 441 999916519
942 1000 999583162
831 327 999825777
854 411 999613772
224 827 999810951
954 981 999605532
677 79 999612443
924 660 999873621
406 891 323019443
456 887 999840291
765 637 999900734
670 675 999908808
993 985 999875965
206 802 999775728
946 918 999844756
561 921 999819721
863 834 999738389
987 818 999589726
377 726 999702745
817 795 999747426
590 453 126615674
115 220 999612235
478 570 999902258
189 430 999689514
84 646 999627558
120 52 999568917
990 960 999903135
35 175 860016573
375 281 999659152
261 728 999614249
238 550 999689132
466 876 999593835
674 877 999721366
664 824 999715675
853 111 999881384
77 907 999567145
804 430 961049872
711 991 999548283
668 525 887326999
739 826 999935833
250 957 999985833
835 405 963953110
252 920 860016573
863 100 999585841
88 748 999624679
778 841 999837379
90 246 999942900
429 377 999859542
344 999 999589329
698 635 999715819
604 325 999800378
985 555 999632859
5 47 999620735
973 73 999893205
164 929 999826757
768 825 999922891
781 473 999960031
33 821 233986179
737 697 840785214
987 734 999801473
493 65 685655407
651 654 999579929
406 355 802427022
169 958 999554007
270 766 999738430
621 870 488779025
905 965 999555032
893 797 999733849
677 868 999784098
754 728 999805775
928 926 999800484
805 852 999848015
982 983 999727087
777 622 999707169
223 556 49754325
957 270 999978851
577 382 635946352
516 185 999625576
270 594 999910970
179 292 999762637
806 362 999589931
462 136 999841215
692 693 999608508
812 849 999601525
635 899 681673088
160 335 713845119
216 918 999926193
443 257 999993121
995 990 999904778
992 841 999805678
833 728 999871806
71 485 999883302
946 827 999786564
452 988 999988701
470 418 999899653
798 746 999616380
768 618 999763054
853 744 999978445
476 804 999943415
897 714 999630276
772 551 82816771
944 840 999772145
429 795 999627106
340 757 999901066
770 912 637013778
384 499 999584995
829 259 999598505
339 790 999554865
772 845 999729211
47 575 633035750
846 820 999834248
880 262 556185819
210 695 999546508
563 627 999776086
646 124 642894415
879 125 232716792
194 431 999596858
906 193 164037473
257 182 999981164
580 700 999731848
760 640 999616126
998 846 999776006
752 560 999973806
914 490 999985981
769 320 999590349
586 746 999617839
899 252 792898737
469 857 84264646
110 883 999926355
667 542 999722226
628 53 999642965
879 30 999784675
760 49 999782635
832 273 999932241
25 368 792898737
727 693 999897337
450 868 999659422
917 872 999918539
736 852 999919934
340 521 999817146
733 252 999577774
208 918 999691098
92 294 603996029
219 421 999613952
849 666 999992925
597 488 999603294
974 750 999725075
342 435 999852802
959 254 999838288
359 490 999708020
34 623 999582147
682 730 999676211
286 473 999674102
563 223 999859530
536 644 999717226
553 837 999729404
292 793 999733515
966 7 999854910
682 774 67941609
723 381 999829147
660 933 31234125
12 359 999727689
884 267 999907787
258 531 999624138
686 793 999903486
575 70 82816771
103 105 177328777
973 894 999754685
836 837 999738852
158 66 999885833
856 849 999724251
238 788 752744463
944 925 999731981
393 958 999814866
8 884 999950973
881 338 999926609
859 888 999979608
934 672 999763558
291 888 999958267
450 961 999765249
470 182 999841790
482 174 999713329
404 735 999781157
935 782 999994859
245 257 999940674
911 563 999888423
524 567 999916137
1000 967 999650026
936 242 999549547
287 259 999841340
482 325 999759907
1000 103 340247977
63 709 999563858
631 175 999922635
332 11 999815800
839 716 999829569
76 703 999767061
962 848 999762760
636 545 999891758
422 668 999571558
503 887 999998773
124 226 999933026
370 627 999697478
432 187 999557050
761 596 999869041
379 644 999837492
759 731 999591606
608 68 11484953
503 430 999702495
705 376 999993313
987 991 999970548
969 985 999773360
980 946 999977017
547 206 999665608
910 974 999873371
857 260 999548471
750 754 999910300
306 223 671408145
862 947 999829026
735 715 999837976
741 940 999912249
721 123 637037510
386 453 999836203
395 637 999732898
125 850 999654713
709 139 999857127
868 804 999603751
12 309 999653598
430 743 999958572
866 954 999981153
976 900 999700766
881 561 999602439
128 253 999863969
89 561 940236774
791 561 999821558
910 960 999789761
419 403 999832090
113 720 999837300
402 713 999947437
283 223 999767781
219 562 999654761
833 71 999742455
689 957 999678993
618 595 999752593
670 838 999609407
895 625 999580013
605 544 999979058
402 511 492558841
389 515 712972142
200 254 999909818
695 522 999822010
572 782 999702261
993 979 999844347
160 694 187913046
67 828 999574926
877 957 999751215
688 978 999996997
876 885 999746156
910 383 999749482
65 596 479620920
557 476 999807254
990 996 999902679
364 526 434171127
374 220 999641139
853 524 999846079
842 754 999627516
67 89 584948268
631 636 470511549
859 945 999684641
613 80 792704217
928 914 999830819
194 400 999797919
956 1000 999741970
442 679 842834496
924 966 999561998
638 128 575057128
589 313 999911107
392 344 999675372
954 917 999840990
991 690 999838958
921 183 999844780
956 887 700559504
79 575 686516918
385 758 999789004
226 576 163513370
245 938 857291279
875 844 627234011
192 323 616132590
379 249 566275606
945 452 999722396
454 900 999783978
962 853 999619211
400 800 999994194
416 522 999713890
359 396 999935750
964 63 999620114
385 843 999853758
875 708 999990193
600 580 999832120
491 617 999951095
360 219 999668805
181 148 999636403
462 438 999707199
598 730 860016573
672 291 999640297
429 407 999910012
462 628 999871668
306 863 999948979
548 988 999686577
651 946 999776117
402 521 791909247
432 758 999902234
843 864 999894363
988 87 999661691
945 881 999827268
462 914 406045021
880 379 999823218
908 515 999768403
333 319 999845666
487 414 999648692
880 974 999760001
643 148 999667243
950 816 999724939
177 2 775527207
292 901 316249760
539 933 999962376
65 753 999772749
337 577 999612421
378 544 999554386
968 450 999550258
776 625 999874815
724 269 479451826
129 296 11484953
538 613 999739416
292 401 999939406
999 875 999747180
518 66 849016909
791 879 999721617
40 116 999797833
31 627 999610966
267 534 67805074
905 939 999936672
730 875 999603684
516 805 704645305
980 959 999992379
321 985 999792901
133 748 999986350
268 878 999717561
83 122 217347188
752 927 999567662
946 951 999828673
306 560 999553243
431 769 999569589
992 970 999735552
777 837 999585077
740 526 999666856
266 95 999804898
505 752 999687305
566 902 281042233
49 616 999564250
51 992 999571869
801 137 999848713
424 747 999840807
249 408 999995608
170 989 775935356
55 999 999695225
736 479 999557450
986 691 999581484
475 109 999741306
246 962 999876952
511 352 999758385
838 961 999914702
796 135 327835719
525 430 792898737
490 509 999801007
365 110 999806972
405 485 999957618
18 549 999722803
538 632 999623468
395 845 999751194
718 679 999744389
372 519 355750164
979 988 999903058
344 11 999562893
152 740 999833687
199 511 999647560
916 464 600507296
920 918 999621678
979 927 999964128
689 752 999868897
231 466 999822139
992 964 999769250
964 312 999956656
690 121 999658735
454 284 999551925
422 695 999971765
823 935 999616062
543 485 999800774
808 864 600507296
473 282 999549172
307 718 999953009
569 353 999696535
15 108 987184658
18 321 999849905
241 256 999857782
895 527 992967523
699 833 38881896
636 703 999565366
757 670 999644337
293 465 999965788
697 921 999934375
288 779 999950898
2 395 999833694
537 565 999830016
802 680 999930502
304 63 999908113
689 308 316853080
990 893 999679109
727 213 999878107
169 418 999782978
56 661 999561407
513 937 999977723
674 985 999975001
41 373 126615674
891 278 999825749
778 364 999842799
362 600 999985719
542 596 999796661
869 446 735276663
760 305 999851237
969 280 999730941
219 283 999877787
800 937 999907081
50 545 592363586
806 846 999869496
365 644 999881430
686 235 999977582
481 824 999595178
801 304 187045589
658 895 999594519
983 975 999956114
313 271 999998282
729 808 999595883
401 152 999724254
590 77 390924020
537 377 999797512
604 297 666284724
994 691 999583691
390 616 999721476
888 552 999919757
717 991 999592393
249 314 999982308
112 226 999956195
939 923 999722614
766 874 999554552
849 992 999964338
761 61 999898103
593 185 304361850
969 811 922198202
724 499 999923810
152 226 999783333
302 576 999868863
343 715 502035911
465 524 999886445
886 961 999663481
674 650 999901988
959 691 999952029
670 638 999975294
3 508 999814954
497 401 999887746
434 293 999948505
659 714 999871456
789 214 999781128
954 890 999716095
643 847 999916395
380 220 999867854
476 212 999628437
911 399 999747423
729 923 999741903
933 857 999612208
866 614 999582328
622 707 999577641
767 707 999847719
697 613 460906077
946 886 999918609
959 916 999834018
937 985 999763084
915 986 999723056
832 745 999679334
993 999 999626596
536 602 999761876
762 534 999696441
575 84 999673366
446 336 999971209
828 697 999882022
12 940 999763595
210 573 999630136
313 570 999900561
762 882 999757340
955 484 622735685
731 423 999639708
129 506 999987268
920 593 999600115
758 930 999891432
954 998 999804082
520 47 525498274
760 459 999975500
66 427 999800500
7 190 999878420
344 609 999769632
877 773 999656050
606 521 999735314
553 401 999649153
373 899 999665427
557 906 967321940
885 533 999796596
169 654 595513685
737 960 999578777
442 499 999625976
45 396 999869841
519 837 999554479
895 943 999756060
571 632 999849945
977 657 327835719
999 31 999967016
966 714 999645243
383 533 999825565
951 948 999604034
706 558 999594377
748 969 999833210
783 622 999796618
375 402 999739192
913 523 999903183
601 677 187913046
956 291 999738378
764 938 999742026
116 269 999573207
468 747 999651396
857 894 999611655
314 623 999871614
593 519 999814660
405 819 999754748
90 932 419736435
436 683 999701814
341 377 999774704
999 928 999861983
989 997 999834219
786 725 999932763
859 734 999803368
141 121 999961849
13 729 999550431
741 925 999675284
25 642 854226306
826 262 164037473
992 987 999607562
963 931 999556473
737 691 999902792
136 616 707196467
910 837 999898652
493 970 999758296
838 920 999890159
890 971 999765549
834 965 999784377
882 919 999924458
724 658 999563953
519 784 999925165
992 973 999632161
818 388 999957886
138 657 999822841
116 201 999806020
726 968 975224940
607 509 999821011
225 546 730703273
874 998 999924196
413 541 173417824
383 979 999704282
306 295 420983284
799 413 999957460
961 944 999921290
784 937 57098897
897 835 999920712
33 63 999701535
850 834 999725287
712 979 999613932
901 945 999949184
761 775 999793052
962 537 999814365
879 804 999679396
645 955 492533695
132 693 999761571
766 101 387877806
937 971 999947089
542 352 999586933
519 339 999622636
399 175 999991324
307 974 999776723
822 504 999552863
994 982 999783053
198 623 999761270
761 970 999987571
594 614 999904656
578 289 999764980
426 737 999990019
836 844 999873111
802 936 999789162
502 885 730703273
954 690 999647717
277 710 931513249
908 906 999843764
627 848 460906077
131 601 999872855
757 728 999601090
963 998 999900641
708 926 999781032
803 706 999721353
951 293 999892300
965 820 999897575
706 621 999602893
980 918 999949705
783 837 999898409
592 201 999788943
231 419 999711395
264 745 999954684
903 841 999657807
583 591 148958128
392 419 999563212
139 20 999609539
670 869 999576551
776 931 999678349
566 890 999983033
533 691 999913118
300 950 999602797
61 182 999783368
442 960 999818880
347 971 999783751
269 671 671408145
61 399 999880615
268 329 999607182
772 667 999632307
897 710 999944776
396 754 999966278
781 778 999814529
912 54 999697921
244 300 999909489
58 325 999648306
629 665 999963714
466 52 487902250
11 189 999844839
845 930 999615867
739 125 131784606
92 18 999812656
841 844 999793347
882 142 999826782
776 288 999836892
902 543 999945412
924 687 999568664
387 774 999791972
20 59 999989340
379 529 434171127
888 932 999850566
775 773 999882133
626 460 999712379
844 951 999924869
896 635 999865545
295 851 999788068
834 736 999596709
934 962 999736207
235 702 999759630
241 552 999614097
962 77 999545863
691 940 999674394
803 628 999545957
374 420 999777853
906 610 999623330
216 334 999556458
749 755 999702479
852 648 999696339
663 861 999659337
652 878 999875599
421 988 999640431
905 483 999698155
324 733 741994131
997 1000 999868239
897 949 999649088
623 841 999806187
714 933 999865878
393 2 999675494
496 857 461995105
197 745 999673078
865 827 999903918
793 594 999730636
368 214 999944418
981 952 999547363
941 626 999742189
32 186 614557017
62 282 999855358
506 434 999964774
510 421 999967512
297 323 999894770
612 93 341349444
612 223 999818539
437 617 999989104
883 913 999661385
411 73 999820606
966 894 999724498
356 613 2477202
40 603 999736530
623 370 999921615
759 315 999931475
845 997 999574198
287 460 999978955
929 875 999778816
448 486 999585935
836 441 999831989
875 470 792898737
756 652 999684254
846 863 999936773
337 613 218813885
100 578 999845861
447 531 740453526
120 246 553260814
75 863 999960285
555 528 999809930
932 971 999616110
235 625 999829644
925 854 999985127
316 489 999983574
851 657 999711617
626 181 999682245
42 758 999605989
839 747 999930329
594 156 157459715
988 917 999689897
660 690 651147542
496 314 999710619
393 472 999918867
317 751 380779562
96 256 999607734
619 646 999625478
944 559 487902250
488 308 999853061
150 656 999733240
446 100 999643014
992 704 999740040
590 690 999814228
607 991 999978477
767 32 999848993
643 256 999552215
713 623 999833900
957 961 999825192
991 950 999970745
868 494 999857687
859 846 999756043
920 678 999924416
921 961 999860781
442 179 999822255
943 588 999867518
351 609 594034997
748 851 999574408
997 910 999597663
654 680 999881369
212 613 999688061
714 850 999952771
435 591 999862616
45 190 999916227
773 858 999754925
879 928 999607105
464 840 999854827
884 942 999988741
284 949 999971839
886 744 999978113
198 206 999550354
778 645 999753112
278 241 999856905
803 352 999816149
351 265 999951318
908 13 730703273
555 836 999620282
673 789 999812858
765 198 999770080
757 484 389772289
497 781 999935610
170 339 999653100
787 720 999713712
399 722 999789167
599 482 999702670
632 881 999607605
876 939 999961188
352 512 999749637
720 970 999642883
656 885 999782744
939 498 999575641
937 918 999696272
776 909 999808454
403 957 999766182
31 763 862776964
153 339 999824330
952 978 999981350
990 744 999805668
279 952 999944430
447 909 999648657
372 614 999882039
807 487 999894840
743 458 999814810
3 812 423345711
586 969 999972324
890 709 999879121
297 838 999583660
478 220 874407346
698 389 999808317
413 649 999987700
250 323 999938905
536 301 999654725
680 814 999673976
984 744 999880911
405 773 999694550
234 158 724406377
185 615 999872501
634 837 999649591
858 901 999784171
603 107 999554850
259 636 999606648
611 527 999849802
236 750 999611708
790 974 999838064
59 44 999814487
271 383 999728340
901 983 999622148
797 489 999610856
183 653 999922759
699 245 999838452
588 849 999587142
517 45 281042233
786 767 999775580
810 882 999668302
156 532 999783794
377 252 999809139
243 855 854226306
697 535 999955772
612 663 999915947
1000 970 999778657
991 980 999744208
756 945 999944439
405 649 999679877
474 666 999665010
997 999 999631053
452 626 999661302
630 948 999829945
24 868 999649265
973 913 999830684
951 822 999634625
771 912 999874696
662 360 999686575
999 1000 999601064
916 291 843665729
690 88 999749606
540 944 999895102
923 902 999674056
738 858 999918871
639 837 999931067
972 473 497519568
957 661 875549614
967 854 999627517
825 916 999583129
492 590 999691239
195 128 448480040
994 131 290712118
683 889 999972641
266 475 999613582
847 964 999683909
320 317 999664418
978 867 999564367
961 363 999805460
972 978 999884243
333 517 999687384
948 706 999756428
621 263 999572948
571 574 999744820
986 997 999848583
816 485 999884686
404 970 999878778
765 534 999700086
584 618 999690851
308 538 999634750
686 137 999961129
924 917 999596829
807 629 999669735
904 679 999992589
939 966 999757047
675 971 304361850
812 929 999947288
433 613 989363009
502 668 999573526
902 833 999853022
35 668 999732342
615 951 999860512
989 850 999771785
498 499 999786931
710 539 999809838
10 39 999966690
505 709 999981165
749 141 461349766
934 186 999941898
87 999 170401903
399 368 81412473
861 661 594034997
348 466 999837328
281 887 999830366
653 708 993363326
660 341 732957313
984 995 999871160
975 695 999584129
692 99 999951468
286 576 999564568
631 622 999948617
892 920 999611093
931 906 999936835
78 406 999671690
906 268 999845001
192 481 999698518
968 721 999790656
97 517 999966994
664 203 999809328
849 920 999724933
312 80 236993309
686 911 999980006
514 493 999685275
932 862 999699413
936 906 999604178
257 200 67805074
550 509 999673280
727 982 636455207
506 910 510269414
661 187 999943784
462 503 999742798
452 885 999962500
794 773 999761972
787 629 999586994
456 893 731335943
928 894 999866386
7 792 999922837
585 596 999859430
628 680 999576477
528 75 460906077
337 901 999828069
150 3 999765699
685 543 999611153
719 262 999965308
214 643 197169611
542 620 999987733
841 596 999578120
335 190 448539346
151 461 999779687
357 450 999574551
870 282 999936999
425 953 999925398
502 745 999922859
342 330 322655177
971 962 999914802
942 725 999686658
988 827 999767295
420 916 999710716
870 838 999635129
452 330 999748264
983 989 999745200
995 993 999907672
840 719 999803254
943 949 999951900
40 511 999673674
655 960 752500991
978 959 999795550
346 651 999839373
665 801 999900990
776 725 282327255
747 543 999714487
537 318 999891030
840 573 999774732
236 812 103145541
465 528 999741148
865 307 999746882
442 757 999889569
587 627 999956728
75 655 999790993
605 861 999946836
874 856 999706694
72 311 999618064
605 686 999606699
514 525 999553034
135 939 999598932
724 557 999600135
531 365 999825452
881 770 999960749
876 641 999664526
344 851 999986548
632 534 999739428
538 306 999960044
328 576 999596738
528 892 999667875
945 916 999954710
879 770 999989978
139 616 838157908
348 269 724174294
686 612 999604976
266 466 292924456
716 719 999827147
255 430 660303494
720 998 999842392
15 162 999801349
288 534 999558884
757 462 999802803
446 669 980067355
510 116 486572904
876 51 999878221
938 899 999732655
202 732 492533695
747 655 999693914
235 690 999649134
738 526 999906231
403 788 999681406
905 74 999655653
884 961 999975781
338 647 999739527
987 781 999709055
787 306 937435363
568 299 999863097
552 781 999793726
916 835 999750689
244 782 999737623
339 686 999829677
22 258 999549613
992 582 999609525
258 666 999848905
991 758 999931040
732 501 999734819
71 366 999579580
978 945 999806868
421 505 999647839
818 672 999982540
957 994 999957916
299 108 515772126
835 990 999866829
46 171 999986339
928 853 999898078
870 906 999650236
802 839 999937010
953 931 999849432
919 805 999939295
689 575 596810778
653 548 999618620
218 830 999936031
330 965 999588554
709 959 999602197
210 258 999811813
510 583 671408145
670 127 999980281
704 638 999740033
97 941 340115192
859 950 999701161
345 510 999556830
467 49 999625248
357 572 999650399
578 103 999928962
983 928 999676456
996 965 999617157
844 761 999888042
247 493 999582119
865 902 999753256
658 350 999776506
759 770 999597380
455 769 999620958
246 800 174553161
899 833 999562827
528 441 999863537
862 855 999893536
970 990 999582127
999 651 999656483
95 527 371783455
371 501 999703945
948 96 728816820
367 961 999849147
824 860 999833210
735 973 999700635
934 996 999885770
119 169 999764406
55 925 999870694
523 507 999855414
213 456 999920987
933 738 999840615
536 246 999709527
806 490 999949006
402 816 999690039
233 143 999865595
803 355 999653888
940 516 393266148
674 957 999670653
632 942 999672022
658 740 999790153
333 961 323019443
459 248 999942733
804 703 999603398
969 825 999895016
56 95 999730229
109 956 999579743
232 791 999623589
79 365 999756841
803 853 999779916
434 687 999814914
979 588 999593376
705 636 999798248
846 838 999600909
798 423 887259499
846 898 999563766
330 226 999698687
437 885 999920959
112 25 999614960
166 95 999720943
363 430 446383954
322 879 999683596
541 889 999942946
907 613 999605743
339 111 406045021
417 527 999888476
912 989 999903205
73 988 999621553
936 587 999546778
971 299 999589092
610 953 999976563
915 783 999943387
496 184 999601834
131 16 999948141
145 104 393953541
604 992 999683936
985 458 450737194
1000 993 999650850
594 387 437328895
438 113 999973312
755 676 999739809
97 496 999845424
722 861 999805345
937 984 999996455
320 984 999635038
330 57 403993066
208 582 999550239
481 153 999752290
690 393 999934113
13 702 999821729
672 895 999760237
980 961 999789677
576 571 999553896
652 844 999706800
961 637 999892275
699 981 999891726
910 939 999710626
969 1000 999625243
124 762 999787481
638 828 999987484
514 426 999705828
477 276 360493229
13 617 999963135
675 934 999663486
96 793 999885942
552 326 999675945
598 432 999650929
299 770 999643037
413 903 999780854
948 963 999919329
270 834 999936456
96 338 999658182
21 562 999884328
421 733 999699407
231 540 999755010
634 851 999806444
274 158 999805376
996 980 999872311
984 996 999856777
882 864 999758076
265 554 999883399
854 866 197169611
205 267 999607119
468 646 999607608
680 799 999862105
826 665 999559976
18 523 999599241
952 824 999602110
726 31 999932443
863 949 999883043
930 700 999882641
419 409 999977367
178 894 434863020
986 956 999912677
677 999 999815473
978 884 999661762
153 468 999927224
522 651 999662615
977 482 999937143
136 204 999597529
729 590 999761175
955 973 999689883
138 797 481970499
961 814 999933795
631 918 999668143
382 581 999873402
949 176 999889526
893 731 999605213
52 455 999944535
902 819 999992897
324 836 999954189
896 905 999942397
754 705 999708437
499 374 999966363
370 468 999954540
980 930 999738311
417 659 999743416
712 469 999565308
895 837 999575863
959 36 999796173
763 851 428273070
616 129 999898693
415 621 999718784
299 590 999723199
929 923 999856352
40 365 999871611
923 441 999655928
822 605 399931398
646 957 999949905
369 324 9174077
648 298 999549522
751 809 999689286
273 93 784077503
544 689 999617736
357 503 999990527
232 670 740453526
43 412 167777951
760 890 999837753
702 962 999912836
44 342 999802382
153 739 999594299
754 554 999901335
481 987 999825571
859 850 999953722
76 417 999835421
991 433 999680852
42 871 399931398
237 174 999834072
196 350 9174077
993 496 999890609
674 976 231357929
319 143 283330573
971 943 999835626
926 861 999611087
258 374 999831001
771 369 999602277
291 777 999717451
642 713 999782028
484 536 999939875
36 860 999713639
737 798 999580459
384 696 963137067
918 672 999820411
441 977 999690471
864 21 999729810
282 520 999580067
867 676 999719434
963 829 999822860
942 901 999699342
286 357 999791772
521 744 999615792
25 260 999685772
622 741 999890948
603 790 999558482
488 499 999734791
475 624 7960801
524 911 999986483
177 169 999911941
738 975 999882003
654 921 999659491
943 891 999561914
223 845 999711988
502 440 999898857
608 20 999723101
741 759 100344782
741 823 999575786
563 368 999547328
794 261 999690965
814 703 999652147
132 684 999855740
785 893 999768590
875 437 999908889
622 849 999872560
42 101 999654788
607 654 999943300
417 876 999976297
233 808 999936675
89 147 810563390
428 937 999763568
197 565 999757849
413 718 999988562
156 277 999807258
749 543 999825407
774 952 999720080
166 233 999570244
456 902 999688972
223 636 999616842
1 726 999969766
424 891 999728169
603 947 999831942
682 584 999704450
911 691 999798157
421 992 999587866
541 692 999982788
653 784 999674141
858 917 999942551
340 287 999939813
318 253 999774894
974 919 999855911
926 309 752500991
736 106 217347188
815 837 999790026
308 369 999633835
884 737 999595118
320 572 999816221
5 570 966501034
796 275 999740450
984 975 999677478
115 317 999825240
806 903 999815863
820 826 999996933
206 521 525498274
808 875 999745975
295 707 999974119
590 733 999787375
623 757 999863370
830 725 999722595
998 997 999567667
585 238 999897899
687 513 999684780
554 576 515746996
1000 979 999546017
685 747 999925695
968 628 999895783
495 558 999851406
858 467 999873908
169 89 999747601
694 105 999741103
819 824 999589782
1 32 999869367
62 272 999840787
986 759 999749550
716 819 999955256
811 398 999643929
112 95 558599484
823 632 80443105
695 68 999939487
805 819 999828830
941 890 999828887
387 699 999901800
373 570 999918843
488 569 999567941
871 925 999547505
907 308 999882244
528 53 999840580
193 779 999936539
295 285 999910448
728 592 999591117
762 872 999614838
804 772 999838440
757 580 999606346
840 908 999992141
206 163 618916874
898 123 999582812
824 351 999948392
650 852 999962629
745 872 999911985
873 954 999890839
989 334 432936589
992 996 999825981
409 691 386587371
329 338 999821282
431 983 332725992
896 880 999902494
990 994 999890932
639 811 103145541
45 803 999744412
720 114 999776984
193 327 999571503
938 616 999876659
349 711 999789652
965 929 999948915
541 38 999690290
972 963 999639172
160 461 552505676
909 736 999627025
618 354 800770774
809 941 460906077
362 791 386587371
832 852 614557017
946 975 999896852
534 224 999741341
983 795 999600347
253 713 999726425
757 992 999758979
515 560 999720379
679 860 698970896
163 872 999718228
673 524 999599331
669 124 999648092
456 111 999649651
701 786 999909816
966 844 999647202
826 956 999840697
880 925 999564210
12 165 999622884
292 359 999866746
976 919 999770863
955 929 999580162
773 760 999844936
481 12 305576259
871 811 999737337
953 978 999982394
563 893 999875998
726 932 999596651
996 834 999817300
904 301 966501034
810 526 999902140
728 738 161685072
744 893 999688962
947 658 999848403
531 489 999740832
964 751 999860380
949 148 999998678
207 609 999602927
808 693 999711115
905 731 999739681
277 326 999754196
967 925 999546457
116 39 999906840
494 427 999677016
534 643 999914654
898 954 999884727
948 327 999791825
975 999 999627776
956 896 999837624
95 896 999745801
78 807 999675254
689 948 999697674
745 986 999605763
378 446 999657722
718 696 968888875
730 466 999900147
633 812 534276223
714 1 999958881
558 450 999886188
644 508 999976343
960 112 999884264
326 618 992967523
15 741 792898737
654 192 999849280
178 65 999571846
1000 861 999821613
782 643 999657871
787 751 999779249
680 482 999801018
161 753 999802056
326 528 236993309
529 834 764714206
869 788 999756670
68 857 999740573
824 494 999772977
498 421 999578527
827 499 999672618
846 707 999974468
542 323 515772126
288 916 670355662
993 991 999672185
32 165 999729335
979 327 999833518
895 781 999830597
961 747 999881496
100 844 999946521
961 385 999851334
57 932 999725829
994 1000 999988020
664 1000 322655177
943 5 999860971
72 718 999565139
880 808 999927808
789 670 999759792
923 815 999623742
877 804 999668502
750 731 999996092
534 567 999729876
247 935 999847918
906 340 999692195
21 247 999598225
440 651 905057244
486 702 999760179
107 978 999733378
452 745 283330573
865 728 999981284
625 580 3895355
527 986 999829914
878 895 999734149
716 645 999904447
691 386 999825784
537 842 999964212
861 402 999887793
641 524 999814899
865 974 999938867
157 179 460906077
940 201 999686224
959 509 999897777
105 507 999995764
403 506 999720746
779 613 729975307
291 429 999833775
340 276 792704217
923 185 999835600
885 926 999842579
91 722 301824044
932 683 999607922
843 281 999549425
303 779 246843673
761 759 999961186
140 906 999935419
572 746 999668986
587 615 999737985
306 800 999953509
121 678 999716439
135 500 502035911
727 900 999721282
990 873 999861486
487 258 209602898
827 715 999692480
283 682 999994157
700 760 999978398
647 521 999876781
839 726 999862660
210 807 999689780
975 667 999676878
651 756 999674767
155 925 999571746
837 504 174553161
42 279 999677820
965 534 999934626
440 133 999952666
622 980 999913928
961 971 999910713
985 887 999774634
920 837 999937460
270 102 999926698
771 798 999811253
759 869 999838194
973 621 999808626
100 285 333684456
827 959 999551385
958 1000 999980028
992 988 999674952
989 789 999901740
767 469 999858003
783 154 999613884
186 546 961904200
770 577 999859846
618 113 752500991
164 340 999629381
46 320 999562825
876 506 81412473
726 811 999898233
466 628 999721921
333 998 999675035
43 232 999582750
987 469 999974197
199 850 849106877
989 174 999626469
698 920 999795140
855 893 999804634
872 275 999678871
322 808 999632406
962 252 999715000
129 917 999562918
446 179 6354229
493 944 999757633
949 483 999704601
414 903 999745671
505 2 999585312
786 924 840785214
124 446 999917705
358 530 999667262
152 670 999931512
122 896 999872782
977 946 999594445
917 611 460906077
548 965 999919765
535 956 999556568
715 404 999809380
859 849 999566938
233 995 999773528
997 985 999764187
295 487 731089401
221 233 999572583
682 717 999946458
26 598 999728122
311 417 488779025
876 724 999831865
659 89 999802450
999 980 999788604
564 846 999849977
821 68 999840596
829 870 999808538
492 795 999776892
371 706 999941106
131 177 999977001
973 661 999986229
773 748 515746996
951 956 999640483
119 363 151906677
967 696 999926025
723 773 999757463
126 251 999960381
532 439 999775363
834 492 999830898
967 829 999740957
452 621 999811533
584 604 999799716
999 988 999663975
747 941 999795474
747 757 999921350
751 941 999609740
961 292 999754199
393 468 999643628
607 944 999968200
572 904 386587371
988 370 999603264
881 394 999776898
358 197 999876096
328 338 685310446
742 674 999744473
912 901 999688983
1 754 596810778
373 661 999583695
473 77 704645305
853 414 661423722
60 903 999774205
690 147 999573805
849 902 999564923
265 972 999599490
881 134 999831647
947 941 999579201
336 349 999604140
63 966 669179082
609 857 930457237
735 986 999959602
924 971 999748434
761 952 999843757
148 658 999953451
318 705 999992539
781 180 999884611
370 669 999644505
229 668 209602898
705 848 999840652
181 801 113037021
644 306 567394428
10 310 599290031
27 105 999774176
929 441 999589667
498 177 999927846
569 687 999864736
964 998 999883388
986 812 999653256
748 299 999897048
974 904 999860936
858 428 999807022
172 748 616132590
623 200 999774183
625 81 810563390
877 879 999762795
994 996 999929501
362 831 221162638
82 347 999653031
806 937 999634112
862 23 810563390
173 32 999853098
250 246 999850252
961 610 999706593
139 932 999819972
581 867 999635632
774 879 704645305
63 483 999709691
587 900 999799630
878 615 999807083
928 581 999645961
695 958 999698402
412 259 999562489
237 576 999963136
828 730 999989453
773 940 999684669
795 519 999906441
956 316 999978135
694 936 163513370
75 300 999618732
672 847 999549839
830 323 999742111
452 450 552505676
886 451 999572248
996 993 999911500
22 479 999947619
816 768 999893913
297 311 999604495
945 983 999836198
567 100 999967946
953 858 999697098
610 274 999778968
982 838 999620330
745 990 999806547
994 800 999588176
21 500 999747717
916 910 999987935
870 836 999904425
830 891 999993049
8 105 588142932
640 761 999764770
684 330 999582994
9 338 999843354
723 585 9174077
34 557 515746996
67 115 999813027
350 520 999967845
898 205 70965131
870 963 999579590
994 992 999959213
723 972 999554412
618 707 999907344
450 593 999671228
963 919 999997315
463 293 999663330
945 867 999676444
997 96 999865975
501 900 999966501
118 37 99164485
411 697 999800794
207 570 999593585
14 866 999684657
825 839 680412715
182 290 999891915
715 806 999734847
359 584 118897715
468 237 479620920
268 779 382136541
825 707 999587414
643 861 999869376
652 884 999765962
71 257 999678144
746 764 999934054
581 849 999581755
340 825 999744732
612 651 999767806
304 126 999739966
922 868 999968587
841 883 999828528
1000 816 999953464
951 669 999678879
744 769 999566214
509 884 775527207
940 930 999558840
694 692 999981524
601 760 999589116
296 348 999755437
776 997 999817861
745 581 999924582
982 859 999975780
848 666 999624320
497 632 999781862
174 350 999844558
923 960 999613790
691 955 999789691
333 32 999622223
927 915 999678944
567 306 999600134
279 130 608810033
988 96 999899165
974 382 379640636
738 616 907270536
489 497 999606022
932 650 999747299
42 190 999817037
411 917 999901080
362 711 999822208
720 664 95869135
384 956 999690306
209 232 999746002
963 932 999776658
667 608 999940703
864 741 999750538
82 254 999724810
1000 826 999838601
815 778 999661198
264 126 999678625
543 656 999566257
510 829 999881459
941 899 999855253
961 934 999823289
165 199 999854579
731 938 999662967
654 162 757492405
917 740 999752802
936 208 419736435
966 800 999906485
702 696 999694660
355 419 999606665
621 628 999882126
827 812 999648249
266 779 688214232
65 316 999792716
900 111 999684426
870 971 999858221
858 881 949339216
398 550 641737459
704 880 103145541
905 964 999818938
168 800 999573680
627 686 999894894
472 605 999753359
754 889 999689659
630 547 999994341
321 824 999848025
828 8 103145541
846 282 999987560
29 214 999968805
147 794 304361850
93 1000 999811044
739 156 999585381
885 862 999718749
773 438 999884324
704 945 999702937
527 931 941109434
893 956 999611424
610 845 999742887
925 902 999963635
606 815 999578909
654 645 999936216
541 719 999705893
720 595 999591104
927 836 999755439
541 908 857291279
629 971 622735685
964 201 666127066
907 900 999911118
994 940 999838131
7 982 999685360
549 816 999698457
670 157 999755617
459 466 999708160
744 447 999976046
836 913 999588901
104 101 999649493
346 350 999590836
323 115 999834923
752 693 999614394
230 461 999913354
749 520 999791439
571 201 993363326
864 784 999953294
357 155 999654696
123 142 999875592
864 815 999925426
839 778 999784324
305 491 999921056
734 623 999774336
911 737 999628839
517 643 999828926
705 756 784077503
996 974 999928404
677 383 999942023
52 622 187913046
385 660 999633979
868 726 999624972
894 810 999785038
366 921 731089401
600 750 999792449
634 241 999582368
109 527 91878293
65 791 999609225
420 779 999965208
703 928 999877935
385 830 999739864
1000 986 999737094
756 949 999696525
644 301 999550154
936 831 999598280
249 930 802106538
94 594 597867106
876 779 999575895
848 778 999731488
427 354 999986644
114 108 999897489
646 453 999717563
74 198 814824767
353 917 854226306
673 469 999805054
919 785 999688945
613 137 999850980
932 994 999869039
100 851 999806629
938 16 999944416
545 528 999777813
167 334 999696384
262 980 999896863
949 146 999986444
795 615 999623864
401 689 999931800
215 2 999784562
995 290 999710076
783 975 999851805
263 638 999671685
282 168 999590934
362 200 999689065
912 908 999717491
585 699 999862338
531 549 999924931
260 471 999856225
461 680 999585467
541 145 999762563
772 935 999624827
830 929 327835719
301 64 814824767
472 999 999713353
92 499 849446639
558 524 80443105
699 592 999610044
356 149 999689911
401 927 616210503
358 729 999796368
694 741 170401903
701 451 999665532
139 173 184084022
620 833 999714987
200 736 999655046
273 887 999758915
14 854 999882311
557 260 999958346
350 923 999550740
997 994 999713203
400 915 316249760
90 23 999675824
198 604 999732139
938 995 999665296
990 705 999865882
843 239 999747719
759 640 999556295
376 3 999596573
888 384 999760047
888 509 999730470
861 826 999746594
110 148 999890893
488 345 999863850
236 820 999664172
995 997 999672122
123 603 999767765
826 242 999748837
39 49 999636105
787 701 999913167
971 594 999802075
804 807 999620259
891 805 999713465
792 9 999980996
975 479 999875961
636 904 999999820
879 996 999655406
737 949 999837725
904 330 999975125
323 88 999978862
308 101 999744388
204 628 597867106
626 938 999765870
830 945 999660917
859 938 999883781
908 938 999721652
934 995 999707147
879 788 999604982
384 96 999716696
920 722 999927521
658 987 999651311
351 596 999608992
932 800 999572380
799 553 261812414
207 793 999557728
995 981 999928767
895 227 921854002
272 630 541523126
845 737 999712781
23 267 930457237
980 389 999574671
117 321 999680684
699 420 999659087
893 665 999551366
744 305 999846357
898 619 999742812
801 804 999949316
887 557 999769890
278 717 999635812
153 31 999715011
556 818 999733450
133 259 999995985
882 156 999962839
967 763 999665837
745 851 999861224
856 913 999902919
956 410 999910683
463 53 735876155
95 506 999690022
913 977 999627880
120 480 999590607
939 745 999998257
398 408 999752125
915 951 999549272
378 128 999547153
907 656 999980191
33 303 999663122
129 203 999580937
743 443 999891225
883 874 999979469
282 33 999922892
885 200 999689765
902 807 999829059
39 14 660303494
38 723 999922007
522 608 2860891
847 77 999620461
341 287 595513685
596 588 999983038
281 215 846059839
247 572 360493229
460 107 999590105
929 124 999893840
748 33 999684652
568 452 999834971
544 903 999890405
464 867 999818660
715 701 999640956
958 523 999713637
956 546 999761620
262 349 999793925
954 598 999951015
14 840 999966199
624 896 999876147
975 340 148958128
945 980 999950373
940 951 999771157
520 665 999593103
912 986 999677454
877 947 999608134
926 868 999669195
920 736 999569027
514 303 999752642
679 1000 999716125
747 892 999827973
151 665 999603923
1 997 999629511
473 690 999814759
419 984 999851433
474 902 999753608
992 912 999693266
925 940 999800023
656 981 999926060
762 158 999562610
562 836 734900564
863 727 999720069
765 121 999619317
953 956 999615468
61 706 999606657
852 595 999946342
695 748 999821427
846 943 999678200
155 343 999859396
631 962 999935530
996 986 999682196
635 978 999914620
362 841 999899586
935 957 999864608
236 259 999851959
376 83 999593154
836 597 999915104
361 997 999694714
694 651 999695457
937 815 999987332
582 120 534276223
569 494 999880238
859 700 999746101
241 348 534276223
946 814 999562887
885 901 999669740
289 111 49754325
996 733 870236335
972 879 999982289
329 300 999856638
988 960 999867164
963 158 999582075
598 103 999904875
944 978 999696551
440 287 999775589
317 929 999967682
585 717 999554002
907 932 999847992
497 937 999562245
402 465 999740307
643 744 999690104
577 554 999649493
331 772 999941609
893 985 282538564
989 282 293286197
292 696 999865543
888 571 999850975
256 949 999876718
839 730 999584711
208 585 999651429
648 107 999826912
234 522 999766643
598 1 999610475
311 707 999964535
657 717 999613833
313 757 684768508
306 862 999548334
5 359 999883953
400 219 268472774
88 723 999941041
192 320 999601107
515 125 999741844
691 402 999600253
974 207 999914724
645 723 999977836
929 978 999776993
439 878 999969839
543 462 999719268
359 801 301824044
410 588 999589272
599 455 999741118
972 322 999614603
957 910 999857765
699 848 999571127
958 891 999888024
853 376 999660859
719 348 999667812
641 595 999741819
575 640 999956527
297 96 999688510
466 154 999735167
915 88 305272785
819 662 740453526
871 836 999896103
365 327 999987858
926 683 999982830
987 752 999914826
972 973 999724136
985 994 999964737
917 897 999814865
861 945 157555602
968 791 999785107
832 565 999735727
626 824 999840871
289 73 999873293
630 437 999679158
585 182 999676608
18 252 667461739
878 675 999954258
732 892 999603526
574 383 999784594
993 771 999832224
676 36 999797038
89 764 999966779
833 917 999697239
802 190 999939535
488 921 156494893
232 207 999718783
691 702 999704646
979 830 669179082
126 652 999891048
40 684 999982198
32 488 999993318
564 832 999930282
696 891 999786992
688 58 999591176
910 743 999821985
12 134 999927275
234 744 999944376
608 150 999550471
213 33 999832326
107 93 554918409
141 278 999965053
680 614 253536267
596 728 999795686
167 81 999823777
412 236 999805089
834 27 999733428
375 765 999836929
797 737 999961805
79 968 999708437
291 824 999987937
366 673 999788221
839 860 999961747
650 945 999993963
351 86 999891383
989 954 999587895
710 746 999868374
792 419 999837691
696 517 999768310
866 332 999945764
463 905 394665856
641 780 999642563
926 949 999970232
931 351 999780390
977 982 999562503
475 380 999674968
975 900 999851290
209 600 999754158
999 272 999587168
787 960 999802703
193 726 999721538
985 129 49754325
158 277 999910870
7 602 657282353
126 832 880506747
980 979 999576660
750 473 999709067
23 436 999638960
364 507 999565987
838 636 999779491
841 763 999627788
233 321 91878293
245 339 730863925
912 827 999735728
394 484 999718260
178 758 391096435
870 946 999941615
674 834 999618837
676 719 810563390
97 745 999674374
734 909 999996109
886 243 6354229
381 178 999908149
212 393 36229073
522 783 999936562
749 924 999697350
378 868 999923491
391 116 999873915
973 924 999703722
674 186 394665856
847 499 999675409
649 626 999842094
887 915 999910678
179 632 999745617
401 661 729975307
234 21 999618681
983 999 999854188
524 659 999977764
845 816 999607255
997 887 999955322
498 699 999632261
287 651 999683262
725 468 999750255
711 539 999792553
943 982 999600704
4 864 40425864
657 520 999688243
617 682 999910988
934 69 999873667
167 858 999802097
647 429 999761965
975 919 999676200
236 643 999774519
96 808 999788853
960 246 999924010
894 502 999970198
261 278 999871312
935 963 999896458
421 598 999772341
884 747 696314614
473 218 999622696
416 570 999655588
855 756 999566004
135 871 999724279
565 782 999755295
573 243 999570047
502 913 999952495
698 966 999545455
783 635 999890579
235 10 999991487
637 606 999583450
58 595 999693663
5 44 7583689
286 463 999953104
551 705 232716792
365 666 567394428
444 528 999862990
753 946 999735303
981 956 999877855
409 162 999788983
994 987 999736982
19 504 870236335
183 624 999865093
962 827 999712691
780 856 999853174
991 830 999825756
161 329 999586542
903 716 999976313
486 687 999971511
999 931 999606670
292 132 999726105
601 370 999707335
940 892 999756285
888 251 999592941
949 463 999590127
777 115 999648530
134 359 999855068
903 979 999780542
757 775 999570740
856 534 999750543
971 287 999750284
921 930 999984717
717 683 999806582
568 884 558599484
868 886 268472774
481 245 999766851
91 823 999606127
863 786 999577503
659 698 11484003
728 177 12870387
302 563 999991393
837 974 999914399
369 211 725529671
389 240 162008957
889 224 999788551
401 469 999976372
830 236 888393
932 690 999571438
621 486 999560477
494 50 999881074
983 443 999671465
344 765 999935410
75 44 999636502
860 908 999871323
61 976 999724814
443 921 999595961
940 977 999732372
858 683 999929348
473 767 999991008
142 39 999580060
539 287 999556512
964 464 497519568
557 875 999548938
442 986 999968397
128 248 999932408
878 503 999865851
732 18 999756161
468 110 999546356
461 18 999680040
911 893 999992537
617 323 769215980
610 666 999775923
583 753 999546937
293 779 999654306
621 885 84264646
838 824 999765305
968 980 999918532
149 663 525498274
867 626 999956792
778 979 999879485
786 341 999947553
663 479 999633712
856 957 999980716
902 74 999874663
607 982 999958738
977 861 999897570
916 993 999648183
779 915 999937199
368 599 999859523
164 882 999825642
671 739 999906236
338 873 999876250
954 899 999585760
820 845 999828717
576 192 999647083
435 638 999822923
971 550 999842298
923 31 370498001
154 284 999925363
641 456 999595567
956 997 999819097
536 539 654044001
399 979 999770808
739 960 999689703
766 825 118897715
532 934 999769645
714 575 999750751
988 957 999674784
836 392 999842095
724 370 999990793
166 526 58412354
265 100 999745407
791 812 999627055
278 402 999788213
942 968 999931817
614 923 999669371
159 698 999859556
979 990 999660660
475 973 999599534
728 98 999989463
556 68 999862383
798 417 999648306
879 785 999735434
412 799 999668249
277 744 456247771
840 205 161427538
146 756 999827914
995 999 999911749
581 614 999703826
316 480 641737459
361 650 999554923
394 307 999763252
571 781 999849474
111 368 999958848
422 482 999893895
450 630 999922865
356 561 999776286
974 496 999636266
369 205 999651270
713 469 999661862
420 615 999910210
578 955 999995446
362 449 999761727
974 953 999998478
799 545 999976874
421 960 999704791
524 59 867546978
357 346 999909377
266 975 999859916
136 414 999803516
299 844 999671890
935 490 323019443
33 727 208830858
557 955 999656504
900 659 999792979
208 859 999880386
601 78 999554396
998 994 999689838
916 396 999986234
110 128 999784022
987 431 999874491
936 914 999663831
8 292 999644800
776 741 999881682
957 391 999777827
800 180 999927631
1000 982 999990687
747 265 999574856
469 498 999805597
599 190 999724579
212 202 999962450
380 44 999809815
967 740 999734425
175 333 999928764
622 207 999743198
847 828 999623685
827 560 952009048
950 949 999597602
828 998 999569687
207 255 999589509
307 564 999813417
821 982 999988707
102 877 999927672
882 639 999724916
724 593 999697017
991 707 999792954
795 629 999679238
78 560 999552638
557 931 999618726
671 451 406045021
806 529 40425864
494 220 575057128
857 574 206411779
134 289 999595263
984 484 999769989
848 885 999646537
435 103 999660720
484 29 36229073
663 802 999581353
774 982 999562379
766 199 999994991
391 579 999929603
88 706 373909025
874 187 999627225
532 288 999644310
282 763 999667696
977 979 999730183
830 119 999868369
814 876 999902840
777 207 905057244
629 903 136886603
13 535 999890365
239 504 999779469
515 839 999839921
934 347 999905737
603 388 999927043
751 445 999598354
991 801 394665856
362 365 999569021
882 998 999961512
893 825 999989000
375 667 999545253
917 716 999963838
882 866 999625276
915 977 999806125
880 696 999994248
371 913 999857166
572 314 919760228
845 658 999563030
428 122 999628754
774 120 999613137
380 524 931513249
323 656 999910786
254 496 999782829
770 993 286845560
444 342 999926518
994 913 999712840
487 680 999865662
231 585 999900306
240 263 12870387
246 201 999552782
569 597 870236335
823 938 999719001
756 404 999658526
764 304 999609644
814 996 999748064
730 859 999778802
846 819 999889939
400 843 32151105
614 719 999770568
462 129 999900195
605 307 999587279
72 561 999794918
353 514 999788174
829 921 999931979
519 701 999743269
884 780 357336374
392 565 999796009
333 513 999674505
946 915 999750809
777 463 261812414
492 90 999935439
803 414 529527950
675 754 999777235
323 800 999548133
982 993 999991027
832 801 999620268
730 945 999603581
625 825 999856912
956 971 999722776
713 3 999633600
957 847 999783807
105 357 838157908
602 682 999788733
588 502 999997828
999 990 999948513
528 384 999766367
637 781 999944301
833 786 999635818
952 300 999922867
660 790 999597364
260 192 999567365
746 901 999924269
897 397 999937323
996 768 999929715
747 763 999738331
505 881 999782111
1000 995 999736882
940 638 999871935
746 180 999867881
626 714 999656611
725 767 999715662
380 875 999687608
638 885 999888047
555 48 999734011
762 648 802427022
652 944 999933295
947 912 999840999
816 954 999683675
549 466 177328777
598 685 999610342
407 893 999986488
972 379 999579898
655 528 999794444
548 228 208830858
807 897 999663420
947 924 999993787
781 840 999615294
38 492 999774441
926 929 999635430
788 693 999550657
842 971 999752891
178 598 999859564
553 985 999824840
313 340 999871208
926 478 999995786
424 317 999631863
327 666 999782591
851 471 61689557
667 335 999928267
529 153 999957361
981 988 999925477
701 975 999568560
293 904 999646741
721 730 999695435
21 301 999601845
905 795 999858421
648 878 999833880
419 195 999950685
407 847 999886208
651 631 999658861
5 701 999643649
490 626 999646782
946 219 999813263
337 475 999630168
244 68 999811900
946 681 999940839
829 549 999652500
769 814 999837757
617 942 999549193
808 634 999996460
969 965 999747777
317 175 999995474
937 995 999630232
64 950 999632137
266 520 999611584
508 830 999726647
614 764 999872225
23 77 688964820
573 257 999786386
959 801 999722210
148 375 999853821
417 472 596810778
164 582 999937551
248 88 802106538
855 792 999850400
874 999 999811178
818 917 999554491
922 965 999932134
73 314 999594283
676 550 999658983
532 832 67941609
408 95 379640636
909 624 999922912
995 987 999983068
694 924 999597103
50 473 999745556
391 492 293239222
849 933 999705165
735 553 614557017
973 564 999908911
768 952 999587276
758 671 999722556
459 441 999605926
682 760 999921244
472 462 999860060
861 982 999770206
779 768 999717653
792 697 999623930
545 930 999954902
620 539 999814679
630 207 999817113
571 511 999613826
827 722 999883438
612 431 999990790
384 397 999621952
416 401 367047909
943 781 999567914
229 308 999614719
567 274 999812891
270 746 999589728
864 857 999743128
902 970 999728518
318 990 999597750
596 764 999553639
662 772 999916761
723 794 999883966
957 920 999554030
834 537 999859914
904 807 999597264
502 5 110662367
657 406 999937835
74 974 999913854
374 419 479620920
826 873 999649272
523 335 608810033
924 817 999813341
61 269 999747205
906 390 999887016
638 65 136886603
52 956 999565309
623 303 999915891
94 310 999764638
548 595 999676155
213 233 999604271
404 639 999997153
988 740 999993408
324 484 999940400
683 276 597867106
789 755 999551469
708 860 999729066
202 903 999960778
853 937 999856647
687 751 999675305
750 297 999689448
134 417 999830850
783 318 999830242
866 846 999864580
652 810 999785631
678 115 999763498
998 980 999688611
26 238 399931398
864 957 999899235
542 958 7583689
903 887 999585812
836 974 999731036
893 787 999664544
816 778 999719596
419 575 999706185
804 15 999705214
379 704 999767772
794 373 999592043
360 175 999917945
439 205 874014265
201 493 999995524
690 564 999717313
110 158 999735333
527 964 999814158
875 850 999840108
712 677 980067355
869 858 999645798
826 575 999870013
969 907 999883780
204 801 999629270
482 852 999646571
524 779 999795187
428 314 999946525
684 869 999742650
584 362 999950631
673 343 642894415
339 425 999960618
111 133 999598291
893 235 999692080
700 290 999821815
721 939 999834414
708 570 999685988
978 529 999834242
486 793 999831647
657 688 999575280
571 447 999602973
849 187 437328895
575 581 999877581
443 578 999927932
95 721 999817326
541 918 999794087
389 416 999838374
906 952 999736120
663 83 999997822
669 717 999814596
818 194 187045589
845 830 999664062
24 514 738878202
904 775 999874215
558 911 999828395
408 367 999795840
28 502 999878863
946 704 999628370
783 900 999579814
142 755 999940284
925 524 999863885
837 338 999555964
865 338 999638992
806 892 999794251
557 772 999818488
441 832 999809463
377 330 999752395
687 215 89245262
666 164 999783601
805 13 800770774
876 122 666127066
141 190 926074594
665 391 179429948
967 398 999719106
415 167 999937769
663 817 999666098
399 964 999545350
11 108 999843536
826 73 999618151
454 433 999589335
654 350 999835694
964 723 999575044
4 15 999624828
511 640 999972050
809 884 999996557
621 174 999648041
398 569 999900175
34 45 999837714
878 764 999872226
473 847 999884680
799 552 999724498
61 36 999632655
972 663 999801979
697 997 999746668
171 451 999629770
823 571 999723235
802 887 999588585
103 799 999912956
485 973 999613560
795 599 999746475
664 361 999572805
580 643 999767437
519 722 999834254
781 609 999883994
599 993 999715819
720 937 999810804
581 989 999889900
912 885 999576059
994 928 999610405
968 934 999568685
677 486 999727555
927 536 999563875
272 915 999761542
812 292 999968365
815 895 999964157
770 464 999891153
661 794 999772552
565 898 999882330
163 271 999548039
785 748 999566611
836 430 999649903
540 879 999686418
845 963 999960295
554 908 999665967
674 446 999870381
704 396 999587843
714 278 999616879
999 168 879679382
963 867 999880626
765 126 992967523
198 522 999771631
232 309 961049872
771 796 999927096
859 21 999974513
634 686 999889216
448 645 999671485
561 482 323019443
962 949 999956144
773 608 999603963
991 992 999619061
301 47 999922332
896 991 999645341
960 873 999922070
695 529 999777560
743 950 999598196
957 1000 999565310
175 605 525498274
217 920 999717109
852 936 999909712
610 829 999888931
658 587 999914632
98 650 999997812
971 953 999643136
954 655 862776964
132 688 999955116
913 887 98666361
747 995 999744726
256 812 999583875
742 316 541523126
839 880 999983113
412 442 82816771
860 547 2860891
608 28 999795534
304 290 322278821
215 291 999778372
442 430 999868058
270 540 999750619
629 686 999684365
781 361 999835131
1000 829 999679133
789 212 999903521
991 375 999632945
489 136 999606495
548 813 999576582
469 306 999937076
841 267 999937650
729 756 488779025
443 122 999684359
991 994 999689309
664 857 999891530
837 44 999643769
977 960 999608913
797 747 999587336
558 644 999968592
618 601 999994122
884 913 999791679
326 652 999713836
724 659 999841563
886 882 999561071
935 925 575057128
883 769 999979961
522 305 999678418
330 741 999965202
457 299 67941609
956 944 999658745
874 306 999578692
336 579 999822721
498 922 999749348
553 714 999745429
941 377 908128509
820 869 268472774
859 836 999548079
359 273 999553905
874 657 999749502
75 551 999768260
793 499 999717005
2 602 999628559
955 769 888393
727 702 999586534
600 875 999715888
693 805 999864369
951 987 999819245
926 752 999923647
36 981 999768442
996 998 999964243
877 926 999595649
981 276 999611514
784 942 999860255
466 449 999845678
271 363 999622585
739 492 999822968
226 819 999675929
974 935 999846967
400 736 999821035
258 613 479620920
689 999 999667221
461 980 999712212
34 811 999833429
54 435 211093799
831 199 999638696
427 985 380779562
406 712 999871060
790 309 999673580
919 984 999663101
391 867 999826156
654 582 999591718
302 134 999922757
339 678 999808226
960 980 999676657
696 361 999958198
329 275 999627443
916 784 999600331
925 10 999842393
209 405 999652462
982 281 999967228
88 74 999706707
528 603 999796535
633 588 999880159
115 426 999842039
647 258 999654207
143 454 993363326
253 52 999973331
889 799 686516918
232 350 700559504
924 949 999864197
451 370 82852163
270 408 999842587
780 723 999950070
736 697 999823435
329 57 999783880
966 965 999827528
545 585 999990455
432 646 999781535
823 660 999673343
823 926 999917497
83 556 999688351
531 957 999852081
404 769 999959227
173 592 999722508
258 734 708563362
619 504 999638759
218 91 999641548
305 486 614557017
677 509 999757263
366 272 999939135
556 886 999881604
972 464 999786979
789 712 999829421
979 11 999545432
372 574 999644936
838 14 999929662
946 766 999859597
941 632 999981433
884 758 999733306
495 484 340115192
735 523 999961586
507 779 999581584
443 347 999888617
539 153 999882352
605 680 999976574
529 905 999579468
188 324 999834420
977 589 999645519
864 689 999709051
856 936 999706940
757 693 999980323
344 411 999696789
666 213 999563726
940 692 999664804
836 394 999937941
568 390 999659332
674 783 999812517
539 612 999821791
996 999 999774224
960 692 999780836
186 792 124852804
180 214 999831311
325 753 999633498
921 884 999874156
898 930 999580529
328 845 961941354
898 779 999756223
150 761 999957894
464 7 999834213
82 925 999710396
904 958 999858659
615 727 999832321
385 826 999905590
747 278 999964344
759 688 999759505
343 152 999711298
386 953 757492405
756 17 999603716
8 656 966501034
951 976 999820174
240 547 999627245
901 700 961941354
42 81 999712140
498 574 999923745
901 978 999622397
178 194 999809212
662 742 999764665
969 921 999740377
373 466 999751538
532 540 999973573
786 935 999737835
839 360 554918409
813 881 38881896
940 938 999833012
654 179 999778206
161 293 875244370
966 946 999741954
721 682 999760766
610 494 999701922
944 529 999807955
855 998 999983638
588 648 261812414
695 730 391859848
223 894 999850123
637 50 188136734
764 713 999849581
48 997 999737942
603 301 61689557
706 681 999593662
967 851 788116043
998 210 20820078
869 789 999971642
811 813 999549541
552 361 999903862
881 625 999801069
40 389 999926385
963 847 999981402
320 827 999826021
931 219 999755958
746 278 999592223
688 754 999963173
976 864 214741614
859 639 999732505
177 385 999957652
879 745 999686683
622 406 999827719
128 428 293012393
251 644 999791036
716 743 999603472
802 694 999731122
879 529 999759540
400 384 999657341
845 855 999865487
968 977 999801907
886 671 999716858
885 724 999546054
702 653 880506747
141 115 999573715
846 702 999955641
960 774 999949585
755 539 999609243
997 865 999664870
835 823 999774337
462 995 91546909
967 837 999665770
562 227 999880756
564 101 999545712
418 698 999852837
422 996 999581911
604 323 999710725
347 364 999878940
783 437 374106224
481 865 657282353
