1000 5000 999999991
994 517 311358124
571 835 359366553
141 296 885150285
479 467 647184272
676 617 116103480
410 616 410987119
15 956 685032061
723 927 719042948
266 350 202869953
714 905 324899192
215 12 587601398
143 562 956016876
696 552 751729150
346 167 376460190
876 765 766255320
657 316 579766857
331 658 401668603
572 264 284696506
527 264 316314744
411 30 70527990
10 904 353051583
660 167 404028234
902 716 636014256
462 915 410987119
652 280 401668603
1000 959 808638481
831 769 14742181
918 955 937253879
805 132 263076362
387 545 13787509
33 492 823898146
737 156 466597291
984 384 161259591
854 156 448378390
597 449 591141244
901 595 103756014
991 777 557181857
682 8 622693106
894 702 651487388
338 863 710052217
465 218 737198265
205 66 958973208
343 233 284696506
585 940 579766857
428 647 135287855
341 660 506826518
699 773 803001482
334 39 361005470
258 761 87940903
654 27 502416658
764 609 975472616
585 618 773602656
306 42 300540755
402 762 968285069
349 206 83267909
486 634 935194880
18 523 467052504
559 83 781919814
61 687 804296366
583 741 982781911
687 753 847283882
988 64 46387822
201 81 178759840
639 46 350419554
627 423 13203705
60 589 797455379
388 874 773602656
303 368 992233927
151 127 350419554
493 498 69243667
996 231 780270212
561 380 508607894
642 522 227947314
275 286 923138627
533 353 473539342
552 349 820425619
490 682 983287853
669 943 535224417
396 573 346333510
253 718 235442727
518 34 432854185
330 121 401668603
211 331 703604464
311 915 637564626
224 214 232369928
122 871 326218442
375 683 365332376
404 384 318755442
558 227 496724412
88 642 378844872
145 673 368520510
960 700 843501736
209 943 824443269
619 516 949739755
709 199 634743255
655 285 781919814
336 99 958973208
21 949 466597291
608 613 555820515
129 419 823898146
983 851 799404886
152 703 671204602
570 963 746016310
63 518 7937751
26 357 316314744
417 386 626167077
797 528 634743255
275 548 25702975
13 584 227886351
880 340 346173823
716 125 178759840
103 892 710896183
132 608 496724412
570 800 820425619
925 59 820425619
153 227 156149090
418 183 878000050
526 49 368071966
891 57 840615411
63 659 682450657
268 72 565811254
473 884 385022565
227 572 361005470
333 258 651487388
445 399 878756002
90 743 239942696
332 303 875081722
289 957 534432556
171 239 249581178
661 991 119420614
321 707 664390933
500 646 328954196
436 393 284954423
360 436 300295672
324 316 667014399
921 342 934340156
958 711 626167077
556 971 544367526
975 777 171588194
866 3 156591673
776 445 493983745
530 100 974437047
813 54 937684812
267 722 415155754
738 822 587983062
405 314 44955575
344 514 980431452
201 375 937253879
676 678 371916512
710 698 66360788
857 77 502416658
243 484 802718109
62 188 741861512
872 151 917539185
270 755 239942696
967 101 7312630
887 111 580160573
326 499 920476377
865 317 596201121
812 590 651487388
126 140 371528080
536 50 560349639
889 41 328694902
357 679 37464268
354 145 956016876
531 70 986580095
463 459 797670339
783 756 548527824
202 234 206699442
617 26 846800604
581 68 937253879
915 927 607585908
687 273 168018751
231 978 361005470
193 488 398820533
914 879 66360788
447 518 899823439
226 145 682450657
936 851 725457324
855 297 487139716
266 991 147227680
300 384 923138627
171 161 682450657
735 860 206699442
472 354 324399810
6 563 557181857
724 755 493980031
520 852 378313407
262 693 983998200
502 478 300295672
402 520 597773228
399 394 227688965
935 301 328694902
15 144 411971319
185 289 717948987
403 270 324899192
444 894 919650153
110 582 473960145
131 230 73057183
103 253 205481134
170 807 766475405
925 756 284696506
312 684 376815212
150 928 618508622
160 974 557659305
975 529 130352912
353 380 177188209
395 296 819209974
293 553 933980426
507 339 62088812
540 586 732473243
287 905 667014399
150 302 328694902
502 833 68591561
499 572 269617088
574 684 797670339
157 903 618508622
703 320 743840827
861 842 346173823
663 347 644439141
873 813 250393025
253 43 423785639
145 424 803001482
991 642 444611940
631 76 31373487
496 606 37464268
310 429 931059924
614 844 970081360
53 884 772290719
964 809 658118202
863 912 235442727
70 295 917539185
826 292 13289100
652 163 846800604
685 970 428569043
376 119 493983745
171 727 986580095
943 278 797670339
285 774 840615411
366 411 371916512
504 538 809916057
427 756 597281931
865 808 766255320
78 398 156591673
81 946 790623356
509 685 591309922
791 592 847625345
335 766 9203075
666 32 533145077
117 101 664518316
454 304 225665855
495 255 13203705
632 265 914475266
530 157 725457324
352 626 328954196
999 694 996551562
89 379 845834516
202 310 696024533
713 662 931059924
359 192 736453725
460 680 802718109
416 497 135120768
162 593 799404886
866 671 227886351
598 687 503120603
334 874 310406096
725 981 734253392
175 365 613915529
232 664 985077592
45 649 981251050
498 780 473960145
648 226 597281931
119 396 395960442
508 528 130352912
643 235 813642206
954 653 376460190
272 215 597281931
578 926 982781911
842 269 164065598
461 166 801432399
616 273 166216139
397 311 920221867
208 48 70527990
585 406 937684812
422 357 12125285
897 687 297956529
204 811 346173823
167 218 16527001
190 479 852021424
535 233 503710831
392 569 356931745
996 256 225665855
934 962 466597291
496 491 235626521
194 160 905219579
853 670 328954196
274 507 168018751
294 132 981251050
802 511 595651184
450 964 467559920
189 175 464188463
344 418 346333510
68 586 328694902
57 54 326802675
790 58 861582840
994 279 810893951
961 455 927309088
813 832 534740110
842 672 286244348
584 825 454406510
237 20 353709292
73 178 119420614
67 101 374590673
135 831 528137339
724 875 369046081
826 267 398820533
710 707 647184272
476 39 646691677
535 595 808162797
359 497 66360788
204 297 719042948
119 377 393954218
453 280 612314676
102 503 526873843
31 86 901380122
207 695 726765399
685 263 96142019
377 513 316887417
938 489 410987119
967 780 638548568
674 795 454406510
685 931 318755442
164 4 619612735
408 129 597773228
701 153 226483259
835 137 493983745
877 313 371528080
316 741 935194880
54 851 311358124
639 411 983998200
226 212 385022565
623 970 156591673
563 820 135287855
796 297 879652082
828 89 450666474
27 897 644439141
195 552 81554863
829 993 87940903
10 440 444611940
546 938 944490417
940 909 964804681
222 263 618381019
861 438 616124218
773 438 93769164
224 746 156591673
91 499 597773228
273 523 974437047
960 965 16527001
301 287 934340156
110 176 83671045
580 506 226312078
275 547 388721758
669 718 487139716
554 914 16527001
544 689 664518316
473 907 401668603
398 948 731302522
364 293 87940903
431 839 743840827
458 331 378844872
449 401 326802675
141 771 487139716
309 446 914236767
720 178 201818004
777 705 540834151
555 680 418541695
63 113 228796076
103 56 541433635
34 827 843832025
865 903 541433635
268 490 269617088
590 800 597281931
629 236 14163571
159 340 837507422
367 101 619612735
17 280 947615650
639 229 804296366
370 338 725281585
87 892 359366553
632 956 745482637
400 162 765435863
11 840 220281192
743 790 840615411
898 429 942426300
235 391 454432646
328 678 806916251
807 599 201918672
584 639 511638988
567 107 226312078
778 984 717774766
460 335 499233688
986 357 689242930
221 943 356931745
424 567 35194289
969 998 462321879
750 342 224515753
955 542 487699347
558 322 540834151
210 914 806916251
662 194 35194289
516 193 260795969
4 120 750021400
343 281 166216139
539 362 722243793
960 139 222517666
790 772 497304861
465 14 933980426
273 596 685032061
951 191 875081722
155 625 148812575
830 802 203753074
457 224 365332376
854 501 968285069
695 527 227886351
461 942 890747527
357 352 269617088
259 441 719042948
464 569 686619309
768 348 148812575
227 237 138768663
662 88 651487388
803 150 148958166
670 114 67401630
385 282 746016310
23 180 806916251
847 510 226312078
438 157 188816381
104 307 726765399
911 446 318755442
866 399 788872287
115 114 46387822
810 743 369797911
895 5 62088812
732 15 984439299
895 752 801432399
979 748 46387822
534 523 927365562
752 749 557181857
641 692 4442405
608 860 503710831
759 687 906737704
397 241 964804681
919 550 3987193
650 943 596201121
239 816 966696712
826 432 222517666
537 941 161259591
632 451 992386976
784 323 368520510
644 397 612314676
31 851 861582840
281 288 328694902
747 440 729963274
119 998 665902957
663 628 359366553
327 306 937253879
300 681 665902957
518 497 839048676
201 448 824443269
412 670 781919814
215 52 682450657
956 196 947615650
888 351 696024533
698 319 746016310
562 994 710052217
976 882 910844404
165 655 81554863
110 856 710896183
318 882 959749430
468 139 250393025
594 719 226312078
100 363 120916092
249 597 138768663
92 202 356931745
763 791 710052217
330 433 526873843
864 558 861582840
134 203 299118541
978 60 646691677
106 688 595542187
551 842 586307735
734 946 595642503
729 410 980431452
830 873 228796076
665 54 511638988
121 432 506826518
282 466 788872287
108 199 647184272
921 567 251122088
277 553 534432556
308 907 878756002
821 900 534432556
807 372 63296129
731 751 462321879
155 843 844705189
630 531 316887417
838 480 626167077
933 651 739755005
172 268 944490417
554 74 534432556
595 178 539156373
926 664 9203075
821 960 634743255
209 248 508607894
734 568 958973208
116 269 969981014
232 649 310406096
861 442 297956529
883 148 901192305
502 627 148958166
18 733 250393025
266 425 39832343
303 614 415437188
435 16 726765399
156 966 243109606
137 757 917688757
266 105 843501736
382 169 865756253
337 549 102778105
871 274 806358942
112 745 906737704
409 487 974437047
745 318 732473243
255 361 574794140
870 287 274243979
728 684 980431452
549 136 83671045
532 594 345191340
504 988 810893951
487 240 797455379
931 202 328407333
490 154 224515753
21 374 983287853
707 690 31373487
391 274 541433635
426 621 116103480
914 505 820425619
98 371 69243667
96 475 533145077
471 55 44955575
990 75 499233688
318 186 232369928
312 707 790939690
615 675 342200049
991 997 737198265
923 620 398820533
338 145 67401630
968 41 419937283
142 880 180503257
260 34 171588194
287 90 385022565
536 787 773602656
915 762 464188463
173 500 235626521
972 225 942426300
675 342 968285069
665 444 18354938
187 381 809916057
939 748 439388642
243 155 613915529
205 470 359366553
851 76 949739755
436 859 991655702
984 275 300540755
243 971 135229383
553 835 196883848
888 849 944490417
717 231 493980031
628 914 450666474
737 885 37464268
179 182 745482637
629 449 73417720
763 153 120916092
431 600 726998336
397 594 92107517
373 957 727414342
441 392 444611940
371 959 205481134
254 171 725457324
345 502 535224417
253 340 641470987
823 611 890747527
854 822 239942696
348 380 138768663
977 706 410987119
367 346 326802675
686 289 717774766
78 730 176344550
736 129 736453725
858 75 586307735
507 990 746016310
37 571 984439299
219 183 596685425
99 865 964804681
991 122 586307735
204 764 130352912
150 93 3987193
324 893 491561852
968 601 996551562
973 779 852021424
590 785 667014399
495 789 153715249
24 955 840615411
841 775 591309922
82 721 185420991
556 781 370064492
124 636 116103480
656 330 535224417
985 130 502416658
801 890 400852835
421 797 845834516
243 966 243109606
434 85 326802675
977 756 16527001
487 455 559106393
557 230 780336998
471 359 790939690
465 577 610721038
942 215 878756002
98 804 618019927
644 95 173143269
78 149 393954218
3 698 845834516
150 231 647184272
942 70 300540755
226 845 803001482
64 955 785112814
916 889 484968433
345 744 435532687
998 697 138768663
851 931 274243979
802 65 13787509
999 346 533145077
579 946 911291142
304 386 156591673
751 440 899823439
526 881 44955575
389 853 847625345
100 208 636014256
138 979 112275346
94 150 586307735
399 556 587080078
35 942 970081360
6 44 530298689
684 624 618381019
571 910 580160573
817 830 596685425
329 588 813642206
709 262 67401630
646 480 226483259
962 548 66360788
83 948 326218442
223 697 46387822
185 930 790623356
362 58 223773353
493 220 184104813
801 633 205436303
990 7 959749430
99 606 984439299
779 6 420740308
542 431 398820533
259 77 879652082
477 157 206699442
824 812 87698770
378 33 13289100
763 652 846800604
714 793 203753074
620 637 847555082
243 250 844705189
53 293 4442405
345 860 13289100
304 618 226312078
866 593 580160573
929 150 171588194
677 521 120916092
244 543 328407333
572 133 260795969
405 580 920476377
656 456 845834516
231 257 772290719
461 131 667014399
919 413 595642503
90 712 439388642
8 284 288030036
833 826 14163571
932 392 573304286
823 217 919650153
16 648 610284793
82 147 852021424
919 717 288840248
805 174 444611940
240 715 847555082
716 482 906737704
783 282 503120603
974 32 370064492
157 641 717774766
823 929 675590814
826 140 87698770
992 353 249581178
122 242 618508622
726 756 992233927
882 635 398820533
924 424 324399810
920 485 900078975
10 475 433924267
953 689 781919814
801 800 5467330
187 588 297956529
599 99 503710831
994 152 773192981
527 200 612314676
716 982 68591561
269 119 984439299
159 121 331944310
756 946 324899192
119 371 949739755
213 359 734253392
506 145 166216139
754 569 500099396
798 705 828950459
96 605 930621069
742 599 400852835
963 489 560349639
408 179 894006313
762 514 806916251
152 302 612314676
444 106 274243979
293 789 135611734
381 79 595542187
834 88 637564626
412 243 846800604
74 831 533145077
181 878 164065598
575 340 412578824
437 628 802718109
7 124 580160573
627 788 840615411
76 254 539156373
321 867 742770870
177 699 418541695
411 327 427543801
384 787 949739755
500 620 5117351
549 603 587601398
358 26 729963274
893 129 135287855
123 97 264760234
582 479 337790258
817 544 591277932
180 913 878756002
837 374 283591599
525 183 671204602
526 979 112275346
587 386 176344550
806 726 7937751
28 424 353709292
200 392 579766857
612 296 226483259
512 706 607585908
523 645 284696506
960 252 361005470
168 63 7312630
1000 760 120916092
72 819 378844872
457 621 135287855
9 270 840615411
389 483 401668603
84 120 57007804
47 671 156149090
457 465 473539342
741 947 171588194
304 591 530298689
552 564 14163571
708 129 637564626
937 525 743840827
996 565 299118541
850 175 148958166
840 562 526317501
275 896 982781911
995 716 419937283
264 761 727414342
764 305 112275346
250 82 448375449
624 606 185420991
472 872 944490417
510 942 526317501
709 384 843501736
135 124 564687812
848 720 739755005
388 546 992386976
818 31 223762532
984 482 310382164
904 985 260795969
862 786 225665855
684 503 736453725
303 917 970081360
913 849 73417720
315 515 235442727
73 324 497304861
268 814 906737704
486 566 596201121
700 864 353051583
765 528 594409825
290 753 324899192
495 374 612314676
627 980 70527990
54 704 610721038
944 777 223762532
495 637 557659305
291 926 813541234
660 70 564687812
193 429 565811254
647 665 63296129
792 157 742770870
492 616 73057183
951 27 189963496
240 103 188816381
36 421 283591599
752 267 311358124
815 323 610721038
253 733 661936676
128 723 845834516
759 460 955400577
588 430 277419683
71 197 201818004
443 732 299118541
953 19 710896183
94 420 878756002
274 509 12125285
943 889 734253392
470 534 454406510
964 364 462321879
908 13 284696506
293 306 5117351
810 248 636014256
724 576 959749430
173 325 696997668
640 353 310382164
539 541 905272849
508 10 959749430
372 560 3987193
582 268 148958166
841 39 727414342
192 231 46387822
303 948 491561852
543 813 910895715
385 469 171588194
121 51 83267909
999 85 404028234
783 452 147227680
467 303 176344550
411 485 595642503
86 658 284696506
449 586 83267909
642 387 502416658
691 203 610284793
383 796 465035969
467 118 300540755
247 71 843832025
525 283 260795969
49 29 745273418
6 436 359366553
307 301 465666960
231 638 992386976
271 534 901380122
289 245 847555082
1 390 398056480
674 651 166216139
516 164 16527001
382 650 540834151
869 96 996551562
369 254 875081722
918 69 790623356
184 675 803001482
85 236 847555082
43 930 444611940
732 137 403798455
274 722 224515753
378 225 31373487
62 512 398820533
486 569 205481134
610 460 342200049
349 473 465666960
216 406 682450657
38 533 923138627
547 549 343380036
898 796 433924267
80 742 587080078
324 758 283591599
246 543 982781911
281 568 641590137
952 504 328954196
301 886 992233927
639 209 647184272
519 434 370064492
607 202 903435288
414 261 303914354
648 836 235442727
533 487 299118541
135 356 376460190
676 386 846800604
620 941 920476377
763 40 454406510
274 981 914701376
189 146 991655702
474 353 201818004
71 854 316887417
34 847 528137339
906 48 226483259
829 905 92107517
739 495 286244348
794 408 168018751
165 941 847625345
990 587 618508622
446 686 616582069
667 724 148958166
459 442 685032061
736 883 970081360
854 877 326802675
431 669 845881416
459 604 823898146
573 489 717948987
42 481 25702975
461 989 528137339
355 39 228796076
187 507 555820515
740 983 96142019
324 954 894238279
796 922 657577383
887 793 823898146
915 130 316887417
622 487 780336998
602 296 618508622
915 579 79132121
851 649 665902957
407 851 439388642
556 415 595542187
888 635 464188463
498 828 243109606
668 251 249581178
905 181 83267909
612 694 656149554
123 441 484968433
958 209 616124218
203 444 261718603
886 153 847625345
181 770 920221867
546 862 465035969
166 253 534740110
276 440 411971319
298 705 634743255
444 846 844705189
300 483 415155754
439 990 905219579
820 842 249581178
158 86 368322468
22 409 187826746
345 238 222517666
719 987 185420991
767 922 189963496
720 668 398056480
487 682 846800604
628 524 716413273
533 815 890747527
16 765 346173823
183 112 185420991
42 299 454406510
589 2 467559920
796 261 992233927
494 709 790623356
313 945 810893951
868 182 555820515
551 799 263076362
734 228 96142019
516 521 618019927
546 683 651487388
696 515 537344391
782 477 135120768
191 850 25702975
919 875 176344550
1 143 580799638
62 434 894006313
899 447 944490417
287 25 503525067
950 679 102491885
226 198 845881416
460 109 905272849
882 49 147227680
674 942 102491885
968 600 999982740
688 487 999971243
929 161 999888919
99 1000 999922747
310 273 999864775
698 997 999867990
794 615 999903850
150 419 999888777
175 891 184104813
291 915 999913844
661 572 999878616
849 779 999969967
559 629 766901098
556 522 999933865
8 151 999844514
790 792 999949809
890 576 999957903
457 617 999911203
908 704 935194880
308 188 999971072
731 179 999938303
779 266 999956200
36 594 199971133
988 979 999855421
837 575 999793519
629 791 999930929
925 893 999984448
432 442 999898681
533 897 999813907
49 655 999977133
791 682 999881106
641 672 999868368
943 790 999891454
764 684 930621069
405 429 999868772
940 943 999910049
839 731 999942746
124 963 885150285
417 134 999976815
728 991 999864763
739 566 999869721
831 932 999959970
889 953 999869351
462 858 999803764
780 928 999867325
255 485 999928529
706 796 161259591
389 368 999822454
796 788 999994673
997 796 999845312
884 980 999877303
1000 883 999889956
387 961 999920435
901 314 310382164
871 896 999895398
648 726 999992417
903 299 999869702
971 239 999945261
298 188 999911802
747 941 999905746
532 837 534740110
906 730 999862289
181 375 999983747
572 480 171588194
341 24 808638481
840 847 999963644
915 705 999799594
212 398 927365562
39 866 999820022
868 715 999925869
46 796 999891732
907 518 999857113
456 778 905219579
819 553 999965533
943 771 999811943
936 688 999810382
150 855 745482637
509 968 999961461
205 763 999916219
876 997 148812575
396 875 999923618
1000 995 999971177
741 157 999817430
343 848 999904596
815 335 324399810
871 960 999864148
989 988 999943249
728 817 999795243
963 877 999851304
428 810 999869045
721 632 999926744
950 762 999943291
255 942 999950923
312 723 999904647
713 57 999849256
929 577 135120768
128 87 999828824
586 108 999880920
726 762 999837284
893 440 942426300
273 81 813642206
893 764 999940506
871 450 717948987
483 480 999800893
654 96 999827396
723 238 999937532
985 973 999977849
807 890 999798582
673 601 999952514
741 609 999866699
540 866 227947314
975 61 999906001
148 476 999836538
928 923 999937063
263 14 985077592
948 988 999801344
730 621 999966035
761 53 999874013
599 667 999934834
178 163 999924940
604 416 999926759
909 948 999936761
144 254 999947431
10 839 999934751
316 29 999941085
674 127 999887963
545 792 999835841
93 530 999851749
130 807 999856301
392 181 999926046
68 676 62088812
276 166 999841713
445 564 999810296
632 498 999893306
494 403 999937624
393 300 999852710
56 347 467559920
909 944 999942024
889 805 999915829
428 471 725281585
925 910 999913727
958 947 999901700
368 580 964804681
748 291 999826502
730 713 999931582
981 867 999980863
399 989 999938842
806 295 999814952
716 709 999818011
870 729 999933437
866 142 580799638
694 132 999939671
828 492 894006313
403 780 999825483
367 606 999977574
977 577 999935707
777 722 999949203
536 337 999932839
495 799 999953453
663 740 999912960
111 508 369046081
484 782 999971613
886 992 999886654
412 668 999803019
345 981 999986623
459 177 999875576
678 523 999979883
971 565 999812136
92 446 999995611
867 814 999834030
710 669 999927815
27 625 616124218
390 178 731302522
979 981 999797612
445 81 999990985
766 675 999826155
352 659 852021424
613 42 999925820
138 857 999814420
443 20 999865610
306 363 70527990
592 654 999856504
636 479 156591673
508 876 999907949
449 788 999883959
333 225 203753074
82 495 999797502
32 478 999979521
561 121 999878087
693 227 638548568
947 587 999865268
448 785 999880524
254 994 999890143
432 46 368322468
119 492 999870824
23 507 999982229
988 909 999954215
747 934 999957720
867 519 999966685
661 744 999864661
370 194 185244272
912 987 999814519
955 913 999845618
766 736 999894906
21 388 999845250
909 696 999847462
37 872 999953940
14 664 999993231
681 157 878000050
750 904 999914562
912 232 999826056
715 371 668576313
394 804 4442405
624 402 999925653
68 430 999992835
455 39 999938958
380 491 502416658
933 569 171588194
834 693 999919546
404 596 999940363
356 572 999851473
933 971 999846316
289 856 999977468
397 628 999872350
109 885 719042948
447 84 999947367
420 87 618019927
644 415 618508622
918 426 367671228
742 579 999857021
883 57 360500490
414 313 999801292
105 680 999916780
611 857 999901433
127 798 999990121
860 913 999978249
927 784 999820923
69 413 999964317
578 983 999973782
949 992 999993978
675 692 999946406
755 854 999847300
968 841 318755442
402 435 999939061
713 755 999830654
964 344 999967840
405 959 999903780
944 44 981251050
928 347 999937064
266 85 999822074
977 797 999982324
910 857 999803020
523 37 999882748
697 192 999935064
639 572 999860211
673 739 999951807
886 971 999886805
999 991 999851450
832 195 616124218
413 257 591309922
212 158 999857818
590 515 511638988
717 297 861582840
451 806 999821094
470 630 937684812
11 184 616582069
227 122 996551562
633 713 284954423
908 861 999828120
541 401 580160573
880 871 999994739
129 217 999931027
666 25 999859793
928 806 999811884
666 606 999984648
698 973 804296366
57 447 999999923
881 71 79132121
770 758 999804328
21 756 999937053
584 324 999850172
675 480 999844270
757 329 180503257
68 114 205436303
248 480 999839527
1 127 999909092
911 870 999881387
556 363 999894074
792 702 999854838
201 267 999901401
93 155 999958225
157 649 999817045
852 639 999932428
904 957 999802335
239 36 999881670
898 779 999975985
862 867 999923368
881 635 999881927
812 823 999859624
358 5 999955799
745 562 999800783
729 291 999924944
343 196 999938849
848 831 999935077
928 742 999907597
999 736 999850866
576 837 999915336
896 924 999990467
145 163 999900052
525 618 999933563
865 844 337790258
776 462 231517959
944 976 999893999
834 802 999859032
936 954 365332376
542 479 999833016
490 596 371916512
162 236 999900694
432 95 310382164
218 980 999880516
992 961 999881854
513 922 999903298
953 898 999856840
949 393 369797911
464 473 999817089
908 752 999968338
838 583 999884180
589 868 83267909
895 689 999976509
456 898 999896302
899 798 537344391
297 152 156149090
414 72 905272849
307 934 797455379
980 966 999993361
492 785 999995270
524 56 999970838
975 974 999939956
207 242 316314744
384 554 999794482
916 771 788872287
255 61 371916512
450 967 999836190
771 587 999991769
892 862 999823769
504 990 999846603
929 947 999982766
530 51 999808570
574 699 999881578
887 628 999998165
263 361 13289100
508 33 189963496
849 510 638548568
327 74 999916806
697 379 999827639
687 968 999821402
763 55 999862289
449 971 999883965
780 621 999875846
863 544 999856448
715 223 999834527
382 963 999978263
200 687 246470599
729 805 999865734
376 387 999930236
26 704 999850786
975 723 999796925
548 853 682247276
627 174 999834794
844 784 999920497
624 858 999968899
803 699 999902116
763 483 81554863
630 119 999988586
374 639 999817629
256 217 686619309
803 831 999860636
748 288 999827419
495 924 999939274
615 104 999817781
301 680 999855279
420 446 999869319
972 340 999920847
713 290 999872236
697 793 999943546
884 970 999863401
864 763 999960922
649 996 7937751
543 709 999973540
733 363 999956323
564 682 999974559
878 866 999849715
466 453 999960277
91 571 999828541
754 837 138768663
801 617 999859046
291 420 999904896
157 587 999941062
237 766 999864988
711 713 949739755
354 938 353709292
612 704 526873843
781 717 982781911
329 179 910844404
208 791 999820156
536 75 999801973
917 85 3987193
954 987 999841561
986 980 999949281
516 194 999930238
43 269 999865889
948 999 999985303
683 535 999810597
536 973 999865059
668 828 999999935
422 380 999804438
755 762 999956536
50 538 999859453
430 290 999999634
969 844 999817763
502 711 999994471
969 993 999958249
284 443 999899550
974 746 937253879
972 989 999948255
647 728 999967007
38 575 454406510
237 233 999907830
937 814 999803199
34 109 999970499
747 921 999866504
23 922 999911596
497 927 999993768
779 90 378313407
316 228 999794404
949 785 999933822
826 855 999805963
449 989 999992868
710 160 999990912
704 223 999974981
538 895 999815732
15 752 999973867
307 794 999874980
218 96 999948862
380 674 999994762
286 476 378844872
853 677 999794768
587 801 999797268
366 905 999959537
769 869 999869779
729 422 999890414
860 886 999987463
498 468 766475405
204 654 750021400
919 54 999798592
554 647 999817484
776 627 999833109
626 572 999905379
167 74 999811614
850 282 999903309
949 870 999988813
169 651 999938922
885 733 999894827
376 695 999915515
554 374 999939660
448 467 741861512
153 223 999993294
899 812 999976661
832 217 999815456
553 244 999941958
904 366 999875757
265 943 999862998
979 867 999808522
955 992 999891401
639 643 999880461
829 863 999802484
858 488 220281192
510 691 999960268
17 998 999963465
686 843 999839102
111 888 914475266
354 141 980431452
933 886 999923298
738 966 540834151
603 419 999870538
402 724 999950099
880 919 999817083
382 639 999957222
723 886 999854206
781 791 999903508
827 978 999982278
877 828 999910381
27 709 741861512
614 736 999954444
469 879 999902905
668 902 999930983
817 357 999874561
610 334 70527990
666 125 540834151
283 227 999919156
558 161 473539342
560 513 418541695
362 37 999907948
556 394 999803149
510 358 999829896
667 14 999795225
950 965 999797112
434 242 999820156
900 203 999902464
484 291 999916491
850 711 999910589
583 435 999874556
51 352 999960640
324 445 999868628
3 60 203753074
277 261 999800743
873 789 999876509
989 803 999997737
884 953 999799450
369 11 999974974
883 191 999801418
515 413 999851008
733 812 999992686
261 169 537580654
855 510 999916501
149 202 852021424
808 568 999818949
919 502 326802675
969 932 999918205
655 942 999979679
844 927 999981925
794 577 999815270
100 31 361127095
749 910 999879863
356 308 999868871
614 414 955400577
566 183 999999552
279 616 999827725
113 609 999963665
724 284 326802675
170 634 999868358
843 784 999799617
706 980 999964296
1000 980 999899624
161 674 503557262
653 705 5467330
632 237 727414342
724 735 83671045
593 98 120916092
945 335 360500490
874 172 999895464
853 68 999828950
265 474 166216139
975 933 999990331
293 438 823898146
535 442 999827412
157 524 999902070
153 909 999912868
578 908 393954218
449 15 999905436
944 492 913499374
294 99 188816381
356 231 999835379
699 927 999999281
50 130 999920016
272 33 288840248
958 467 999913760
568 355 773602656
458 345 999845231
547 127 999960588
991 878 999881749
529 990 999873252
945 895 999893643
769 317 999935263
799 719 999957696
7 850 999824106
455 548 901192305
629 914 743840827
814 826 999875861
258 353 999835348
594 661 999966180
85 952 810893951
948 874 999797097
573 729 308989818
741 929 999975120
782 893 999857753
928 853 999812175
355 867 999985987
840 987 999938564
643 291 992386976
737 976 999834585
684 391 96142019
944 565 999849546
992 781 999883469
179 18 999819415
79 639 999972118
761 97 999983332
570 831 999930081
205 570 999949312
669 897 999942079
479 218 999989978
800 658 999866306
936 894 999797864
643 796 999944565
324 738 999804085
553 932 999884680
899 878 999923322
530 307 16527001
806 677 999927319
51 87 999998730
995 986 999860817
32 961 661936676
584 986 999953937
484 753 999861471
451 623 999897201
720 491 999983993
832 800 999876384
565 246 743840827
318 473 999894358
238 312 595651184
279 319 999796173
298 924 999821156
921 993 999968404
523 317 999950514
679 60 999851534
518 991 999926535
937 920 999935853
176 268 999855663
214 44 999929563
970 145 999869297
605 418 999898122
301 434 164065598
395 235 999900703
98 484 595542187
892 976 999902779
771 735 999911287
266 969 473539342
11 656 597773228
402 897 732473243
550 728 999934543
889 595 999903584
654 349 999889461
563 873 999798254
816 963 999912466
591 671 999928026
379 864 400852835
788 862 999995716
858 430 999823605
328 473 365332376
746 566 999901245
759 813 999904676
789 884 999917335
497 675 999879768
474 782 999839411
103 175 612314676
423 735 999805781
783 655 999816849
204 382 999844413
123 161 999932118
183 797 999917787
960 680 31373487
659 585 999801808
96 815 999941090
910 928 947615650
753 184 999970809
822 756 999857141
280 865 999860103
591 594 999894995
616 153 999804973
418 782 999982809
422 884 999988973
1 475 999800364
965 997 999945730
802 579 999976398
896 149 63296129
216 843 999992798
634 369 999860954
236 165 235626521
822 773 999915750
345 814 999968193
361 936 999874562
298 654 999961153
321 521 999891745
162 994 37464268
932 473 999989146
194 71 983287853
52 413 235626521
546 989 96142019
401 47 595642503
288 389 999871120
539 291 999810223
506 861 661936676
288 466 808162797
796 421 999978795
613 757 999935442
545 223 180503257
558 387 999853490
997 994 999899426
908 830 999815081
206 646 999825824
557 286 999876361
457 310 999809071
51 480 999850761
958 303 999895966
601 611 999959201
804 850 999887492
225 939 18354938
107 453 616124218
756 838 999917613
384 502 999946800
185 549 573304286
562 348 999950178
812 927 999934311
449 258 999981576
710 806 999883023
532 962 999950442
782 793 87940903
253 833 999806656
744 888 999919673
742 952 999881709
621 525 999868067
417 684 999965189
760 594 999898328
778 921 999906348
991 222 999793257
363 620 999957232
833 633 999835054
799 275 999846351
579 598 999811941
966 341 398056480
507 269 999898134
552 176 999849351
717 906 999822535
750 871 999856140
285 975 999853618
69 355 999811135
480 991 999941891
972 943 999982979
165 290 999893013
275 63 371916512
884 620 999892588
749 854 999838196
984 999 999887940
727 165 739755005
945 926 999793912
785 191 634743255
198 600 999889664
289 195 999896981
339 574 484968433
495 680 999941290
854 57 999923594
776 884 999798142
319 877 999981655
897 273 999894513
871 852 999964673
555 441 185420991
92 930 999998127
490 423 999877057
88 777 999959722
898 962 999920025
849 54 999959236
806 685 999799699
775 555 999999547
957 909 999817582
363 373 999842279
962 332 499233688
415 912 999954970
370 498 999886841
204 419 999965642
63 682 999876155
490 902 999825459
27 297 999826709
122 682 196883848
763 665 999975207
146 320 975472616
871 65 765435863
823 801 999926492
473 864 999950602
840 830 999908443
122 870 999982102
666 953 999848759
989 891 999818452
817 831 999982397
706 970 999944578
574 853 999865190
876 609 999933366
462 588 999959755
73 561 999869270
326 577 999861710
828 180 999829338
196 45 766901098
630 674 999932270
837 916 999822907
336 581 999952994
296 21 148958166
671 962 999875434
930 945 999888834
127 119 999833833
415 870 999812136
692 143 999913142
524 158 999915494
892 164 999895122
978 858 999892023
901 381 999979529
237 603 999980201
899 214 612314676
958 685 999995420
831 203 999910664
604 439 999994985
894 985 999853031
368 198 999828311
969 780 999842185
538 234 999851183
611 57 999847745
22 601 999959871
977 803 999866376
896 962 999808005
955 77 999890482
469 417 802718109
133 347 999914753
421 74 999861515
500 819 999829888
584 768 999984621
643 55 999962847
829 959 999817732
301 230 999809257
475 952 503710831
487 851 999940436
339 16 790623356
230 106 999957010
587 434 999867762
762 378 999812932
187 995 999986871
507 614 999912345
517 668 999961481
793 937 999913944
794 881 999983644
991 988 999897322
681 547 999998499
123 318 999912333
238 479 999894480
973 531 780336998
481 800 999911322
830 518 999877713
24 944 999948729
405 254 999932239
340 888 999810175
919 848 999964169
297 795 999950284
696 422 999842070
983 933 999944469
863 955 999831052
977 952 999854176
591 991 999916651
381 516 999954350
996 772 999833561
827 178 999855970
291 622 432854185
903 677 999971242
782 478 999797992
891 845 999966236
849 998 999886285
772 233 999940318
991 993 999880347
9 610 999862458
925 662 999982605
350 553 999907866
917 932 999923215
987 956 999860791
95 884 839048676
994 914 999804555
591 341 999969348
617 615 935194880
900 594 905272849
749 946 999960529
678 848 999991897
922 908 999812206
248 577 999878537
563 458 999803773
377 869 999890451
879 359 999961589
683 425 999990770
522 680 999906400
522 586 999836425
13 635 484968433
862 877 999915472
998 650 999869228
476 474 999877313
680 366 999952807
893 581 999961015
150 655 999932755
135 542 664518316
933 671 999994917
510 519 742770870
956 610 999917235
513 687 999992849
75 678 44955575
814 838 999830114
371 452 427247853
642 392 574794140
56 218 999916876
971 972 999931200
669 423 999921512
932 869 999811260
58 993 999979466
135 523 999850818
49 588 591309922
885 313 999851061
765 637 999871725
821 866 999860483
694 789 999864030
606 779 766475405
749 457 999871814
492 820 999819764
666 806 999867134
564 912 227947314
301 457 241981036
250 819 223773353
887 394 999961687
960 719 999954005
127 901 999991561
849 789 999958473
109 276 999975823
704 594 983998200
127 809 655918346
344 428 999956346
618 464 999991545
420 901 999910227
856 982 999964373
542 994 999912767
68 615 999802191
30 378 999882840
468 410 999926507
970 248 359263806
693 21 564998190
336 739 999836906
451 989 587601398
97 769 999892654
601 491 999801867
559 682 999859572
996 128 999994141
534 797 999891505
996 959 999907181
7 836 999891649
222 99 999886019
402 526 999862983
560 935 999991206
985 941 999986998
948 183 337790258
369 116 999976643
448 705 999966824
700 333 999938040
217 743 999908414
730 882 999808867
201 799 622693106
838 577 311358124
934 673 999908887
966 951 999901100
989 429 999797577
364 280 251122088
942 800 999966491
559 943 905272849
345 252 534740110
976 460 999989547
447 900 999869948
69 831 999948340
643 603 999865545
331 669 999856495
25 252 999990257
992 944 999924242
844 836 999834119
507 516 999949491
933 952 999974539
854 149 999794060
567 643 999823521
971 720 999880643
979 413 656149554
927 416 999809695
820 757 999850495
558 806 999851168
352 224 999982271
265 503 410987119
761 725 999862320
561 756 999850573
126 226 999848073
396 565 999938449
644 787 665902957
898 851 999959195
241 75 901192305
878 467 999812703
668 619 999958020
965 984 999881717
982 410 999831007
611 870 999834537
182 213 999884475
751 132 368071966
822 817 999982197
933 900 999964332
970 459 999924702
461 401 360500490
652 505 999899333
227 337 999990953
804 568 999876037
113 534 737198265
194 882 999840692
981 850 820425619
487 872 999925848
456 506 999955717
831 773 999934080
282 375 337790258
903 902 235626521
781 872 999991479
736 910 999929118
129 745 717948987
154 28 665902957
971 896 999811968
377 898 564998190
132 944 999898019
936 492 999932206
40 583 999861318
710 844 999946507
838 176 999804094
192 338 999959811
741 516 999818977
255 613 999995837
203 356 439388642
306 922 999860674
583 829 318755442
329 171 328954196
374 159 722243793
545 598 999912026
991 416 999908137
384 689 999868786
250 323 999825136
799 174 999997778
335 182 964804681
414 141 843832025
854 678 999964920
814 741 999990968
736 473 999827045
607 361 999930632
820 829 999890761
126 138 14163571
841 898 999914343
968 970 999842306
786 931 999894244
607 868 999844962
950 906 999869069
391 255 999979641
652 222 19368352
880 937 999798839
868 879 944490417
884 974 999823138
491 931 999853149
594 567 999923313
653 522 999836854
449 914 999816774
998 220 739755005
605 374 745273418
445 747 999945024
749 289 999944037
232 148 559106393
961 485 999832029
472 97 999798756
954 958 999879848
480 691 975472616
4 438 999856087
477 750 999885845
9 237 999920885
280 42 999952971
321 374 999905023
342 984 415437188
532 928 999891774
440 928 999822384
778 937 999857705
396 146 19368352
830 792 999909107
86 208 999924342
563 735 999879293
846 861 999990495
892 996 999979955
224 643 999876603
677 962 999910034
979 941 999907750
599 875 999940165
325 305 595542187
690 277 999985078
555 286 331673616
734 943 999911309
658 996 999997770
784 699 999806292
797 325 999831723
349 223 999955571
802 76 316314744
228 776 326218442
926 949 999943499
693 365 999986752
121 586 999946434
967 893 999845801
429 853 999976144
100 773 999847609
483 524 534432556
529 453 999964048
375 832 999971755
171 225 999928198
651 204 346173823
430 242 999922305
100 930 656149554
656 89 900078975
666 941 970081360
763 331 168018751
527 679 999942227
516 403 999899598
866 815 999973967
492 24 919650153
965 598 102491885
885 587 999854690
489 857 999834247
610 724 983998200
747 243 999830127
246 422 717774766
844 371 999923796
828 946 999851232
104 59 999957704
585 630 999912774
963 914 999992715
833 214 999919391
837 944 999807781
757 845 999902234
79 18 999845446
654 534 999838528
290 554 300295672
247 351 999924060
486 913 618381019
11 856 999820598
474 389 235442727
577 619 992386976
979 761 544367526
573 935 999857616
705 838 999804885
466 107 999949937
43 864 299118541
502 650 999881445
859 85 999915829
909 894 999991536
853 840 999932241
862 726 999964407
943 867 999879070
965 990 999969820
573 233 999909045
134 960 999933161
309 242 999830100
223 877 999940795
684 596 999964686
717 770 999875185
754 32 999853101
426 940 999916204
404 224 999996641
912 713 999919570
991 153 999876459
963 952 999854617
311 891 102491885
290 483 686619309
987 843 999977769
985 994 999896306
898 441 999982605
349 4 999817542
84 303 999851597
875 820 526317501
335 912 999987130
962 968 999867455
935 887 999871794
922 675 999994691
552 525 999941525
642 349 999814228
904 533 999964051
880 455 999827051
866 954 999965044
797 417 999968114
387 263 493983745
476 267 359263806
776 591 999921328
942 885 999847844
615 822 999800006
712 858 999808908
1 698 999917285
395 209 999795115
171 901 999850476
145 326 999849787
545 873 202869953
305 61 503710831
665 33 999860569
118 121 398056480
578 479 999917997
412 146 999845979
976 956 999824676
999 995 999946113
990 819 999968149
686 316 999979958
356 584 766901098
570 633 999962145
483 967 491561852
106 307 999997274
718 660 288840248
605 157 999897745
691 906 999883076
888 985 999836348
999 997 999936303
840 714 999863684
535 11 999874833
114 540 999958148
307 861 999887452
509 626 999925426
166 575 999953960
918 42 958973208
848 873 999798251
996 1000 999835129
342 585 999914355
88 573 465666960
518 436 839048676
713 712 999860285
653 999 999826887
240 4 99619137
781 954 999896369
433 413 999917752
152 999 428569043
271 269 999827266
754 325 999946986
639 280 999897780
371 316 999969245
616 333 439388642
754 94 999797233
976 96 999814162
271 784 999808797
951 918 999860060
622 38 999847777
692 94 999872435
973 710 999895891
612 686 999866324
367 188 999983910
489 460 999869984
883 78 999932654
618 326 999944853
874 957 999954930
614 659 999999632
899 860 999832727
701 209 999953634
775 932 999958500
440 201 999974847
681 900 999855527
732 527 316660962
101 308 671204602
958 441 999797305
733 749 999926240
984 629 999911517
837 823 999987409
134 185 180503257
984 872 999894651
846 808 999988088
615 825 999836307
648 282 958973208
947 786 999795681
501 492 999903988
921 675 947615650
530 400 999977377
580 908 999809146
733 919 999926203
884 921 999998716
84 1000 999806908
623 667 894006313
454 124 999919979
759 478 264760234
200 290 999921659
380 144 999914859
817 402 999917908
825 742 999982736
683 806 999951749
154 184 185244272
789 965 999818028
467 828 999798796
203 293 999883732
978 556 999850349
443 728 999892583
467 943 445869116
574 144 999819391
831 973 999945461
847 218 69243667
366 303 13289100
213 838 283591599
785 453 999810941
699 736 999978652
518 901 999870312
293 461 999855700
402 449 999805282
221 637 999807319
289 995 551064555
795 769 999845819
730 705 999934851
258 248 999945016
861 909 999879408
93 3 999852394
942 971 999938735
545 629 999939935
298 522 999812443
630 234 894006313
767 695 999810161
890 209 999980387
496 580 934340156
853 223 999964320
782 935 999839059
889 94 557659305
399 888 496724412
790 630 999875058
54 290 865756253
935 702 999889281
840 677 999881449
557 719 789894667
18 390 999942049
74 289 729963274
919 988 999825466
285 24 999939557
611 48 999947047
984 979 999853308
147 242 378313407
610 663 999839607
992 953 999986159
135 132 14742181
160 795 999932895
442 366 999815301
834 537 376460190
499 27 958973208
976 257 999937767
511 592 999853770
588 195 920221867
561 383 250393025
501 556 999814197
352 158 999890493
731 316 983287853
25 710 885150285
46 399 739755005
603 673 999909392
175 563 580160573
190 890 999846448
464 256 722243793
923 744 999979064
830 848 999888907
603 734 703604464
986 150 999893766
442 139 689219522
527 427 999990133
944 947 999967517
948 890 999949078
926 452 999816665
909 376 644439141
963 959 999853915
991 995 999965740
684 518 999999197
794 870 999852846
648 511 999989157
843 639 999959924
51 645 393954218
161 291 999925823
910 969 999980598
844 604 999891328
321 317 999960578
776 709 999870418
329 653 999958178
572 677 999808535
912 895 439388642
416 526 10666805
522 559 999808988
158 409 731302522
681 931 999816277
232 432 999984543
193 515 69243667
57 266 999919861
803 890 999843549
912 597 999938775
816 887 999839195
140 329 999965787
182 718 999870498
613 842 13787509
910 327 999898176
599 579 178759840
643 863 999823260
499 852 999907709
901 928 999817632
784 360 999946236
30 530 277419683
801 971 999987921
640 873 999893667
740 857 999845405
105 172 999960166
974 851 999851327
854 951 999860206
313 528 999948524
270 717 745482637
789 332 999945114
908 964 999807813
697 206 999802000
62 501 999993593
823 895 999944679
633 735 999897446
450 447 398820533
704 367 999922903
67 374 839048676
860 684 999880172
968 770 658118202
165 372 3987193
202 447 205481134
941 957 999851111
708 782 999827107
212 227 999930971
494 859 999795515
265 132 999868278
237 669 999915353
213 383 408471910
422 361 999871770
621 246 999825152
896 987 999987690
766 939 999914208
143 696 999800338
758 305 999800271
838 871 999852128
760 887 999813179
582 795 999814917
644 189 999972504
244 169 356931745
439 871 999876806
868 848 999800696
903 621 999877440
13 687 370064492
998 991 999916309
914 796 999908410
710 601 999929104
330 428 999843752
294 922 177188209
132 411 934340156
793 940 999930041
484 222 999908519
848 960 999875860
928 898 999963434
923 715 999969795
460 515 999939013
636 492 999965607
910 953 999867085
359 281 682247276
925 277 999962094
607 901 999820411
883 952 999952045
699 820 415437188
881 977 999808933
909 381 999934920
578 667 999888654
387 782 802718109
530 274 999843805
545 185 999973370
834 932 999862869
680 403 999854245
183 810 999879546
188 203 999857352
953 697 999947310
678 840 999891343
715 339 999969045
337 806 999996015
947 699 999883001
905 941 999872998
789 837 999802740
51 358 671204602
884 839 999827505
840 872 999811904
951 840 999962487
275 217 184104813
438 362 999939041
233 853 999883933
905 523 999833323
879 295 999845399
99 227 999948142
390 155 359376287
77 633 999870512
268 809 999995725
458 380 239942696
920 805 999839273
532 285 999865939
547 657 999801685
501 514 999856583
661 764 999871010
861 383 844705189
846 869 999859725
459 733 999831923
321 855 999801380
775 530 999965113
852 972 834439075
994 918 999883438
154 74 378844872
376 305 999846656
857 778 999961835
61 253 473539342
810 594 999963010
777 107 999893402
811 918 999923714
574 14 999961670
328 244 448378390
873 967 999900013
468 310 803001482
417 976 999870376
849 967 999925278
102 548 999925439
870 520 999941909
614 216 999883734
1000 975 999857900
636 856 999853806
415 405 999810891
839 757 135120768
990 972 999944588
200 564 610284793
950 774 999976464
934 952 999838044
902 647 999863689
873 993 999927287
189 846 393954218
418 288 917539185
544 201 813642206
764 906 999980301
153 486 999998028
311 837 999865613
468 351 801432399
655 908 999949752
124 391 999828119
243 461 999822876
780 957 999862359
418 526 999871311
910 949 999981269
636 556 999905611
382 500 999911924
318 448 999822168
532 798 999849365
488 206 999931276
278 896 999833671
671 708 999807298
989 981 999860733
530 286 999801044
347 616 999925407
168 697 999831581
373 690 502416658
233 644 999822587
55 26 999819944
828 834 810893951
994 938 999898641
502 998 999924471
508 396 999877135
813 704 999861100
619 36 999830405
545 613 920221867
384 78 790623356
695 777 999982142
327 286 999870089
875 587 999983584
99 554 999818286
679 842 823898146
603 951 999964522
684 587 999959777
482 14 999893316
863 762 999946559
792 411 999888508
851 857 999876575
358 853 999793120
133 45 999883823
682 657 999966328
108 462 4442405
779 609 999817681
341 315 420740308
581 211 937253879
983 59 639208274
984 961 999904289
926 609 999843266
544 281 626167077
842 301 999823773
71 118 999843255
891 363 999979903
706 698 999940513
277 808 746280179
508 721 710052217
758 121 595651184
63 821 346173823
846 180 18354938
771 912 999903051
156 233 999962355
362 330 252917315
750 940 335574931
923 450 999800172
556 499 999904383
143 48 999834335
166 625 493980031
565 274 999876293
396 256 999821586
931 945 999924583
920 830 999903219
883 675 999795493
991 885 999956034
11 678 415155754
748 544 999850127
982 563 999903057
649 234 999977783
132 328 999797705
745 870 999918926
399 390 300295672
926 425 999815239
97 368 927309088
877 872 999907573
79 81 176344550
231 939 999874591
819 502 130352912
565 271 189963496
312 818 999810801
996 998 999961062
312 79 750021400
100 741 357333647
162 990 999895030
711 633 999876095
712 40 83671045
616 716 999808695
981 303 177188209
619 386 999965144
323 999 999917151
46 718 359366553
836 864 999827798
656 325 999943801
999 958 999855406
428 462 999971352
439 487 999860973
956 682 999912060
477 98 202245892
614 384 235442727
147 818 797455379
462 475 999911542
135 609 999996845
350 806 999846351
5 406 931059924
442 718 400852835
899 25 999881257
959 842 999990799
795 884 999960771
46 669 999904143
367 932 911291142
886 183 263076362
871 81 540521425
215 905 999960003
676 839 999846914
795 103 331673616
121 311 999925236
243 487 999941437
294 566 353709292
433 619 999987651
343 691 999794839
310 885 999835845
692 605 999855780
413 549 999872437
552 423 999847329
959 609 999904951
472 89 500099396
941 623 999981450
879 982 999836525
952 928 999970800
897 985 316660962
605 970 999866228
673 338 135229383
470 182 766475405
922 93 999871383
460 276 999914561
535 543 999978554
944 951 999925629
920 768 999937025
551 882 412578824
902 541 999929690
432 216 999923874
274 812 999862777
26 216 284696506
96 741 999879337
539 24 999874878
866 695 261718603
807 588 999836565
714 787 999951297
161 757 999852657
942 926 999793885
446 376 999979525
502 790 745273418
564 846 999982128
982 987 999818167
758 521 241981036
934 25 999973890
326 315 999854516
794 847 999944282
187 55 999998511
290 548 999913203
394 242 999955393
783 647 999863949
323 570 999914602
726 278 750021400
704 788 999886095
902 989 999819058
463 283 999911271
889 910 999809604
488 294 551064555
58 195 999855117
808 754 999808253
640 671 999999860
697 586 508607894
968 961 999798208
768 845 999923467
891 628 999832941
82 691 999811649
999 996 999917822
806 120 919650153
882 343 999948563
777 661 999840557
211 123 999871069
696 226 911291142
215 965 999885226
679 851 999845252
485 536 647184272
793 446 597281931
889 891 999829102
604 779 999845683
486 922 999850971
908 603 999852572
442 949 999806428
534 922 999889771
776 1000 999819700
273 427 999879011
511 533 828950459
971 495 999876383
412 752 223762532
648 116 636014256
766 795 999801861
355 367 999979929
72 950 999996307
780 492 914236767
80 541 999917343
825 782 999906067
136 804 999858924
210 729 999939520
901 919 999986114
958 704 69243667
710 410 999812934
531 184 999848154
982 486 844167166
956 977 999883164
522 509 371528080
951 989 999930890
529 776 342200049
691 962 999828724
935 247 398820533
400 47 999843996
896 865 999854326
806 129 999861881
604 598 999847520
920 303 999918263
937 517 999911920
441 658 999820617
918 868 999828975
941 811 999822412
477 658 999979119
488 785 999972959
120 719 999892231
682 886 999858768
845 857 999999590
924 901 999988417
707 659 999890191
170 472 999819145
668 206 999992833
706 723 999843144
887 173 189963496
647 946 999953890
908 544 999929804
60 38 999941247
911 609 999835923
624 42 914475266
971 963 999997835
594 326 282635554
521 579 999848092
850 704 999838709
481 174 847555082
659 602 999930690
993 727 999810242
823 869 999832089
716 51 999923427
63 676 999960286
893 330 999823477
739 905 187826746
64 285 646691677
407 172 284696506
794 905 999875343
918 984 999955202
953 6 999818403
599 642 467052504
664 204 801432399
724 847 999848891
753 302 999886876
335 967 999906628
752 965 999976705
5 427 999916989
850 542 999951679
980 981 999937641
445 229 999936843
815 480 999946461
602 494 328694902
843 333 999909173
664 190 999862004
477 924 999950819
973 562 612314676
347 789 224515753
166 53 999810852
98 357 999861171
622 455 999901421
100 996 999812633
378 615 999839267
422 947 999991117
198 703 999878646
931 961 999982530
704 572 999993132
79 122 999851257
500 760 444611940
530 952 731302522
48 154 496724412
563 179 288030036
356 571 710896183
555 149 999845192
918 509 999989292
739 607 228796076
59 491 999855338
85 93 999823050
281 316 999879214
687 931 999998721
188 953 999967493
589 740 999823749
600 954 999890559
84 544 999901022
565 444 999856441
769 610 999999558
954 893 999796519
118 177 580160573
722 445 999810044
992 920 999819559
813 72 999949023
630 669 781919814
758 510 999934039
198 63 999820958
559 767 999818134
200 684 999941605
834 886 999998882
348 403 999827118
719 652 999794723
159 300 999808819
621 297 223762532
982 996 999967751
709 476 999953371
328 469 999889558
921 916 999895276
972 991 999887884
904 892 999928712
715 625 999800615
431 619 919650154
196 145 410129859
984 899 999868902
657 491 999820659
580 163 999797080
337 326 243109606
193 503 999824716
46 427 736453725
505 990 328407333
584 890 999895110
759 775 999932033
611 36 999948622
92 769 813642206
260 32 999890949
512 110 999905618
801 982 999868176
814 653 999976720
447 728 999794342
855 489 999849181
638 103 999900440
156 595 224515753
20 28 368322468
688 779 999929301
767 932 999924500
746 785 999805020
833 337 999889511
395 368 356931745
715 911 999931892
773 168 834439075
845 624 999838401
127 346 751729150
245 990 999846438
233 845 999849231
155 873 999862748
134 301 913499374
257 525 227947314
295 12 224515753
654 511 999861640
845 718 999935507
616 409 999835136
436 277 999922791
690 997 719042948
559 859 999935732
284 559 999933140
30 729 999940497
655 986 999958475
283 106 999798856
675 886 703604464
919 945 999894943
125 393 264760234
722 776 944490417
927 656 999932480
486 794 999853864
931 855 999993273
823 608 999799354
780 840 999973669
926 787 999842952
496 609 999829417
34 842 335574931
925 917 999987844
646 728 999947709
211 398 999890258
761 282 999993825
719 134 7937751
252 392 631494366
161 376 564998190
25 970 999919147
71 859 999945054
836 499 999914795
444 456 999885245
991 905 999919884
236 371 999915407
965 805 999931315
256 544 999948302
119 722 686619309
628 882 780270212
246 594 999947038
301 26 999982807
660 60 927365562
922 855 999891598
934 703 999965385
817 794 999839647
233 2 999990079
565 811 999937705
790 467 999985650
272 253 999950506
949 627 999975867
120 465 999933234
479 787 999794257
86 389 46387822
565 862 999953842
963 938 999910338
402 91 618508622
53 394 999818409
206 644 999970338
387 684 999959145
190 500 999840091
906 433 999883891
503 176 999883658
764 965 999888708
860 27 999905157
301 344 999828838
865 937 999920583
826 287 331944310
921 977 999934929
565 599 999935719
923 626 368520510
712 812 999853527
739 983 999836441
601 23 999881170
988 623 801432399
608 508 116103480
519 47 999911830
649 272 999935138
302 423 930621069
451 894 999846797
984 983 999923919
873 392 999920942
277 367 999827988
290 672 999958823
350 235 999884148
987 948 999807416
967 866 999862777
437 58 725457324
806 831 999865747
997 996 999984612
647 700 999933628
295 417 999870336
926 854 742770870
190 167 999921624
826 940 999827107
133 507 999943215
917 934 999821570
910 893 376815212
508 837 999948014
239 117 999797097
641 471 999956870
639 811 14163571
13 762 999845001
847 855 999858630
265 566 999851582
771 472 999976084
896 869 999975351
141 92 703604464
798 985 999858178
133 856 591309922
957 612 999927721
696 321 451404846
932 176 999844148
747 318 999860112
863 753 999974643
771 973 999858701
854 196 610284793
141 665 742770870
700 383 999899449
684 209 682247276
746 285 999951395
100 569 716413273
801 974 999978109
975 800 999934402
931 960 999867084
466 375 999863795
724 721 999981191
796 571 999932474
873 549 999948361
243 508 999910164
121 59 999795478
728 935 999915085
828 864 999983538
23 396 224515753
187 214 361005470
623 526 999800904
665 112 412578824
838 795 999914117
958 433 999906311
999 681 999858823
435 792 999987043
829 128 914475266
866 365 935194880
943 824 999826866
119 17 999861836
768 876 999978438
944 358 766255320
762 871 401668603
799 403 999851410
493 137 360500490
923 792 534740110
715 828 750021400
874 639 999895861
749 186 448375449
863 848 999955720
472 585 999929256
347 786 135120768
844 776 999951048
817 853 861582840
907 104 999795780
904 973 408471910
729 789 999899835
494 563 999985309
892 734 999905018
939 995 999938304
925 999 999875993
417 322 999876569
240 742 658118202
923 989 999860093
449 236 135287855
959 597 999831752
524 576 894006313
81 437 999928366
959 932 999986230
218 640 999968396
998 298 999845558
729 797 999980888
720 896 487139716
538 451 999982322
507 876 999908055
539 680 999895316
136 457 999879873
164 109 999852204
738 217 999822516
844 737 852021424
724 557 999961120
260 429 448378390
752 675 135229383
941 936 999889586
124 815 999988305
755 840 999973276
898 130 999891261
579 901 999901235
163 400 999887248
881 975 999973928
417 966 368322468
789 367 999896414
325 849 999833998
830 697 13289100
305 15 999803805
615 380 999928123
443 826 923138627
512 598 847625345
325 612 885150285
500 692 861582840
528 276 401668603
788 483 999955990
5 210 999860512
146 402 999806420
227 709 999883191
608 590 999883255
800 928 999805168
396 672 999968551
217 901 999886966
245 767 999932400
406 450 999932313
35 538 999881142
23 432 999870109
984 998 999917182
638 754 634743255
998 238 493983745
222 18 999907792
544 640 999805517
959 191 14742181
870 671 999854819
642 975 999951111
277 333 845834516
138 30 999855792
966 592 999989048
815 363 999847575
725 365 999953305
867 817 999814934
48 557 999902134
782 660 999974906
993 838 999939153
198 885 999794156
778 925 999852067
516 899 559106393
920 949 999866636
911 173 999972956
947 837 999851748
613 157 999926255
982 984 999839944
705 795 999854613
546 690 999800491
539 890 999833638
225 323 288840248
280 855 999810719
319 214 368520510
730 190 591141244
76 946 999951314
974 986 999996322
800 269 999823033
939 608 467559920
508 670 999902006
592 877 537580654
945 204 999911707
583 442 852021424
121 500 999948510
696 645 999818927
37 842 435532687
981 678 999939283
476 501 999868298
397 258 999873603
904 416 999950398
936 785 999951250
985 892 999849823
97 38 999991662
822 522 999960269
487 967 999829239
808 789 999804753
776 584 837507422
398 432 999805536
954 178 999974519
996 986 999959500
972 960 999986884
976 961 999931810
128 937 999928009
617 938 894006313
882 618 999811218
921 972 999988354
776 754 368520510
493 143 537344391
468 58 999838082
796 607 999941690
844 540 999895003
102 240 353051583
978 25 905272849
247 728 999813623
38 350 999947993
889 355 999963109
64 867 999829089
101 146 544367526
859 823 999896124
72 14 999931739
861 93 999888298
14 736 999825990
854 178 999829937
411 60 999818059
887 237 999901401
931 307 999797320
874 491 999881605
896 825 999993214
905 816 919650153
890 791 999954031
199 564 999900865
413 209 999880394
836 540 999820454
526 102 722243793
173 487 999933957
437 712 401668603
1000 788 664518316
865 957 999930924
168 85 999828160
726 510 579766857
527 467 299118541
509 226 999882545
890 164 67401630
406 655 999976982
340 145 999951662
992 679 999959021
857 796 999927569
247 83 499233688
450 375 999930751
361 104 964804681
376 268 999904646
812 353 999820435
959 633 428569043
313 819 587601398
154 631 586307735
744 430 37464268
142 498 999893100
562 225 999840596
918 424 999933914
383 847 999981850
818 969 999907001
557 476 999912730
426 814 506826518
843 936 999815052
162 779 419937283
489 91 999821094
664 962 102778105
954 564 999984818
324 840 35194289
353 259 773192981
502 443 148812575
673 581 999929609
980 976 999888806
209 98 999950367
919 865 999801633
527 329 999966224
149 822 999897367
975 96 696024533
958 568 999995134
674 306 999814170
17 445 999894220
1000 730 999831014
62 391 999915231
894 862 999973166
869 302 999924370
474 812 999950521
268 990 228796076
889 952 999987430
932 85 999885603
831 364 647184272
988 862 999853207
717 615 999961643
157 843 999799459
598 760 999855932
488 179 999857250
913 844 999845004
998 864 999960441
371 346 999977192
924 919 999928494
588 177 999925609
742 285 999839706
580 570 999838659
959 300 999814286
702 396 809078475
78 750 999907870
961 310 378844872
304 426 497304861
918 631 999986812
459 699 999919499
20 367 999827959
1000 467 530298689
362 606 999916325
848 761 999935960
576 694 999890952
391 610 999929239
465 951 404028234
332 588 999911967
656 130 999937628
959 908 999829229
503 258 999845683
918 306 999821056
924 798 246470599
645 907 999843730
199 405 999932254
711 887 999894094
208 222 999795172
364 664 999848684
700 34 999816298
666 226 999898726
790 864 999986274
709 738 999969049
921 548 999988751
368 336 999901779
475 588 999882779
682 627 999867561
572 469 999922718
451 417 999873728
532 873 999799664
224 974 726998336
142 357 999828064
619 642 999842983
984 347 999884400
987 789 999928929
567 897 999802137
767 894 999911877
244 700 537344391
725 211 999953243
429 718 999974290
62 904 999887447
807 739 999989532
253 361 999950518
854 762 999811293
180 553 917688757
814 895 999805723
750 149 999937101
950 984 999920015
752 225 999863768
575 331 999828079
503 702 984439299
439 757 999864874
630 94 999913054
966 979 999820633
349 388 999794433
946 491 67401630
830 924 999867924
485 594 999849713
464 535 999939812
449 486 999889447
822 92 999994321
841 535 999952967
863 351 999967279
462 774 202869953
627 155 637564626
861 610 999973030
484 309 999929830
676 634 112275346
995 955 999875072
499 347 999913935
470 275 500099396
219 365 999930981
112 614 999924160
803 485 263076362
991 973 999921575
484 399 999866950
87 753 999947849
384 677 920221867
49 589 324399810
14 767 177188209
957 242 999928149
787 783 999819364
815 530 999992492
796 946 999848341
761 807 999964991
999 828 999815853
167 160 999989710
419 22 999976977
167 929 999966700
59 579 999996432
184 586 999815330
744 703 999952733
374 673 942426300
946 982 999819813
12 171 999838443
15 52 503710831
934 803 999971261
760 359 999853542
199 151 999798859
984 777 999931778
910 818 999998942
560 64 274243979
661 247 999829184
924 340 917539185
544 22 999819142
758 470 999945930
796 832 999885323
671 530 999954165
791 913 999967875
695 896 999924904
344 508 999969254
950 948 999811615
170 477 999841969
771 280 999977776
951 864 999828501
585 629 999822597
824 372 277419683
163 539 959749430
580 707 506826518
636 628 999849053
914 279 999943664
891 306 999919271
545 221 999899656
889 107 999993969
541 702 999860421
696 740 999801777
731 299 999997354
360 150 999877346
859 974 999992634
53 14 999846808
355 678 999964509
789 957 999922614
593 714 156591673
932 325 999919209
70 191 515710902
773 508 905272849
111 288 999818702
382 64 580799638
297 359 515710902
748 195 999806324
620 867 156591673
16 465 999940654
934 950 999965093
463 734 999937659
766 119 999998264
330 74 999921001
672 577 580160573
426 59 999986359
111 994 999989087
536 37 999895371
295 312 999947404
990 991 999930770
610 390 999984560
822 937 999801918
892 924 999992495
895 541 917688757
600 910 999864020
879 937 999826482
595 690 999829243
996 988 999927095
6 340 119420614
607 811 999842488
919 758 999954660
865 703 999870727
946 367 999896609
569 548 999853311
408 781 999894909
127 724 810893951
645 994 999999009
365 658 999957104
586 371 999803692
60 649 999945204
600 410 557181857
626 617 999875665
992 649 999872352
178 70 999909895
340 332 999798819
679 500 999872650
491 678 999847648
586 489 62088812
440 972 999870858
447 978 999834521
375 421 983287853
310 835 999824011
117 263 87698770
468 687 999971714
752 983 999844060
820 252 999843762
23 38 342200049
317 646 324399810
416 463 412578824
313 742 999932998
35 112 750021400
403 571 369046081
846 916 999830101
794 918 999881093
973 841 999897323
815 841 999834301
858 334 999879806
340 389 999933204
363 997 966696712
703 804 999878271
340 507 999821180
231 848 999812342
479 893 999877991
937 746 999979792
685 879 999873300
626 866 999969155
943 674 999966107
559 626 999795696
696 729 999960055
919 496 999992363
555 563 999832946
950 618 999893699
903 856 999863229
914 661 999862670
642 751 999817635
948 573 999809686
972 883 999859415
279 550 900078975
277 975 999872400
336 931 231517959
505 840 999914887
34 950 999996970
783 533 999820323
144 962 999807475
730 148 999856663
146 735 999801812
833 623 227688965
96 423 999795470
830 919 999881232
39 254 310406096
885 834 999814048
182 790 999924463
8 377 13787509
425 403 618019927
840 829 999889923
406 395 999827993
699 977 999854139
726 130 618019927
464 841 999995153
760 828 999799027
977 857 999903765
244 243 44955575
950 999 999836904
836 428 999999650
870 975 999823546
961 641 885150285
266 491 385022565
812 875 999993692
509 17 999873613
838 796 999938549
889 957 999892532
958 882 999883869
589 523 18354938
246 102 999905284
685 820 999882766
837 316 999843212
292 477 999847022
374 996 999924159
805 145 999871443
128 98 999802207
716 26 284954423
127 576 999889603
942 238 773602656
364 949 999871995
165 75 999797637
597 409 934340156
251 930 828950459
164 574 999901267
975 197 462321879
472 964 999941803
925 899 999900684
12 452 999912907
452 59 999795721
624 125 999846287
715 745 999810370
169 863 999819581
62 278 999860990
310 727 999869012
926 991 999962617
686 968 411971319
1000 937 999918249
921 841 999867736
546 650 999841927
319 135 999953178
58 53 999950150
188 986 96142019
82 801 367671228
806 757 923138627
385 69 999884554
591 330 999975391
70 806 999824470
840 938 999921983
637 550 999954352
769 999 999808202
275 435 739755005
112 935 999820544
773 799 999953238
978 1000 999869629
139 980 999863452
807 678 999996854
878 750 844167166
538 215 999874705
727 822 999830608
412 246 999926183
877 772 999933690
530 325 999862449
758 624 839048676
664 27 999978613
534 843 999867074
966 787 999828323
412 232 239942696
353 197 999896056
85 687 999925016
983 100 999914124
820 550 999858710
710 239 930621069
418 419 999797503
168 743 185244272
912 579 999994293
50 857 999844691
865 901 999874829
803 659 999805573
803 430 188816381
809 208 846800604
661 480 920221867
779 822 999803372
705 319 227886351
382 754 999799398
141 114 565811254
169 847 999855433
212 897 222517666
989 907 999801516
982 881 999882775
995 964 999970832
794 779 369797911
621 635 999845752
331 55 999923100
914 719 999941451
363 899 999900418
664 945 999901481
730 229 999979107
59 744 999927865
51 29 766475405
663 521 999976710
435 40 999932587
869 753 999986398
780 415 799404886
318 766 999901715
151 753 999911084
637 691 999912309
633 831 999985353
843 613 637564626
44 664 83267909
607 581 930621069
611 980 999885336
686 677 999923941
976 822 999869347
642 802 999980799
364 455 999954021
831 892 999866598
634 622 999931517
308 650 999853994
40 699 999809022
960 636 999926711
678 151 999951471
726 822 999855647
893 300 999797465
531 142 999899195
334 498 999920125
455 66 999908439
507 41 803001482
711 315 999949849
767 616 999802455
441 397 310382164
49 463 999953971
836 435 999930847
642 663 999797587
862 782 87940903
850 81 999803339
389 278 999880047
612 741 999912487
957 979 999943006
670 328 656149554
794 518 999872011
179 523 999955255
905 533 999848022
526 618 220281192
895 33 999938166
737 357 999840052
634 316 797455379
840 893 999941539
333 316 999866421
984 988 999955846
457 898 999835550
609 769 999795698
130 592 284954423
791 112 67401630
318 715 999883786
468 699 999894570
620 279 999846989
1000 665 999857686
860 844 999904646
916 892 999796264
444 385 999969940
132 205 999853180
813 126 999854268
296 455 999967654
579 738 999891766
222 428 999806708
645 456 999877471
781 752 999942129
825 344 999960118
927 757 999835227
645 195 999804218
723 846 999890817
885 292 999828851
305 723 999832438
684 557 999802875
997 1000 999888909
814 632 999901819
799 480 14163571
913 198 999935765
779 302 999935363
686 107 999984082
864 729 999946448
170 360 639208274
50 729 135611734
778 800 999989334
942 984 999987799
692 559 999817446
914 922 999816107
923 873 734253392
863 857 780270212
131 794 374590673
795 773 999954010
448 6 999812383
391 816 999921519
364 841 999899532
590 918 999994073
738 5 999922171
854 943 999997235
617 517 999797269
452 398 999905033
299 450 999932980
806 873 999926325
604 896 999949990
890 882 999971077
975 349 999800745
484 844 999994305
12 583 999811056
235 311 999923467
93 326 203753074
954 962 999913663
302 195 999820237
11 298 580160573
846 420 999827478
460 11 999958709
756 296 930621069
851 822 42575030
854 988 999810622
999 980 999839383
433 791 806916251
982 120 999928999
953 883 999884159
594 185 353051583
968 78 999916491
730 841 999827878
106 120 999843227
756 235 595542187
711 595 999925985
937 984 999981979
617 845 999982298
918 851 999978841
998 999 999963901
444 488 999893449
584 684 618381019
393 952 999871488
215 88 999897253
497 956 804296366
164 9 999811506
765 778 999838542
924 810 999942224
396 966 999949483
796 338 999914782
975 621 999888376
977 718 999866942
468 860 716413273
225 539 999978748
767 664 999801471
438 216 3987193
882 595 42575030
910 495 890747527
556 652 999995884
661 700 999978226
852 788 999888586
841 288 103756014
746 613 999958895
507 566 999984075
439 605 999836865
402 970 999952707
978 980 999954480
313 562 999901787
495 160 999827352
146 991 999927413
719 654 999819075
767 141 591309922
223 520 899823439
950 716 999810553
589 957 999910558
947 899 999901739
896 286 999906276
802 981 999884339
900 423 415437188
56 362 432854185
20 1000 999916819
791 954 999812129
228 598 999869845
963 422 999914752
820 36 999985917
337 281 985077592
745 327 87698770
994 976 999968069
834 778 999901389
515 922 999816126
572 636 227886351
122 718 999801107
641 823 999830265
459 473 999993843
257 99 999967819
935 885 999929814
511 843 999936178
456 696 999974063
942 556 403798455
657 710 999896070
763 625 999799898
176 638 999829940
933 865 999853361
882 805 823898146
109 318 999796737
284 84 999850006
707 537 999795762
833 299 999855274
292 409 999917655
815 521 999829268
756 750 999968995
687 30 999839148
887 730 999923598
529 585 999823779
614 585 999998774
607 552 999956952
270 554 999872335
971 764 900078975
934 472 999825620
827 904 999856719
965 855 999942186
890 905 999922906
835 49 999882305
805 985 999928325
21 709 999880996
939 281 999912031
594 691 999924232
916 950 999863950
160 335 999919891
516 914 999819068
932 940 999895555
973 519 999997674
918 687 999814195
274 660 999889799
293 843 999890515
572 921 999836167
786 766 999848436
546 443 999833181
232 64 999867563
357 612 999950710
462 875 999993923
799 628 999989750
346 115 999888037
742 737 999866868
221 886 999884048
613 430 999803735
918 850 999800469
864 977 999913704
262 322 225665855
198 491 999859544
830 145 999995513
290 246 999899203
117 732 999965836
875 78 999834727
759 809 999957270
614 969 999849011
958 960 999838725
874 786 999908401
686 755 999902848
45 382 999842307
740 744 999946242
418 638 999866223
651 621 999929047
995 960 999827989
978 528 999858083
983 980 999938496
884 517 999814262
922 968 999850080
751 1000 999943285
643 580 999811825
180 593 999837582
52 508 393954218
484 540 491561852
823 190 14742181
933 563 999922497
709 907 999850685
332 901 999941758
816 721 999852614
839 634 999809749
807 585 999798426
837 690 999912706
980 566 999949006
727 809 999882648
660 678 999960695
211 66 750021400
748 841 999967622
817 571 999930502
719 700 999925750
272 347 999893158
444 845 999947996
323 349 999853756
518 584 657577383
717 648 999935156
828 631 999976470
715 787 999995993
172 770 999946340
585 638 44955575
625 367 999879041
644 890 999948997
85 509 999881555
929 797 999898668
925 786 999993733
633 743 999797991
817 466 999971888
531 783 999843351
197 844 999923547
971 989 999824503
575 382 999993156
353 570 540521425
697 419 595542187
946 926 999838837
216 420 551064555
883 54 999897182
665 961 999881749
488 654 999999158
985 996 999846453
703 393 999952141
482 310 999854814
69 425 999976153
215 224 999940111
537 515 999883713
42 649 920221867
186 24 999853234
877 542 999930339
896 154 999843397
18 545 79132121
271 539 999893647
513 614 999917948
592 468 502416658
873 331 999984015
711 878 999796092
243 236 999995369
919 992 999888148
752 634 999926742
865 867 999824603
916 988 999847335
557 303 284696506
966 135 819209974
851 939 999930863
963 537 999961774
601 153 736453725
936 807 999916626
722 463 999833565
901 571 999853583
88 945 999944001
783 504 999901543
499 670 999859289
227 200 999796980
644 864 999858987
361 745 999954240
884 836 999875816
571 884 999863591
91 530 376460190
280 190 328954196
948 115 622693106
972 532 999838810
534 208 999960810
889 703 999865169
40 758 999832331
236 373 999797157
636 329 999938233
969 957 235442727
847 384 639208274
891 411 999845698
806 916 999976209
503 264 999929608
773 879 448378390
341 454 597773228
210 946 999801816
820 910 999802663
770 512 999817998
140 110 400852835
468 789 999932600
746 720 999908987
56 573 999836780
186 911 361005470
736 290 999925599
620 199 999823106
414 851 999795852
368 502 999886268
121 710 920221867
847 608 999865380
977 970 999794363
185 63 999800005
556 207 999939874
601 685 999800153
693 635 999821326
397 231 999953830
563 392 999970644
965 949 999980508
254 344 587080078
852 96 398056480
477 11 999993074
920 500 999854093
914 872 999831501
724 815 999895413
996 828 999905293
140 824 999843147
277 380 999980985
179 882 999987747
283 561 773192981
698 86 999881631
264 565 13203705
841 214 148958166
977 841 999831540
649 628 999983140
326 834 999899569
229 337 999811730
708 586 999889798
429 949 999862471
802 912 999986257
344 194 999821598
708 888 999867420
701 717 999881815
892 823 999923795
970 440 808638481
194 867 999806082
45 630 999966284
284 593 999828780
523 230 999905405
861 435 999872499
925 741 999907654
842 699 999800672
891 803 528137339
783 438 999906432
866 140 999948503
814 887 999839089
779 487 999854908
473 890 999866195
821 591 999958057
782 750 999954720
912 504 999981503
982 994 999904758
489 784 736453725
44 319 999852340
552 382 999802124
578 199 444611940
173 778 619612735
244 50 999999831
693 237 999840614
879 337 999902380
706 445 637564626
722 300 622693106
401 387 999865276
455 198 205436303
685 286 999887591
52 934 999890135
373 246 947615650
466 731 999974665
841 917 999896507
259 429 790623356
579 386 999823613
677 886 999888113
228 312 999851203
885 492 999818004
633 759 999796006
509 622 999931115
951 74 999917505
276 785 999831842
472 885 999859557
912 501 999933667
790 437 999884846
746 419 999996195
345 413 999812799
953 928 999809349
509 8 999989526
932 950 999978111
255 654 999845126
789 925 999910529
350 313 999841917
48 818 227947314
181 292 664390933
600 57 999813339
660 680 636014256
839 488 999825281
595 768 999921335
882 554 999795436
449 285 534740110
84 71 899823439
699 173 173143269
61 905 618381019
769 113 999916796
925 462 350419554
981 778 999941784
833 497 999891556
158 534 324899192
937 990 999984525
346 319 999835873
824 959 999882947
993 490 594409825
954 529 861582840
264 730 999891757
93 488 999872381
569 598 999982763
947 757 528137339
799 472 999857348
965 500 999931966
950 329 999996699
7 173 634743255
899 299 999981893
484 662 999809413
344 195 999995897
641 410 612314676
916 115 999994816
829 922 999857950
118 793 999891866
997 864 999986782
827 963 999940865
870 872 999984959
648 237 999802002
139 211 999845578
794 436 999912376
650 625 999815306
852 178 999871340
303 152 999997266
716 989 999923540
914 693 999800444
596 875 999842008
295 352 999860594
239 544 999900346
933 994 999832905
675 588 999933880
947 659 376460190
927 917 999837539
776 835 999844038
955 455 999981037
987 994 999933484
522 965 999940230
349 327 316887417
848 453 999825228
969 936 999970090
349 236 803001482
892 222 999996717
941 922 999945629
671 930 999796070
279 846 999824182
404 408 766255320
10 276 999862657
812 633 999880582
741 281 999971452
866 349 999886041
511 602 999902368
629 648 999873583
386 158 14742181
866 301 999915806
466 758 410987119
702 679 999836507
990 955 999922340
800 950 999808194
390 19 493983745
806 864 999934229
833 444 102778105
365 442 999803914
652 459 999933600
916 914 999810482
258 308 999935611
597 55 73057183
862 818 999875778
831 350 999981387
864 765 999932639
285 190 999848824
476 144 999965507
765 250 999864243
901 220 357333647
898 875 999997286
400 976 999814686
751 815 999910696
459 885 999976509
424 460 999797521
857 294 905272849
520 553 999815426
611 579 999942555
214 842 328954196
973 966 999893481
845 866 999842278
31 658 999980030
943 883 999915544
96 535 537344391
677 424 999796697
786 305 999905885
208 660 999859909
137 209 996773363
290 204 999894882
939 747 999903069
992 889 999864553
384 720 999901256
671 406 398056480
243 126 120705794
9 532 999871679
275 684 992233927
174 813 999832606
653 754 999977915
534 896 999815852
267 795 999839272
518 916 999971442
721 924 999802794
762 926 999958477
257 719 999835742
680 287 62088812
99 531 999886669
378 376 999975857
339 233 790939690
810 279 398820533
249 349 487699347
824 695 999997402
886 771 999999835
224 431 999917454
26 687 493980031
599 507 235442727
243 463 999943163
581 892 91390020
956 765 999821065
240 923 999921977
353 817 999940038
948 936 999966051
836 702 999956257
385 515 228796076
835 667 999905878
96 777 161259591
428 517 999816327
959 921 999877779
229 618 999833640
464 333 999958658
551 987 999937526
965 201 999868004
461 46 999867077
54 105 999834768
213 411 999945786
560 725 999881421
119 795 999996193
964 999 999971991
895 839 999917253
712 294 999845396
979 716 999973226
517 555 103756014
681 231 540521425
913 883 300295672
987 758 999986809
427 881 726765399
900 611 999810894
886 370 999875531
161 735 228796076
889 824 999882594
233 235 999960571
395 712 999825942
561 814 999948258
904 905 999795273
729 776 999962057
893 838 999994931
394 687 999907581
616 609 999956123
833 486 999794906
699 439 861582840
860 895 999878055
984 992 999926855
565 865 999820067
681 801 999913749
954 967 999817576
943 955 999819129
990 682 999949812
948 482 999885000
842 11 999897520
748 108 610721038
324 303 999943994
955 959 999936285
623 611 999987516
951 941 999930576
147 359 839048676
913 545 809078475
866 738 999882883
818 288 999954439
410 103 999893077
129 616 999868794
768 849 260795969
223 712 544367526
948 720 999886587
412 567 999915630
477 551 999844222
348 972 220281192
535 313 999945595
405 563 689219522
573 454 999799283
767 849 999956399
119 296 999868609
97 311 999879364
511 965 716413273
753 974 999904111
321 633 999911484
608 936 999821096
583 486 999869477
898 903 999840298
824 951 999992269
808 801 999813314
412 334 999817724
170 582 999965236
808 603 999803854
913 998 999967814
915 501 639208274
492 192 177188209
757 855 999956760
150 688 999801779
318 908 983287853
617 993 999898799
210 978 999824243
785 941 999932734
994 889 999945978
684 185 999909710
763 788 999928764
72 696 999955535
338 473 999850700
728 475 31373487
941 895 999991098
399 808 999995027
602 697 999844008
848 334 999959818
818 959 999869238
834 872 664390933
716 542 999949242
574 624 999891576
151 281 999972580
865 223 999929580
905 690 999952288
793 106 400852835
255 910 999917639
43 821 999794045
761 460 999978904
936 509 999799430
604 548 999983025
249 818 999961726
154 318 999844555
645 410 999921434
88 137 931059924
523 366 999982781
785 233 999874852
718 883 999882312
675 871 999970510
669 245 999928899
424 432 999827949
881 580 999851331
938 945 999901404
903 291 999919924
719 596 999997102
190 939 148812575
165 811 404028234
618 783 999980402
757 343 797670339
620 853 999805839
233 301 565811254
749 384 999856378
996 975 999937698
809 999 999864776
977 489 766475405
913 961 999954914
324 213 999899871
181 195 999918715
948 971 999831305
137 803 999823297
990 982 999990081
582 352 999946200
593 483 497304861
373 922 999928362
400 128 205436303
781 920 591277932
900 978 999906765
799 824 999897124
845 567 931059924
697 238 999863534
880 494 999847919
997 959 999881208
817 760 999822206
896 12 999980340
444 685 999822852
988 992 999822601
836 520 335574931
914 356 999864818
836 827 7312630
672 364 999843459
447 711 999893162
295 159 999892000
148 469 999871197
798 786 999867876
793 615 999920423
460 797 467559920
326 977 999936839
655 841 999927768
836 914 999887510
936 841 999800595
283 183 999846102
777 194 999872071
951 786 999830769
962 931 999965712
221 525 120705794
758 956 999874038
149 737 473539342
717 593 999819223
245 844 743840827
420 597 999947655
70 595 999973750
138 573 999926216
829 190 999872639
485 846 999866193
505 144 595542187
999 981 999933717
215 633 999816192
617 53 631494366
472 246 999818194
980 992 999967539
73 406 299118541
22 464 180503257
34 15 999944651
573 153 591309922
634 899 999926974
19 775 91390020
956 245 999974502
521 479 999962103
165 930 999814227
512 403 999982541
993 387 999962215
494 1 999821310
486 641 999891762
217 984 343380036
714 870 999920336
480 146 999859148
840 373 999902523
370 420 999999673
766 343 999988846
651 313 999900638
295 481 999985027
925 496 999845984
597 632 999813396
617 534 398056480
753 291 732473243
55 44 999828060
962 693 540521425
673 140 999885945
939 244 920476377
468 552 999804523
871 555 999863146
222 140 999902867
949 997 999964773
114 995 999857380
462 946 999970018
815 544 999851422
502 694 999850005
625 683 999810304
165 222 594409825
255 356 999952266
252 827 999821053
779 460 999862218
655 924 999829475
217 736 999837580
229 422 999811333
805 995 999803311
906 965 999928739
83 111 999836478
850 982 999876564
694 919 999952006
515 867 999917522
850 609 999805107
719 58 999837879
536 48 999839697
289 589 999938581
878 42 999817455
454 458 999953342
645 109 999921181
144 174 999959034
154 188 999809286
877 484 999993728
906 242 92107517
377 612 717948987
422 798 999994245
27 640 580160573
172 574 999928291
409 813 999861953
801 925 999964947
528 124 999863392
138 587 999959140
543 646 282635554
978 997 999966033
750 950 999992305
618 623 999978382
819 843 999891975
114 198 999859661
488 274 999850386
202 649 999885510
760 957 999978743
246 725 803001482
95 951 135287855
522 465 999817573
897 645 999800129
730 657 999994918
499 309 917688757
894 981 999908684
813 362 560349639
924 506 999912805
993 997 999900209
598 800 156591673
859 263 999927681
93 665 999996307
104 641 999838083
783 128 913499374
934 732 999944976
419 857 999855479
542 264 999873461
999 892 999855715
123 677 361127095
364 162 999955392
752 718 999992187
520 490 999935226
839 806 999856306
523 926 999863509
678 457 999810198
646 852 999887516
908 920 999899642
698 869 900078975
913 972 999907280
641 647 502416658
594 817 914701376
640 442 999927870
434 1 975472616
980 147 999808100
999 988 999876857
282 902 999871317
125 852 595642503
992 391 999956220
484 764 999962483
958 706 999837645
539 139 999985456
483 355 533145077
753 231 999862268
192 38 999835258
925 924 999851582
954 242 999994656
900 677 999999244
594 813 685032061
88 209 999820264
568 443 999921166
878 857 999843526
23 703 503557262
640 892 999958673
271 445 999986956
512 658 223762532
268 958 999931472
398 102 999957219
897 960 999857738
975 722 999884736
851 309 641590137
689 832 999895987
459 361 844167166
381 408 130352912
874 39 999989765
836 970 999888772
400 819 999936707
712 253 999891665
489 313 999960262
696 62 809078475
12 350 999860988
573 542 999972488
876 57 999885856
8 548 999875665
88 812 664518316
354 134 999859183
994 995 999850011
979 983 999946039
312 303 999892826
840 113 999991935
655 599 128206468
937 977 999794513
706 834 999818533
601 652 999847122
731 631 999801911
412 513 999811358
263 59 636014256
796 81 999928004
454 45 999986286
57 315 999804896
757 654 999911288
507 320 999942196
893 436 999902223
962 734 368071966
568 594 843832025
564 349 809916057
963 624 164065598
932 722 999943995
958 877 999887658
685 529 636014256
17 172 999966608
999 985 999934085
372 610 303914354
658 991 729963274
599 161 999813958
689 824 999985636
528 48 564687812
938 80 378313407
790 991 999802484
499 315 999959500
974 58 999918140
861 705 999829735
996 995 999941843
995 203 999904364
564 269 303914354
18 198 999908197
876 901 999818835
500 859 365332376
964 985 999900746
712 856 999894610
805 600 999830046
918 873 999883951
1000 977 999921426
941 829 999922974
826 486 999857015
922 13 999809061
129 948 999972619
472 628 999893214
638 979 999868790
859 682 999816314
874 737 639208274
373 864 999840955
747 566 999999457
569 574 996551562
837 957 999844927
252 966 999873046
532 396 999816956
970 915 999821246
521 729 999894712
953 262 597281931
890 134 4369280
606 519 999923260
616 551 999836610
922 650 999793550
991 904 999868552
460 964 607585908
846 826 999972191
911 973 999908650
915 800 999821533
707 825 535224417
906 835 999974821
838 849 942426300
935 503 999849700
476 109 999847539
852 874 999930545
205 758 819209974
671 263 999976737
643 279 780336998
537 861 999816090
156 957 999803196
107 877 343380036
33 835 999999528
579 373 999875104
969 700 999974548
609 462 797670339
660 927 999816143
638 730 999923107
644 300 999905396
967 421 42575030
787 563 999990383
320 382 999992869
435 757 999862587
786 388 999836358
364 962 999855844
999 1000 999813038
294 967 999848743
524 943 999946010
761 709 999894405
464 726 999851995
831 866 999793454
889 569 999805774
987 744 999906503
421 980 999805725
952 210 135611734
258 899 999942462
336 10 999924942
876 882 999950212
367 450 999942451
907 851 999990909
981 699 999917397
870 917 999993530
54 566 999868527
521 650 999892329
737 419 999980171
285 772 393954218
79 214 710896183
591 541 63296129
153 230 665902957
832 923 999819813
854 733 999849815
865 713 999823579
209 70 999817480
870 771 999902961
844 442 999979559
967 858 999946876
410 759 927309088
530 190 999860365
364 713 999941869
1000 569 999872895
713 850 999814911
697 542 999994208
78 314 999991956
772 319 999855612
971 880 999942488
23 47 999851418
875 761 999892100
840 442 999910807
237 718 999933777
822 299 999958648
684 890 999895056
729 725 999992139
117 17 845834516
359 683 710896183
792 978 999942610
176 311 999960601
618 797 999960278
596 61 594409825
567 196 81554863
993 987 999942104
215 460 999883581
505 951 454406510
645 580 999897368
982 675 587080078
589 848 901380122
271 508 999875013
975 904 999999905
180 400 999873448
834 790 999992821
357 451 999967951
482 155 223762532
409 587 999844277
909 211 999982993
887 440 999957390
831 481 999869228
907 657 806358942
323 77 999935053
807 384 999815887
171 994 548527824
813 688 999812607
517 138 999838479
334 626 999999205
71 281 999798021
559 231 999916103
661 24 999896643
955 940 999953367
540 608 999974017
723 752 999989320
988 994 999953157
662 617 641470987
434 330 999950580
342 810 999872773
439 652 999826744
868 338 937684812
641 359 999907651
853 971 999898982
639 270 999926670
70 507 999841617
531 227 999972594
430 497 999998963
153 783 999805287
726 912 999857525
323 769 999921913
960 694 168018751
639 872 999922775
940 997 999812131
442 451 999842441
414 716 999916584
178 924 999852715
705 825 999971380
572 740 999874833
317 647 999960302
271 492 999894539
650 464 487139716
953 875 766901098
939 805 999887606
592 723 900078975
803 450 999969552
987 997 999987368
741 193 999925391
899 729 999887497
890 633 999850925
879 808 999977877
980 997 999905613
736 640 999926977
273 598 595651184
266 986 9203075
549 205 999845392
471 667 999849799
642 986 999917442
750 919 999807378
845 257 999954547
995 946 999841860
987 966 999988562
956 978 999884640
129 530 999916958
239 556 999938450
504 981 930621069
929 971 999941234
757 886 999836639
574 585 999955441
831 993 999932644
499 179 999919650
193 950 772290719
381 52 999862238
855 898 999959751
175 20 999801455
971 538 530298689
847 782 999941960
344 758 983287853
547 101 999845291
553 961 999861098
816 217 999950651
811 857 999891710
472 592 999932057
429 160 499233688
794 858 999977255
199 730 999837799
961 889 999825196
916 993 999914564
871 995 999966889
923 94 999942591
853 679 999862543
347 406 999904961
427 411 999858581
976 919 999952609
682 243 999846926
451 530 999967642
801 372 999984159
923 499 999852689
950 483 671204602
528 5 958973208
956 78 70527990
12 743 641470987
866 411 999841804
901 844 999914676
910 401 999938401
494 753 651487388
323 910 326802675
993 62 473539342
388 199 999820587
616 45 999957855
174 49 944490417
153 887 999862053
720 740 999926466
450 680 999907283
955 895 999836070
962 634 999929474
690 162 999814130
889 526 283591599
842 568 999909746
425 278 999903973
617 621 999795999
524 825 999998558
832 337 999832402
637 380 875081722
737 664 999947075
905 988 999995030
976 565 227688965
870 881 999822667
570 321 999856806
838 561 999972915
766 729 999817333
155 181 999925882
833 988 999916756
875 375 999908633
618 566 999892929
985 885 999826434
807 734 116103480
883 285 999976471
865 368 999862494
229 84 999927267
781 928 999848448
836 807 999895129
973 281 999980361
329 753 999920980
674 493 999947613
19 837 999848052
509 756 999920550
672 715 999838688
691 782 999793452
923 927 579766857
852 529 999896824
915 46 983998200
862 564 999810771
812 216 999804909
815 444 999966551
176 490 46387822
789 843 999922332
688 959 445869116
796 505 342200049
573 755 378844872
613 894 999940905
674 800 999902254
711 980 5467330
742 936 999944405
734 845 999802437
647 871 999835436
851 779 999938101
289 491 467559920
960 760 999976798
552 373 810893951
109 282 231517959
981 433 999911921
210 522 999967293
160 589 999834666
813 589 999983984
858 775 999927977
468 174 415155754
863 683 638548568
999 994 999995098
568 579 462321879
715 681 999846944
399 476 999976844
561 189 999877477
368 362 326802675
201 668 999875044
242 870 502416658
263 624 185244272
955 336 651487388
707 654 999966066
733 236 503120603
478 492 999884765
658 488 999806225
536 850 999925042
951 963 999894981
750 801 999926196
327 606 999823599
708 207 809078475
407 913 999833787
553 464 999865791
171 849 596201121
336 737 83267909
798 748 999804115
733 598 999839167
538 578 999846184
879 896 999825765
269 540 999919492
485 460 999802801
77 374 12125285
819 865 999831570
565 171 999991717
343 236 999857581
766 617 999955540
494 856 999936482
366 811 999947513
740 562 937253879
906 245 999826460
380 261 999978044
388 444 890747527
397 544 999859518
144 987 999821185
744 84 999854757
625 451 999967789
298 484 999823782
509 155 618508622
818 985 999851954
187 736 999921842
165 413 725281585
966 96 999993717
58 828 999806889
685 585 999832640
983 591 999844702
490 105 999959348
794 955 999859643
719 259 999942959
520 377 999822127
793 868 999886863
247 986 999977603
226 2 534740110
631 964 999854462
561 136 284954423
497 34 999890851
428 391 999984658
915 55 999921000
736 437 346333510
781 858 999895582
954 982 999954907
990 987 999830270
941 966 999828894
222 825 999921772
400 480 999802197
793 492 999867357
496 825 999918878
150 781 491561852
518 441 999797506
709 978 999911990
854 635 999875994
448 163 999818517
