1000 5000 984191816
356 591 444417790
564 735 36590773
716 846 733903425
791 552 275983005
676 465 266339809
826 179 535921822
232 858 330053730
515 112 694802470
68 403 794475773
492 347 318691742
421 985 629046410
69 207 289820552
483 624 481484854
736 160 595674502
387 928 352598464
751 251 883790768
597 71 614942001
513 356 291327087
358 839 749734654
258 505 480505371
37 581 267335597
364 366 594940983
224 291 927010653
299 236 665905816
589 170 864479546
344 164 727798474
167 31 485595883
808 837 733903425
615 1 304199775
858 813 886519692
60 322 273238752
490 249 796971584
284 515 62233766
852 679 143980971
133 522 418306593
85 113 145450883
569 75 905519333
506 964 280382586
983 412 999709295
991 700 651276496
594 220 294739185
236 460 548896596
256 249 779937012
89 423 124794896
16 676 450066144
813 292 388133190
793 59 519987665
159 785 299249757
929 599 130484342
42 270 691960329
674 170 39959136
879 480 746902443
799 396 694651497
170 255 162595335
673 646 771980192
872 762 640964570
188 2 350938757
375 282 476244702
537 27 365706786
750 32 519078018
83 130 536551384
767 388 229041738
541 185 721318408
555 304 106497181
473 163 408444739
372 315 951301983
729 685 828477857
474 215 880502631
842 891 769284446
465 213 807944360
479 422 315431848
991 285 707462264
236 162 91215236
745 361 402553217
895 428 694802470
621 785 508715361
745 656 152126262
545 164 847383344
289 142 76855977
827 472 354766738
184 54 383285767
483 51 743896731
71 996 408122351
278 22 75060756
88 631 712729298
291 904 4678510
638 928 905519333
669 823 597631643
298 256 461844262
821 418 88948745
740 239 804078601
336 628 971428404
561 368 196177207
91 64 999561934
523 548 33824004
432 240 158373399
820 443 406910193
365 277 585271451
832 605 418306593
838 420 950787487
61 950 315431848
678 263 559252486
170 801 511307454
827 253 107230392
780 186 411215675
967 346 408122351
100 907 59233522
829 876 102936731
574 336 774140538
610 924 721318408
581 519 283739257
454 842 599025886
612 196 68209384
46 608 907751425
317 621 838008740
511 533 146102008
254 119 413140884
425 600 74278217
364 136 161245230
764 212 480505371
909 10 481484854
60 393 209567382
708 810 882133856
359 153 472882559
8 720 593795701
491 332 960700446
713 856 213131997
672 618 331100965
327 354 273247718
712 558 74337580
911 403 573407450
816 408 630646760
248 14 960700446
918 998 480505371
123 877 414391746
787 495 519078018
23 499 265652901
216 910 779991097
809 323 161245230
402 279 405411183
436 555 950787487
439 776 597631643
291 147 243491659
143 984 430874214
971 383 576004425
239 712 704393742
659 591 642286729
355 505 994783792
260 414 883790768
241 38 106497181
332 826 586827586
789 819 515720568
741 840 585271451
533 392 74278217
373 662 29912948
224 75 831200633
672 228 445301574
792 504 667980347
667 529 549101949
586 588 63377884
324 14 585271451
112 264 593795701
750 714 537790185
526 997 40477080
443 472 561637261
160 947 779450831
143 716 63377884
753 366 373945845
394 975 878550372
184 843 467652354
573 329 476244702
960 284 949096017
777 287 733903425
573 841 768291071
119 291 165337225
700 134 549101949
236 748 267335597
412 901 506580101
485 254 548513865
211 384 346987293
694 143 74278217
205 285 817113458
576 281 803763342
265 419 424283312
984 192 696405627
478 863 303822042
441 939 75060756
861 445 330053730
527 22 921362036
12 839 467652354
635 975 75060756
663 377 583647816
795 716 926708954
582 495 88544844
270 621 593795701
272 739 603567420
743 662 927010653
77 993 727765105
103 518 177267528
661 992 667980347
760 809 716763174
449 751 303822042
812 465 243493803
323 840 74278217
933 752 760613291
24 899 414391746
167 990 238445646
209 97 592981309
664 822 880404122
334 725 306022544
168 660 831200633
366 4 999561934
982 925 267335597
456 985 445301574
712 277 721514999
960 835 996502237
140 311 646663836
196 244 691960329
35 851 583647816
193 117 603413914
853 142 878550372
482 222 235647756
149 196 801702675
470 75 177043038
718 164 794073535
997 451 302933688
491 655 939890727
164 569 475913458
640 81 769284446
840 169 727798474
430 795 528316317
662 341 332772758
643 768 520458127
972 498 393820826
775 651 696405627
504 129 754308207
53 56 573407450
250 292 350938757
957 988 969442351
163 419 21195523
931 36 365032068
500 619 163714671
494 57 465702106
846 519 727798474
180 236 733903425
345 217 605437657
247 996 997849110
233 811 421195255
497 96 745012997
571 653 465702106
475 717 996636431
156 220 340638481
192 225 999561934
514 237 330053730
435 82 647437937
612 832 630646760
944 802 23680248
364 148 465702106
791 772 576391498
197 266 831200633
153 788 531192843
849 202 45059367
560 579 882133856
495 379 8380883
552 842 476244702
458 300 62543754
757 286 356343026
604 71 673224183
669 5 229041738
41 558 850159596
737 915 512261660
315 324 776563723
533 462 881124902
884 938 129502861
716 294 124794896
291 77 213254356
493 68 950104771
45 309 569840215
642 132 693412585
772 607 413140884
146 326 834428869
670 674 595865969
433 721 569840215
144 516 512261660
194 969 605437657
972 198 905519333
327 280 332772758
350 882 949096017
17 594 712729298
58 55 744525550
956 79 629046410
168 880 91215236
992 171 456672409
182 913 804078601
906 319 702942786
119 606 512333965
868 531 438926121
195 370 971428404
359 699 586827586
666 475 501937029
67 719 996636431
607 603 879661472
267 291 309764692
102 682 352187869
137 34 733903425
588 172 712729298
821 508 114841335
945 167 229041738
601 436 640392739
707 157 479188210
976 671 769284446
902 62 491114347
958 637 23680248
892 76 969442351
160 777 594940983
807 124 30579372
591 705 63377884
68 93 834428869
983 476 265652901
548 916 693412585
318 127 40306728
192 109 102936731
729 166 273247718
267 411 464933355
190 74 40477080
562 495 511131189
353 818 386311510
238 595 217394773
6 722 340638481
445 161 674659413
361 846 796971584
126 931 609471163
419 199 574755636
799 360 926708954
512 685 471429333
372 226 59233522
11 864 696405627
701 538 702942786
109 404 209567382
290 261 856852711
662 936 800687015
961 634 401485780
428 182 500628142
898 615 820670949
210 607 186724408
465 174 594940983
412 592 585271451
143 999 168483997
577 27 381532693
817 575 776563723
301 931 765218259
252 412 253457772
797 398 834428869
779 747 576391498
211 485 572490315
175 570 253457772
464 309 916201869
399 585 667726670
989 903 583647816
382 290 485420020
296 798 68209384
219 213 596553684
974 598 302933688
912 302 552750503
868 434 531192843
707 731 528178349
321 472 87301752
760 469 164122550
909 611 627365412
528 299 164122550
107 202 579159005
301 263 445301574
438 861 636757256
585 531 746559406
855 3 300821029
782 924 831152470
866 497 24778399
356 881 693412585
769 327 106041636
721 896 640392739
246 676 572490315
346 703 776563723
917 48 573407450
120 697 614942001
202 878 152126262
583 539 837773275
375 914 416519244
438 892 962110865
876 467 716763174
407 770 946904344
271 17 727798474
982 650 465702106
507 876 232815860
492 662 845497949
857 709 752455041
414 33 489417804
566 970 548513865
619 504 225294342
687 268 294739185
437 184 646663836
911 95 528316317
22 35 62233766
213 275 636493033
588 662 459187705
563 491 656801744
533 524 801702675
114 882 776563723
139 713 177043038
852 596 807944360
146 594 186724408
850 400 878463965
175 87 421195255
330 746 211344071
938 251 386311510
582 28 872917932
160 40 518301447
997 847 527820567
557 962 688637819
909 852 444417790
375 711 29912948
706 544 573407450
165 59 640964570
757 854 424503221
871 777 866576211
1000 146 142015550
784 602 834304133
826 371 688637819
335 64 971428404
346 26 548896596
744 487 350938757
333 119 528316317
495 344 685336032
788 362 335237749
665 69 106041636
147 61 776563723
246 220 40894298
629 346 476027245
535 19 168483997
472 266 74278217
771 223 779450831
779 352 221664217
709 730 746902443
105 798 860976684
850 890 959033407
183 163 804078601
13 416 751774508
591 921 804078601
708 200 959564627
510 892 702942786
860 259 807944360
240 33 124794896
526 187 30579372
587 879 107610169
939 930 771980192
715 131 828477857
35 831 801702675
483 961 157664321
917 600 340638481
463 707 746902443
436 115 949096017
584 59 749734654
387 746 491998320
77 681 91215236
369 592 421195255
559 864 800687015
684 38 502088243
370 759 365706786
506 153 341238636
692 896 346987293
710 893 161245230
940 107 704393742
427 352 760613291
848 22 573746300
543 945 752455041
968 223 967437225
238 963 603964822
782 671 235647756
960 211 858835352
21 319 18088159
525 367 251308657
241 188 882133856
808 874 475913458
520 470 760613291
264 763 595849769
237 239 685336032
57 259 244039283
406 844 660131747
512 112 636757256
886 898 465702106
669 314 340638481
310 4 955414823
87 916 406910193
919 432 603567420
84 183 596553684
663 311 416519244
390 97 58981251
669 811 904184983
427 556 491998320
927 556 33824004
403 745 502088243
409 803 713569432
551 372 704393742
670 689 920427090
378 485 520458127
6 807 356343026
395 860 593795701
318 415 365032068
870 453 745012997
309 803 124794896
64 592 729781352
849 186 63377884
355 88 548896596
836 989 793812259
48 583 88948745
94 468 892258915
398 835 388493331
134 690 362744526
855 106 819084377
880 3 847383344
979 567 345183166
804 142 275983005
798 733 405411183
583 644 91215236
353 147 211344071
483 724 401485780
472 855 596553684
92 28 50281912
798 312 642169549
375 903 359746891
340 911 243493803
702 763 959564627
336 113 872273096
806 362 633730246
466 612 579159005
953 41 636757256
358 895 640964570
516 307 997849110
93 204 352187869
974 264 918425492
74 361 579159005
905 291 616439511
546 836 769284446
767 938 485595883
687 90 273489624
284 455 180378772
82 445 491114347
483 794 665905816
541 510 402553217
340 269 800687015
823 294 63377884
457 882 59233522
260 349 511307454
967 872 527820567
533 671 491114347
298 338 243491659
97 534 412976897
860 101 460019989
817 998 784589934
548 744 460632190
79 815 445301574
993 439 88948745
705 59 651276496
25 807 187380363
734 866 721514999
713 121 904184983
443 743 559624684
201 871 427339474
738 994 152802047
99 193 347452681
252 160 427339474
62 54 99197968
189 824 87301752
438 865 817113458
342 677 751774508
170 132 595849769
138 637 856953814
828 760 685292910
481 468 472882559
439 521 365032068
369 755 642286729
30 783 769284446
805 904 548896596
718 880 386311510
872 978 583647816
712 367 162595335
439 604 781641491
348 830 963921784
677 925 74337580
351 7 904184983
652 42 790239855
528 386 508715361
189 814 803763342
229 314 696405627
468 951 605809113
59 66 864479546
937 18 930751798
589 357 879661472
452 584 253457772
500 221 327967278
313 173 549101949
949 757 88948745
796 24 393820826
629 316 300821029
974 272 817113458
882 132 595674502
957 533 751774508
615 55 727798474
850 969 162595335
719 544 949096017
840 145 842758371
231 668 569840215
787 477 848616199
701 784 221664217
654 467 403621085
158 153 694651497
112 573 603567420
527 653 485595883
790 985 999561934
273 98 879661472
563 202 837230440
320 558 362744526
569 549 714589588
214 384 354766738
603 397 418306593
515 962 636493033
749 614 520458127
316 588 511131189
547 623 521792871
31 243 996502237
993 173 211344071
576 737 858835352
417 856 734451954
496 395 768291071
934 906 172005055
236 994 882133856
804 364 713569432
901 796 381532693
393 305 721514999
995 333 734451954
950 768 600853074
917 880 63377884
941 559 393820826
866 15 716539605
658 11 423156053
401 973 548896596
300 109 161226533
593 725 26778062
808 293 857820738
242 814 527820567
767 65 295259331
249 565 594940983
920 675 152126262
274 243 501937029
163 374 168483997
415 680 341238636
294 639 251308657
211 832 514294868
424 223 294739185
379 621 882448214
698 459 856953814
97 875 424283312
981 479 765218259
855 385 444239303
291 306 804078601
425 206 93056043
735 406 907751425
164 859 481484854
612 934 221986811
602 86 784589934
249 343 357779435
64 883 576004425
125 877 24778399
454 413 781641491
641 388 530314620
501 630 779991097
896 528 232815860
227 419 939890727
595 448 109324506
676 20 346987293
230 217 62543754
617 947 572490315
821 542 893275948
218 447 211054501
283 221 719440577
453 170 892258915
424 572 531192843
392 944 161245230
895 990 29912948
94 615 694651497
980 758 963921784
297 626 15304999
496 52 316570956
245 281 828477857
387 827 501308732
839 908 595865969
695 365 719440577
881 39 694802470
633 20 540176101
873 446 514294868
398 150 693412585
645 79 633730246
141 225 707462264
878 887 631001017
111 948 950787487
702 445 743849342
691 306 717530316
526 599 546667418
170 431 955414823
259 239 309764692
27 293 74337580
509 842 213254356
394 778 476027245
925 691 631001017
955 506 779991097
975 493 751774508
291 550 449326789
508 928 289409288
218 606 345183166
15 567 603413914
939 522 23680248
989 766 180378772
507 894 774140538
151 752 955161627
318 404 381532693
173 256 388133190
773 676 500628142
692 308 718235978
140 60 781629451
63 220 157664321
920 135 743896731
98 767 62543754
268 105 847383344
722 971 267335597
965 77 712729298
614 529 636493033
456 408 580938670
368 726 636493033
547 994 579159005
551 308 518301447
664 201 727765105
286 486 152126262
777 879 196177207
436 728 942200063
632 532 157664321
697 649 176100355
424 800 856852711
917 889 88544844
554 740 743896731
241 111 471429333
504 451 864479546
708 845 107230392
393 730 955414823
779 946 93056043
799 179 884656888
245 228 95221345
970 182 465702106
410 590 548513865
688 901 63377884
323 711 856953814
248 502 957805162
444 539 603964822
31 725 573974598
508 657 225234444
390 143 999561934
543 417 491114347
463 800 842758371
212 670 603567420
786 424 405035228
560 182 357779435
811 935 502088243
956 558 790239855
959 44 779937012
873 727 449326789
450 453 519078018
56 49 741090994
262 518 848616199
850 473 289409288
602 723 62543754
155 215 640964570
358 503 831200633
29 369 124794896
754 825 475913458
65 888 91215236
283 102 165337225
51 302 512261660
100 78 640392739
122 130 18088159
646 983 401485780
223 389 232815860
368 13 450066144
61 274 381532693
295 540 838008740
144 369 781641491
943 227 774140538
533 408 107610169
483 732 157664321
202 867 752455041
122 647 595865969
927 178 512261660
235 542 502088243
489 142 253457772
87 876 599025886
284 401 892258915
497 494 880502631
134 553 559624684
80 842 796971584
339 302 860467642
100 203 143980971
675 424 881124902
486 997 656801744
310 170 129502861
995 910 848616199
328 216 413140884
555 208 548511798
625 662 232815860
417 337 63377884
752 882 994783792
189 436 559624684
40 105 790239855
551 765 796971584
487 838 595865969
65 761 330053730
452 100 471304988
932 697 406910193
362 143 721318408
507 257 515720568
890 391 139369064
627 13 548511798
578 79 511131189
346 616 413140884
626 575 436670200
505 290 365706786
440 266 30579372
422 946 920427090
114 448 93056043
404 193 951301983
662 184 138456487
782 551 984543479
976 628 531192843
567 478 955161627
498 372 165337225
368 717 130484342
104 622 962110865
385 987 963921784
675 621 424503221
862 563 727798474
833 7 882448214
311 171 685336032
345 834 597631643
851 869 157664321
291 239 416519244
832 614 880404122
950 491 521792871
959 190 600853074
369 690 406910193
499 238 999561934
648 929 352187869
293 544 393820826
46 419 699937457
489 194 357779435
88 977 716763174
828 293 444417790
369 381 586827586
442 568 548896596
461 798 744525550
181 430 771980192
726 966 250073163
518 237 379964904
70 539 699937457
222 72 221986811
998 491 152802047
239 303 512261660
167 754 354766738
50 856 383285767
488 443 716539605
956 900 939890727
95 426 528178349
73 504 713569432
819 71 91215236
462 410 636493033
35 561 2706794
698 885 402553217
21 704 444417790
32 22 508715361
116 85 997849110
80 710 927010653
693 398 880404122
944 990 727765105
990 405 221664217
986 88 727798474
348 234 476244702
447 110 109324506
196 354 771298980
904 245 688637819
186 613 388493331
881 978 285829570
445 53 114841335
675 923 519987665
691 20 769284446
261 432 403621085
123 236 905519333
383 497 4678510
757 446 341238636
65 429 402553217
720 661 559101671
417 636 225234444
620 879 959564627
156 897 605809113
221 1 834428869
517 100 38150494
366 74 859343302
173 363 406910193
246 292 760613291
772 756 515720568
228 331 75060756
36 895 850889543
106 86 515720568
997 152 518301447
791 51 838008740
108 840 238445646
9 141 145450883
632 822 893275948
263 484 823240339
922 77 485420020
697 341 309764692
254 72 719440577
402 149 153872903
501 109 779937012
758 429 743849342
4 128 869977281
259 423 109324506
926 255 502088243
104 82 501132576
151 941 480505371
954 159 999709295
688 195 186724408
321 154 996502237
34 281 460632190
47 626 340638481
400 809 721318408
930 374 781641491
669 276 501308732
781 27 609471163
114 530 576391498
643 242 573974598
445 380 790009457
679 108 595865969
69 283 519078018
952 810 162595335
65 937 408444739
838 946 480505371
224 640 449326789
580 574 834428869
670 60 942200063
528 177 926708954
935 942 331100965
536 259 518301447
471 815 142015550
376 628 225234444
474 587 881124902
671 684 491998320
217 711 942200063
732 492 152802047
38 647 172005055
118 144 884656888
325 273 460632190
259 696 880502631
191 748 285829570
78 774 712729298
580 742 912748293
7 725 411215675
183 527 76855977
43 287 161245230
683 660 714589588
231 463 795930318
657 473 304376556
715 923 882408791
176 798 388133190
307 568 734451954
944 838 872917932
357 937 414391746
129 30 745012997
948 637 930751798
31 564 421195255
609 236 916201869
200 795 291327087
371 268 781629451
288 411 107540240
540 810 421195255
147 19 746902443
283 651 930623754
631 323 519987665
45 132 926708954
54 770 59233522
855 459 211344071
887 73 776563723
56 585 927010653
234 191 444239303
432 686 878463965
591 410 999829714
301 328 999877243
817 50 999782004
784 466 999971508
880 852 999985006
227 960 999991590
166 762 999967763
45 419 999881804
642 669 999798475
448 394 604688476
846 900 999746121
973 847 999767792
865 972 999951225
918 689 999895043
976 954 999927084
963 955 999954438
534 577 999758220
926 921 999711506
546 88 999792634
937 976 999831984
36 226 142015550
623 646 999759286
289 427 999837712
961 519 999719940
980 868 999713218
72 954 352598464
833 918 999858556
963 159 999917973
498 248 999986041
161 672 999795278
424 672 999760904
947 813 999893176
556 906 999818296
986 732 489417804
209 285 999754822
217 142 999944640
430 364 999823366
669 103 999840464
802 335 999931771
398 161 999894603
20 788 999805985
815 894 999942236
129 438 999720657
225 741 999746651
606 678 999980637
609 310 999742464
725 466 999908653
552 767 999917905
935 903 999762775
517 967 999747937
988 987 999883332
600 560 999792862
485 265 999923738
551 343 999795559
20 145 999963790
885 831 999869101
160 184 999811663
105 843 124794896
579 877 999818622
231 849 999839124
163 895 999922147
44 498 999970774
445 354 999766108
706 944 999995655
105 709 999821213
529 969 999711511
456 143 999924859
842 982 999802738
688 752 999716124
656 148 999970758
29 311 999837101
883 480 999827668
995 990 999968649
344 703 999928439
973 955 999934238
828 455 631388516
709 805 999961723
962 155 999754823
990 993 999947355
252 313 999891090
198 510 999792144
381 620 999937523
357 722 999709302
880 983 999787406
635 963 999997390
424 543 999755628
658 738 999741367
526 284 999778053
985 967 999818339
862 437 999787884
996 568 999715859
11 829 999712678
899 959 999793385
841 799 999727041
80 988 999896008
460 120 999709395
872 578 999797257
801 936 999819979
887 363 999735706
812 132 74278217
343 12 999878407
202 772 999790752
784 139 999945737
895 906 999865623
588 957 999736988
973 927 999716852
89 148 999736624
594 363 960700446
889 962 999971224
531 145 999801107
11 364 999901186
774 857 999868322
159 443 999930345
683 904 999757954
994 809 999975176
300 119 999952429
316 680 999909168
931 911 999735858
818 776 999784098
739 357 999828870
383 132 999833169
504 117 999890462
266 920 999915227
179 915 999959795
983 198 999983208
579 394 999863965
414 318 999893385
373 748 999778045
90 493 999831405
754 728 999964300
654 821 999978044
974 967 999853620
630 375 251308657
248 486 999974435
468 887 999826849
626 682 999807972
970 649 999936793
618 889 999862073
394 473 999997553
872 530 999779084
472 607 999976374
523 23 999840627
437 479 999920543
279 112 999830095
573 674 999742893
969 503 999839942
479 640 999798563
590 618 999989721
708 439 999948081
940 650 999907472
836 820 999969122
384 103 999825013
810 912 999771195
195 693 999729131
92 232 379833777
872 600 999851664
832 367 999867077
839 759 999887345
851 973 999811325
208 23 999854391
824 994 999924805
992 990 999815012
966 853 999835604
965 977 152126262
235 453 999971217
633 235 999841254
931 952 999755619
660 846 999958975
836 472 999920352
183 292 999983460
973 981 999741103
912 911 999853937
26 558 107266201
933 920 999721734
7 965 999963973
885 208 999909680
951 945 999956747
165 877 999907136
566 943 999896816
955 949 999927991
349 912 999775658
691 638 999810778
721 934 999884489
773 781 999773243
579 679 999808579
552 742 999920102
67 108 999874379
802 204 999987775
807 802 999834263
769 863 225294342
995 999 999827893
965 556 999857356
639 60 999943433
693 496 999875520
739 809 999770787
677 977 999844366
985 1000 999779403
705 536 999901461
845 682 999743930
222 211 999814825
436 532 999795356
199 480 999801763
251 100 999794887
838 827 999915741
340 744 999861455
440 232 999802942
461 694 999738352
986 981 999816771
851 874 999964879
254 473 999782170
318 283 999765076
706 35 999734935
728 345 999833654
374 387 999828487
674 320 999987555
813 988 999964101
599 578 158373399
875 317 999875791
704 508 999879861
271 192 999971771
846 805 999771866
916 868 999834834
852 722 999825578
680 77 999940360
812 595 999894076
397 108 999844811
936 530 999865195
640 919 999750687
584 952 999866822
310 965 999801439
755 84 999837809
594 670 999914870
798 615 999862130
798 566 999880926
577 335 999968684
677 569 999861056
824 617 999819237
227 346 793812259
871 863 999949567
292 241 685336032
978 725 999734541
57 904 999970370
905 194 999966205
509 785 579159005
726 620 999829032
481 257 999959441
532 561 999859914
970 915 999925316
890 985 999760293
733 426 999763595
288 484 999831270
169 95 999772651
524 624 999805195
978 745 999923138
733 802 999990822
959 856 999939621
863 231 999968422
951 200 999912154
287 241 999785864
264 644 999763261
194 468 238445646
536 729 999913760
728 495 999805717
659 121 999764401
109 914 999799532
968 995 999923734
939 370 999793133
582 779 999850679
920 956 999726157
120 236 999777289
967 824 999957568
601 563 999912882
892 834 999760336
992 710 999885213
133 873 999768133
221 439 999796006
946 802 999812048
705 884 999983345
786 911 999996303
592 27 573746300
745 742 999942528
704 411 999909066
332 860 999996008
493 726 999817899
228 871 999740785
559 850 999888147
973 742 999817964
885 753 999779620
295 738 999714896
747 556 999789339
324 144 999872442
733 9 999987052
937 820 999966435
574 812 999799101
818 341 999794244
175 242 999985810
936 361 999758291
191 397 999918750
557 912 999786906
930 649 999972754
889 106 999981286
945 755 999907059
959 844 999929757
594 756 999786117
899 804 999875837
494 737 999775271
435 970 999923416
650 169 999857153
923 998 999780199
973 989 999892178
79 606 999993866
884 587 999914854
220 624 999804966
941 903 999871385
809 592 999955096
142 65 963921784
739 1000 999858293
47 599 999942543
475 51 999969206
460 852 999806066
193 893 999912791
534 939 999791002
545 920 999992891
962 980 999861927
900 251 999855960
838 889 999725755
30 780 999799867
461 712 999815627
610 793 999935251
280 331 999976027
424 640 999845059
494 582 999778799
507 984 999721183
877 886 999980200
963 285 999961544
693 765 999829113
376 177 999806837
922 976 999808739
202 188 999876273
656 673 999815242
691 448 999796246
636 456 999881258
918 876 999975359
255 154 999898103
830 453 999749869
636 810 999784725
289 189 999757161
848 608 999816496
446 641 999853066
981 835 999855404
358 726 999744436
1000 978 999843805
624 671 373945845
321 102 999854747
801 621 999887779
179 338 999934137
412 438 999730658
876 814 999853460
78 905 999827846
706 692 999828009
648 932 999824604
806 804 999722119
937 464 999941519
37 485 999891722
730 355 999751188
854 840 999782297
794 266 999721195
211 320 999877978
109 550 999923448
698 760 999981850
649 569 999891800
386 222 999716011
818 651 999942533
973 968 883790768
566 496 595849769
319 188 999906950
561 899 999823553
805 784 999969894
52 413 999883377
55 819 999954273
381 817 999764005
535 574 999856918
297 505 999826355
694 927 999891394
970 269 999772557
886 254 999713603
610 178 999936597
290 565 999765535
525 297 999773854
273 645 999838230
651 109 999875300
326 283 999983898
574 239 999907893
225 419 999835234
814 192 999768309
751 204 999764219
137 479 999761500
793 488 999867437
922 914 999729524
981 125 999801099
971 526 999916459
503 417 999979949
829 848 999925807
831 775 999918735
623 96 999749596
782 991 999900401
900 142 999926314
516 734 999791257
799 237 999720285
874 407 999983790
756 40 999982227
612 556 999888769
983 697 999999574
962 383 999968984
942 837 999901651
849 587 999748375
872 588 999812039
117 699 999892929
982 957 999945973
363 35 999770420
588 864 999722263
906 36 999779884
468 337 999928564
335 413 999914941
80 163 999859206
816 742 999895468
689 4 999724025
623 271 999897136
368 923 999859030
998 866 999795418
319 148 999827980
940 953 999822359
914 732 999904863
920 824 999817913
960 894 999864089
658 516 999744885
536 980 152802047
710 742 999828633
30 46 999978664
275 403 999989073
271 362 999839886
979 94 999937923
275 600 999932762
754 633 999898101
923 745 999793214
999 992 999846035
292 400 999720589
815 575 999903621
402 78 999954098
149 488 999977510
135 868 999803556
991 599 999786613
24 830 999996759
355 410 999885397
887 696 999834085
857 838 999831857
582 299 999923451
986 984 999992026
799 691 999985558
402 624 999820528
848 533 999906674
911 767 999886775
993 981 999754084
907 879 999941765
116 905 999863217
877 439 999738976
213 476 999841778
553 506 999964810
933 960 999900898
648 106 999784790
966 930 999996264
256 59 999940906
686 609 999719193
930 815 999977414
877 910 999791494
759 693 999797416
955 705 999952371
915 999 999756112
475 589 515720568
2 741 36590773
916 140 946904344
644 542 999840781
931 984 999775271
954 779 999830112
311 805 999873045
650 462 999974315
809 953 999817929
608 410 999839231
852 449 999956509
833 917 999871010
900 282 999935848
990 922 999976599
850 957 999988894
64 894 999962085
997 958 999844111
805 288 999878932
880 919 999930359
649 712 999788359
986 998 999763097
937 874 999853262
347 592 999994767
766 636 999826197
488 574 999919698
923 66 999876036
675 952 999728867
806 423 999963383
566 231 999775406
980 977 999982731
900 507 999873769
529 277 999867618
932 911 999815053
199 774 999910926
963 970 999791326
737 947 999757381
311 665 999762590
245 848 999814842
22 322 999899370
875 283 999894252
66 744 999810655
970 995 999911567
802 108 999971466
832 912 999885870
83 171 999966294
102 676 999857287
644 985 999900326
997 985 999940411
710 245 999828720
635 648 999716304
514 308 999825122
717 695 999831951
614 50 999973123
944 414 999788887
792 592 999919594
320 986 999876594
949 942 999930011
942 944 999786619
671 933 999804452
171 511 999728046
903 523 999948180
211 594 999812663
924 408 999852365
72 485 999920212
973 950 999918228
247 85 999993205
444 305 999886480
247 162 999742648
939 801 999828539
503 922 999867271
846 549 999840264
434 225 999994727
845 515 999819705
714 964 999962743
419 790 999935720
932 854 999861134
134 177 999889226
403 135 999841511
40 670 999711420
523 855 999725983
451 260 999817539
121 329 647437937
143 1000 999879755
694 355 999973313
983 870 999864347
660 634 999821725
760 781 999881400
413 329 999740924
496 987 999928576
990 985 999908364
458 290 999973345
796 798 999792781
812 456 999947509
817 759 999937476
262 336 999889922
581 654 999886586
81 87 999864858
149 777 999911861
425 304 893275948
893 987 999743053
900 982 999825203
586 754 999716180
986 413 999934645
684 425 999885763
957 787 999980204
35 17 999905902
979 740 831200633
261 355 999719276
947 920 999789024
788 975 999933274
906 804 999876070
414 976 999842100
928 936 999722606
220 629 999977179
459 987 999849209
975 982 999958180
738 925 999820921
368 910 999844562
748 571 999827392
843 920 999802010
134 663 999965354
992 997 999997358
97 891 999858276
275 731 999875989
878 954 999743227
6 227 999952612
282 983 999709296
693 606 999898929
506 531 999982272
706 526 999908185
845 39 999898417
243 519 999808472
602 628 999942538
734 797 999977288
121 594 999750926
170 356 450066144
930 424 999933717
307 624 999960077
739 722 999774996
136 668 356343026
548 722 999982810
964 935 999908533
393 632 999983530
822 324 999849302
169 587 999799731
99 856 999839628
76 67 999837107
574 355 999860735
933 986 999962805
213 117 999739793
512 275 999804780
528 901 999884996
95 709 999751706
897 774 999784410
564 714 999973585
725 901 999939118
830 395 999905417
990 965 999749829
491 24 445301574
702 375 999838249
710 844 999755616
420 550 999899989
935 952 999737013
771 918 999983195
92 8 999837715
549 871 999812504
502 995 999830132
890 503 999758440
928 872 999877191
946 820 999778804
682 889 999743484
997 922 999762195
436 696 999913257
929 235 999837662
568 340 999785822
862 984 999902474
350 876 999765504
896 898 999823922
802 843 999744584
477 988 999946165
835 501 999996230
908 970 999866733
474 775 999932008
718 995 999770292
643 698 999794882
524 952 999932051
577 669 999842107
553 146 999777599
226 463 999712072
937 907 999752876
116 485 999967560
874 987 999709943
343 173 999903532
997 990 999801278
826 547 999875964
316 483 485595883
873 523 999950568
18 580 999737817
665 839 999733802
851 662 999806460
279 967 999881245
920 975 999969574
896 464 999899362
73 381 999754701
703 833 999841678
407 261 999733472
206 892 999906008
625 899 999944854
977 824 999791286
786 630 999889911
804 766 999744636
835 839 999782880
50 854 999936306
817 875 999754626
949 607 999885000
601 640 999822420
929 544 999910944
269 940 265652901
293 502 999904726
167 886 999781358
56 642 999899558
501 649 999739056
749 840 999973474
978 489 999908291
916 210 999813056
477 722 999960601
299 184 15304999
766 682 999937396
910 896 999873990
964 207 999718913
429 867 999804182
962 652 999792376
730 514 999751942
877 454 999914228
619 864 999773761
226 668 999863976
136 105 999944655
764 702 999888007
587 875 999910679
786 447 999987934
802 339 999954087
559 155 999839446
639 948 999728881
283 187 999959300
854 585 999826995
995 452 999726200
987 863 999927244
947 960 999748626
620 728 999937058
53 776 999897493
960 277 999758738
679 819 999933967
742 864 999784730
723 621 999920738
130 764 999934802
896 913 999999468
737 688 999995672
276 665 999997042
805 697 999717773
961 200 999821189
441 824 999932372
579 969 999737124
854 901 999853768
3 430 999881172
973 953 999875520
795 438 999827918
794 428 999879924
915 823 999996666
663 530 999862492
861 628 999870605
540 144 999863443
815 162 999816222
767 848 999805166
45 843 999935248
112 9 999947193
106 615 999933548
895 560 999925080
698 889 999835231
959 610 999868089
572 988 999916118
783 978 999820375
491 890 999749868
425 739 999981836
341 416 999753923
869 987 999719565
888 854 999710360
177 694 999811281
495 378 999901602
875 903 999995703
988 696 999980079
438 921 999858914
16 840 999754816
757 903 999938635
484 809 999909512
542 624 999853797
589 943 999729818
224 873 999835037
630 838 999843792
900 457 999760246
737 4 999934670
659 820 999926596
361 255 999755120
993 955 999998328
718 738 999878572
331 885 999983631
642 902 999978057
725 619 146102008
957 939 999785499
780 800 999804963
245 636 104394232
565 840 999833059
667 923 999957417
579 424 999823686
660 726 999826896
320 818 999954307
703 497 999909933
480 557 999762434
396 116 999973492
368 890 999755709
902 218 999767443
791 744 999745171
790 753 999792244
756 350 999710839
469 657 999878054
713 539 999874266
454 384 999789680
290 797 999778528
925 690 999830645
108 460 999765316
976 964 999886185
845 868 999832886
845 828 999790805
756 184 999740429
701 627 999795931
706 770 999782705
969 987 999941442
120 650 999759019
857 1000 999798953
954 923 999981656
188 159 999910672
153 363 999786688
645 483 999802283
119 6 999757592
11 31 999934005
789 672 999723630
117 434 383285767
906 825 999921872
826 125 999714872
454 307 999948593
606 309 999904838
236 16 999907874
985 991 999809210
867 888 999759067
427 142 999709933
301 369 999750397
963 939 999962202
887 664 999747121
270 170 920427090
975 993 999994384
841 224 999854573
575 662 999909123
714 986 999773286
575 801 999739813
905 324 999789860
833 741 999854583
416 641 145450883
242 755 999903515
838 970 999928097
945 830 999953547
18 955 384720309
791 664 999727177
953 810 999956907
820 771 999877127
428 196 999972201
423 126 999788065
804 357 999870262
99 214 999841791
953 983 999928516
952 963 999819090
957 998 999835763
712 669 999959380
975 817 999815032
221 492 999769519
586 214 999831591
948 984 999865530
669 316 999839466
33 829 999727664
648 380 999729004
478 542 999789864
575 316 999790599
975 886 999902715
687 491 999971941
927 271 999836473
834 897 999934262
793 466 3704827
878 926 999944176
896 877 999807719
694 370 999771959
988 986 999816997
984 976 999899186
900 365 999842903
456 935 999962898
598 232 999784800
554 77 999906731
534 383 999816386
982 998 999762715
530 784 999878241
457 336 999731922
308 188 999855001
78 332 999838435
824 622 999883087
55 883 999851897
349 600 999790623
492 579 999936263
895 966 999843720
961 958 999921846
249 390 999727947
693 981 999754810
675 526 999872613
723 266 999863936
915 86 999887986
897 814 999932545
664 543 999818431
216 395 999964248
305 222 999900211
715 916 999834684
879 706 999809911
746 993 999737570
638 713 999995170
990 899 999881531
510 880 999919087
873 817 999733434
987 980 999744036
68 109 999733932
955 314 999990842
247 466 999992687
833 922 999906618
536 745 999766170
813 299 999767476
280 246 999994532
730 463 999803810
276 917 999762563
936 670 999991858
977 947 138456487
270 558 999770078
22 499 999960524
939 772 999799148
801 528 999903765
41 643 999845565
990 999 999967560
453 69 999721032
248 987 999760169
717 548 999876846
763 979 999754258
923 380 471304988
976 44 955161627
997 998 999802781
190 1000 999895176
583 870 999900977
922 950 999912415
673 573 999864804
841 798 999721774
850 162 465702106
358 386 999777110
917 859 999817402
635 688 999850112
235 583 999979356
415 525 999861558
771 670 999800502
631 767 999837767
233 996 999920131
744 572 999883223
804 335 999852463
528 340 999934420
979 964 999792559
766 719 999777409
489 638 999836846
619 879 999910619
782 352 999725399
848 821 999729333
345 842 999788107
919 789 999919049
887 994 999806104
298 457 999850131
709 814 999711243
394 661 999875442
593 444 999789517
617 885 999964980
529 865 999999476
498 852 999925775
861 557 999747415
977 238 999730726
982 950 999833559
753 334 999853447
1000 388 999758779
596 621 999768860
662 977 999794885
992 862 999792521
510 815 999790933
47 851 999926278
919 733 999858753
658 466 999771515
586 317 999988531
990 981 999733365
929 891 999938168
944 960 999766789
303 256 857820738
338 572 999842585
653 649 999723508
885 939 999741826
556 715 999775509
952 959 999776111
449 738 999963791
236 271 999717367
419 77 999902372
912 919 999768070
674 664 999862178
928 922 999885448
431 831 999954045
497 594 999964656
37 963 999892724
746 916 999999938
731 549 999719145
738 322 999721119
788 829 999843173
804 878 999851458
29 712 999761900
868 743 999865541
46 465 999715289
2 551 999965036
193 426 999894088
149 708 999710340
794 952 999718863
621 740 999940339
585 320 999879842
529 931 999922628
991 945 999983948
683 688 999749047
877 941 999890131
691 200 999964579
113 879 999717448
989 999 999790112
477 290 999774424
577 831 999842951
787 926 999904824
992 865 999778537
938 940 999778591
350 297 999918475
918 986 999729373
843 916 999822425
235 691 999711977
179 835 999860484
811 544 999798189
649 599 999751093
968 932 999826921
829 24 999715462
97 621 107540240
952 580 999808223
882 813 999735442
443 418 999880856
978 748 999897802
699 332 999890764
808 630 999829233
903 896 999965984
990 983 999864299
900 764 999801566
185 633 999789869
986 886 999945970
540 936 999792093
219 434 999857144
927 844 999723834
446 513 999880293
971 895 999992438
734 887 999977927
568 760 999919411
28 309 999943516
761 862 999906414
947 176 999713727
386 602 999795075
174 117 999750468
718 146 999836315
263 663 999938790
936 855 999869162
569 472 999726854
898 863 999821829
664 403 999869006
472 215 999858360
964 462 999726052
829 704 999854407
461 994 999889819
825 805 999920947
677 526 999990084
856 898 999787940
617 920 999743896
972 461 999942588
913 314 999858615
78 179 999978208
950 891 999711890
934 691 999955555
912 845 999741382
866 170 999777242
735 694 999945048
481 896 999731661
979 997 999811683
906 156 999860256
161 579 999929092
880 952 999755598
785 148 999993733
503 450 999741910
261 965 999892450
188 301 999987154
746 451 999826742
430 536 999783976
751 501 999876946
924 957 999756950
710 674 999834701
878 848 999910847
293 737 999965826
78 317 999762467
16 445 999924948
825 925 999870468
109 748 130484342
489 987 999767297
821 904 999798367
239 738 999843960
826 563 999851405
928 703 999952900
295 79 999876312
734 335 999945120
290 165 999791621
947 615 999752532
272 374 999938138
425 913 999765874
259 654 999980704
137 934 356343026
912 968 999986886
869 849 999941461
994 517 999950865
805 331 999920421
429 210 999866095
91 284 999929712
706 939 999867183
297 990 999947892
986 993 999831541
952 922 999882544
651 807 999880379
406 792 999727533
808 355 999927088
160 682 999990159
822 956 999972811
858 492 999989889
667 106 999843913
871 66 999811004
719 869 999879791
931 846 999736206
629 199 999727329
990 909 999884306
890 746 999806773
639 773 999822040
909 864 999901595
439 642 999883328
344 414 999958095
721 998 999725792
833 899 999949905
550 994 999904654
556 905 999868091
274 472 999723571
196 847 999870272
531 25 999858008
112 197 373945845
802 986 999738866
322 355 999934246
223 180 999994457
2 422 712729298
627 772 999756277
771 263 999757957
17 748 999991674
796 670 999901943
618 319 999793046
857 380 999736179
290 629 999975019
735 822 999803690
973 500 999754128
418 927 999714824
669 116 999963332
433 319 999742884
230 792 999884146
548 116 999970631
676 610 999815233
541 171 999860513
753 52 999852819
135 887 999951279
683 251 999804391
295 117 999914985
115 186 999934358
9 39 999757858
620 812 999908652
955 260 999869738
73 563 999821553
484 531 999986308
305 683 999896591
885 678 999885701
931 757 999967121
158 876 999775332
745 691 999907309
916 907 999754625
202 362 999852506
695 957 999756330
984 814 999869009
949 527 999734435
991 913 999807408
647 598 999967134
981 963 999770207
877 844 999852989
177 852 999835454
15 862 999765262
987 18 999899682
25 905 999734631
739 396 999717557
808 736 999907964
709 975 999829543
163 494 999776394
64 940 999986794
615 875 999897109
268 566 999947879
316 84 999935051
859 971 999784137
700 82 999860781
283 352 999800879
814 703 999966162
692 752 999998838
863 843 999839039
677 795 999898729
671 245 999793507
535 798 999892070
669 858 999712564
560 60 999872020
90 828 999954092
578 732 999789009
728 488 999847060
148 434 999893143
934 935 999857321
925 823 999853602
935 949 999789769
721 719 999872186
773 969 999908294
320 101 999995336
227 857 999892434
708 237 999893976
682 653 999770914
985 173 999737371
553 590 999784970
597 7 999908561
628 401 999904269
900 865 999739876
516 948 999838492
605 540 999806258
400 307 999973421
43 414 999948202
578 326 999959950
961 162 999997959
456 664 999733934
949 858 999928300
712 571 999806789
700 757 999900446
605 520 999950052
222 229 999845139
700 625 999777706
58 320 999772995
287 587 999985682
476 267 999931762
211 220 999816745
836 878 999813026
749 537 999847496
284 875 999738272
951 107 999882830
699 697 999913686
546 399 999734038
796 641 999786525
154 369 999863248
497 659 999922073
39 774 999737571
127 250 603413914
47 852 823240339
490 441 999769688
482 890 999780799
914 551 999793688
629 205 999737437
704 379 999744184
734 990 999782145
398 168 999947851
207 586 999954096
665 237 999717160
615 884 40477080
679 880 999937476
960 806 999757503
675 365 999777873
779 960 999745874
626 993 999728973
969 839 999761665
659 540 999828863
24 531 721318408
466 559 999734796
894 869 999781840
998 996 999769842
653 810 999861931
472 427 999778250
531 699 999921960
232 551 999993432
995 976 999736338
67 799 999909068
98 638 999759610
45 116 999978591
816 699 999851647
147 131 999769860
996 456 999985271
918 973 999763755
804 600 999811341
10 255 999988191
145 939 999821983
293 509 999767690
927 983 999819055
691 687 999734541
216 45 999946551
827 679 999742568
303 826 999855618
840 3 999949182
438 944 999838656
879 846 999966516
974 897 999985474
796 861 999905170
192 48 999947879
865 967 999742200
888 927 999853129
531 296 999798878
433 846 999897076
480 483 999788577
234 906 999835301
707 711 999944696
792 496 999880495
331 292 999964029
899 771 999711137
408 423 999815405
900 524 999743304
887 847 999873584
553 991 999954465
458 536 999943783
996 911 999870582
752 894 999866416
933 900 999981864
171 612 999970317
985 981 999869648
850 777 999835114
842 906 999977656
753 62 999719824
873 861 999883584
871 890 999806567
803 532 999871386
592 366 999754775
956 576 999892306
910 872 999910261
39 546 999750049
297 374 999832393
918 798 999782562
626 327 999758725
257 372 999838032
955 848 999912808
212 425 999955477
718 705 999985893
805 539 999928726
697 546 999875473
7 528 999842022
623 958 999922116
643 293 999846568
720 981 999741579
190 490 999809362
942 128 999772168
197 858 999896018
977 991 999957715
918 968 999848378
322 395 999753438
471 35 999878773
208 410 999776431
859 565 999813593
388 287 999951092
276 219 999836270
296 218 999713385
941 191 999878014
658 876 999879231
850 569 999949208
992 292 999868248
155 777 999803326
134 497 999725399
195 746 999773342
607 818 999763070
286 982 421195255
840 936 999949482
921 749 999728354
561 142 999821367
478 291 999779880
407 620 999981370
907 993 999996170
602 820 999921978
595 418 999964481
888 981 999920835
715 693 999897357
880 830 999809410
840 550 999850624
328 897 573407450
321 3 999963676
843 14 999837635
704 321 794475773
58 216 999799601
432 762 999759987
986 880 999735456
588 753 999775846
654 382 999899572
994 982 999810713
229 589 999972964
593 848 999794415
861 185 999762677
989 848 999900361
937 975 999803148
959 756 999759745
656 405 999732125
701 599 999737412
958 992 999756522
659 804 999778043
681 725 999865119
256 28 999759863
994 40 999940410
872 874 999819431
411 740 999724782
937 967 999764414
83 924 999796875
823 410 999939991
838 966 999905216
481 780 999808439
341 42 999787101
25 365 999937005
202 565 999745329
964 544 999726652
574 82 999853777
878 163 771980192
81 860 999840177
181 39 999844510
764 868 999978130
1000 947 999728616
867 939 999911499
970 976 999752491
748 972 999990728
798 714 999975229
158 523 999840453
614 959 999989266
864 855 999747292
212 592 999823104
655 495 999748971
517 626 999723779
125 484 999732759
356 562 999867430
977 946 999878900
506 330 999719597
666 680 999730579
719 581 999942209
779 739 999785419
563 272 999942177
179 294 999796443
576 544 999848263
734 316 999869633
339 951 999797830
786 809 999932467
430 283 999961844
989 808 999723385
150 352 999797655
740 753 999958158
554 726 999730845
927 242 999803383
765 874 999842574
953 909 999900190
239 729 213131997
596 319 999719604
249 260 999923282
641 723 999956453
737 80 999804217
200 248 574755636
351 561 999768393
686 678 999808713
517 788 999884166
687 905 999877200
977 902 999793535
672 952 999756953
402 506 999750218
452 559 999992195
918 220 999993928
732 775 999973109
788 246 999751610
74 645 999772221
897 884 999845080
382 864 999709848
867 979 999952943
513 737 999835984
275 552 999871697
983 992 999909622
246 58 999942848
758 395 999990957
626 272 999730663
575 232 999928910
223 752 999912133
971 989 999766165
347 397 999728431
828 553 999984727
638 778 999958613
242 461 999918872
200 765 999778685
995 455 999734287
737 769 999853204
689 726 999893461
387 159 999951012
954 115 999901780
945 909 999727704
776 754 999734943
797 800 999949483
814 623 999991420
658 852 999938999
483 73 999934246
205 945 999897546
976 859 999997165
184 834 878463965
346 461 999969896
876 692 999778011
647 487 999923802
729 855 999888824
551 988 999964005
633 315 999937584
981 980 999955318
970 458 999719901
776 194 999903708
954 625 999887301
865 472 999749573
856 990 999738147
969 736 999870696
158 270 999816203
712 663 999794195
454 894 999735865
160 846 999817763
130 10 999747778
979 992 999997882
784 781 999986509
562 889 999855033
384 283 999914266
954 483 999778227
427 1000 999910027
884 792 999899896
893 559 999839046
794 926 999920774
641 297 999895440
870 882 999926984
738 856 999760997
425 605 999909764
816 721 999941732
715 337 999932928
65 106 999991502
223 381 691960329
869 507 999959456
810 991 999817978
442 728 999864590
715 562 999884023
167 591 999914030
854 949 999810268
502 201 999941927
830 974 999879204
278 741 999805410
721 917 999947629
972 926 999865890
707 511 999852048
766 754 999869970
982 989 999995838
383 1 294739185
319 667 999878300
426 952 999951092
979 937 999912121
664 557 999887874
634 877 999995740
235 139 999869453
671 861 999897981
157 656 999794393
43 718 999801096
153 193 999965867
637 665 999778701
57 943 999996171
1000 998 999877175
693 494 999918576
452 311 999787324
878 628 999719856
976 981 999960239
514 546 999753787
847 267 999879194
373 403 999728348
470 472 999937512
371 837 999948583
140 545 999922337
343 154 999776404
201 206 999735826
997 845 999784068
675 354 999992995
881 338 999713086
11 757 999847844
667 273 999770083
909 392 999933218
202 548 999967948
643 487 999727176
496 657 999947734
765 316 999873609
416 281 999958449
313 233 999860041
941 767 999795362
249 643 999767632
481 784 999906674
374 671 999911283
999 951 999900566
68 879 999808481
208 786 999866079
879 434 999943574
441 876 999791409
989 964 999791870
92 655 999805068
837 726 999934341
478 969 999889892
837 652 999843959
934 866 999956346
768 146 999736820
840 435 999764069
843 611 999712320
780 586 999997038
702 472 999956381
353 223 999949723
381 200 999765172
503 566 999775372
990 607 999781745
793 699 999818088
301 854 999845008
930 993 999900491
13 606 999873214
299 534 999760393
791 883 999766364
840 253 220618000
134 892 424503221
265 345 999817523
854 965 999790716
852 993 999879448
411 717 999748311
767 483 999985250
686 980 999743989
848 797 999906039
693 828 999902162
130 185 817113458
308 225 999832505
882 942 999802034
770 970 999928424
203 786 999930747
260 231 999817112
534 634 999995984
526 623 999814483
735 948 999839186
514 467 999983042
972 967 999751591
291 375 999859426
655 266 999760182
728 291 999929712
435 320 999856917
793 654 999753808
380 41 999827638
126 727 999983440
926 496 999951368
466 661 999861236
151 981 999790609
849 150 999911470
995 1000 999831683
301 382 999899196
840 887 999928767
984 979 999781935
205 176 999847960
786 528 528178349
851 922 999790964
978 839 999964605
552 652 999906465
974 638 999821739
755 644 999737910
756 692 999870617
415 176 999893724
881 870 999930233
97 868 999743060
824 499 999793840
494 994 999775180
765 823 999747931
429 531 999753523
892 633 999813760
126 506 999760023
871 827 999980217
990 867 999781198
643 197 999812307
220 139 999822177
329 544 999883515
644 324 999995220
398 834 999886361
732 471 999915245
911 921 999835246
995 916 999740255
568 675 999809942
50 252 999860952
158 797 999785094
898 877 999717057
998 607 999890241
396 641 999724531
748 879 999804493
694 336 999852731
689 972 790009457
75 232 999975970
428 281 999720272
544 841 999840620
848 986 999880110
844 1000 999866427
868 954 999800690
1000 708 999969403
408 536 999718581
562 588 999781523
610 347 999981562
179 762 999819688
606 121 999930918
732 770 999917975
900 938 999939608
754 280 999965978
586 407 999730749
116 248 999751783
672 664 999945374
761 754 999960715
909 911 999973222
46 334 631001017
998 101 999920807
971 955 999780971
944 716 999900967
697 809 999862884
934 769 999801714
568 519 999962426
738 892 999775559
792 57 999765371
558 341 999949168
488 45 999879544
660 477 999939015
268 903 831200633
383 224 999873301
855 888 999796854
679 772 999797513
755 443 999832100
974 596 999886658
648 242 999747522
985 759 999811362
983 276 999861154
801 959 999996623
729 789 999736912
992 905 999930267
566 8 999975200
388 694 999957405
939 727 999952908
480 305 999904540
252 522 999883058
163 231 999930002
637 680 999771722
977 954 999990652
459 713 999775795
926 910 999944514
41 944 996636431
89 369 999721937
983 991 999806100
727 998 999891343
799 275 999975469
970 471 999940261
432 556 999789852
484 412 999754472
457 147 999967625
999 776 999966810
66 134 921362036
607 689 999801175
784 891 999762026
732 369 999855225
735 728 999734552
358 692 999899780
322 769 999747894
550 172 530314620
905 690 999785586
879 939 999944326
655 378 999823076
760 958 999731509
721 129 999780507
366 697 999981280
952 846 999968401
509 166 999925905
980 893 999982737
348 526 999835346
725 675 999729837
697 352 999782101
365 310 999962775
941 385 999880208
292 880 999725599
224 250 999915549
837 404 999727581
68 326 999882733
506 490 999822356
970 973 999806953
593 327 445301574
646 918 999736703
916 512 999967894
555 335 999839061
165 229 999729063
596 956 999804605
879 172 999783368
879 338 999940357
594 841 999873864
326 763 999874487
833 262 999796030
127 948 999926386
352 42 999938257
952 990 999755766
327 915 999733450
891 944 999802874
821 800 999823214
270 658 999988495
642 75 999721509
238 251 999904693
936 254 999862762
467 747 999854341
932 927 999756303
858 61 999998892
910 986 999889480
37 990 999946514
518 951 999862723
471 552 999722253
996 787 999841868
972 983 999824956
700 238 999793618
304 978 999980020
873 854 999981620
857 797 999777370
946 994 999984755
138 623 999820158
522 883 999871655
825 812 999828881
961 839 999901972
471 285 999797958
826 708 999980383
513 795 999784244
523 965 999900456
584 981 999927250
744 923 999901732
989 313 999911506
507 590 999778115
234 492 999743573
217 977 999872937
986 859 999735082
830 68 999791634
293 577 999903956
247 980 345183166
666 308 999870283
969 50 999859128
954 826 999893148
119 314 999980728
667 52 999924424
658 677 999956104
456 779 999796623
992 926 999870888
636 16 999997357
632 982 999713790
697 785 999880410
692 809 727765105
206 386 999965967
997 331 999936396
757 818 999854494
855 325 999781054
988 982 999768318
374 251 999942222
319 75 999900318
927 990 999868214
709 883 999895538
41 642 999782363
935 322 106355767
817 291 999931926
774 921 999815767
392 312 999877728
39 626 999752859
894 843 999763946
106 416 999966382
431 841 999980196
792 109 999830006
865 884 999805297
180 912 999784373
534 658 999942816
846 889 999966372
620 736 999927799
871 875 999816231
426 863 999981047
651 529 999983718
319 690 999871179
840 891 999795883
938 677 999711646
724 575 999810455
237 105 62543754
763 842 999784012
985 987 999845421
769 145 999762087
479 659 999996064
730 4 999916943
802 741 999992652
603 567 999900654
246 117 999736767
886 405 999874114
597 198 999872275
108 633 999872292
707 900 999820273
951 632 999950612
335 593 347452681
812 933 999806333
372 416 999886241
611 215 999875130
570 823 999935447
310 900 999965524
887 781 999859277
616 204 579159005
236 210 999967600
980 569 999739194
906 889 999756883
132 910 860976684
966 102 999974956
810 816 999988795
545 495 999763053
645 508 999862841
184 289 999921857
787 796 999859417
860 816 999853609
534 490 444239303
811 997 999963246
803 921 999950447
964 998 999950611
427 122 999725303
720 582 999848662
804 761 999943877
427 26 999883928
784 238 999813582
108 686 999982977
225 802 999815034
202 488 999810670
931 248 999929664
839 962 999736491
954 980 999784448
154 97 999929764
710 703 999922144
886 989 999745234
839 794 999746827
186 609 768291071
878 333 243491659
963 954 999715287
790 181 999955896
533 513 999801890
884 804 999752220
760 724 999907586
592 506 999757889
818 560 999989806
541 876 999798568
761 893 999914311
966 924 999744163
953 886 999810521
716 333 999814093
988 856 999898089
104 32 999942798
228 894 999946320
931 865 999760683
700 612 999913850
995 797 999722204
419 416 999825539
354 739 999988074
646 496 999798895
465 2 999750990
868 156 999864542
676 475 999719425
299 138 872917932
846 661 999761906
969 944 999998445
401 225 999747764
606 805 999968864
926 561 999825941
645 952 999737550
571 377 999712908
936 900 999769348
760 694 999929677
340 982 999785027
177 454 999855561
437 24 520458127
161 636 999801033
752 943 999893236
388 994 999822240
926 907 999824970
848 900 999986649
829 328 999795735
861 509 999802050
492 583 999728496
400 531 999963332
388 774 999855392
723 365 999972352
142 515 999756402
86 604 999810915
998 990 999734300
839 731 999913672
9 594 999883154
913 858 999828790
429 652 999889820
765 747 999740153
834 512 999906793
302 675 999741332
539 434 999847250
633 644 999906584
850 372 999975749
924 862 999984795
960 506 999792785
748 835 999722677
157 884 76855977
638 601 999929852
59 473 299249757
703 987 999769978
885 917 999804901
305 442 999881727
852 828 999772881
592 856 999908229
576 983 999764355
881 289 999854410
712 793 106497181
681 537 999730852
701 811 999975141
692 612 999952383
198 208 999856166
432 822 999932005
932 707 999998876
587 648 999961519
59 246 999990528
528 585 999935211
925 721 999901654
866 753 999784223
411 840 999849434
494 867 999836591
400 97 30579372
771 906 999903330
563 951 999713868
859 887 999997338
840 645 999826250
73 248 999734836
269 108 999895001
878 966 999856619
685 500 999950574
107 240 999937713
442 706 999879554
533 843 999973384
534 615 999988348
762 98 999946123
42 859 999816949
873 809 999729733
110 760 999951058
726 842 999734084
288 186 999790811
221 353 999984587
788 52 999882148
900 791 999783500
612 670 999796196
395 107 999882553
982 996 999730382
412 269 999715729
814 932 999782241
955 593 999960843
424 838 999844501
978 326 999754640
627 853 999798054
248 406 999836762
898 711 999979506
944 669 999956344
699 705 999754352
867 506 999884679
326 607 999799801
441 565 999847320
500 320 267335597
764 684 999935918
977 986 999826656
3 981 999798152
291 26 999787711
413 866 999911816
369 91 999966710
762 524 999934398
500 900 999991588
702 13 999917838
738 698 405035228
235 660 999787857
706 824 999988227
845 684 999783531
561 475 999994863
789 725 999914459
582 994 999767042
580 787 999941063
952 796 999911481
66 621 999822063
981 594 999813740
953 767 999775443
147 959 999998390
824 394 999794038
98 506 716539605
325 78 999819247
913 363 999736340
106 259 999903385
824 660 999870399
905 937 999962380
310 756 999745302
581 871 999905398
78 74 999850287
975 950 999716081
285 25 999730280
781 169 999928913
958 509 999923227
447 687 999847669
945 778 999884648
770 869 999747914
709 446 999961828
999 977 999906375
583 822 999744486
522 12 999885901
354 392 999768952
292 795 999726080
625 602 999740743
794 547 999742049
998 386 999775375
270 63 999727157
95 147 955414823
834 874 999922001
726 705 999824160
827 866 999715106
551 746 999947544
134 230 999874513
787 857 999918089
248 691 999791322
494 832 999729095
848 6 999971409
900 642 999904875
724 636 999855397
170 683 999735712
989 556 999992866
188 839 999935264
556 516 999931101
552 843 999917525
827 630 999931156
706 435 999893074
960 981 999946774
171 152 999858474
992 538 999734369
192 280 999973472
717 543 999841795
379 237 999813436
792 928 999726095
941 996 999850878
826 268 999944536
473 842 999843399
255 534 999857953
833 923 999997005
984 981 999918278
925 921 999716476
666 976 999995248
371 713 999915888
492 237 999743798
952 946 999828845
529 655 999804756
93 347 999881386
838 998 999886734
948 530 999783725
207 795 999896425
606 281 999813842
947 917 999750792
596 693 999998089
999 1000 999823932
910 697 999813025
759 848 999960194
909 559 999763189
885 935 999713595
317 610 999744728
975 99 999844780
766 691 999725880
714 965 999906440
955 911 999857576
325 510 999890450
247 505 999968987
996 983 999899820
625 495 999887626
136 782 999904797
869 867 999719031
973 969 999913461
673 601 999951100
977 981 999742485
694 740 999779090
926 793 999845156
822 375 999753373
811 743 999787399
570 741 999843742
922 272 999889556
979 944 999982289
802 592 999751676
794 597 999850960
567 74 999904345
355 824 999887717
107 334 999744931
830 907 771980192
995 904 999922007
75 516 471304988
350 680 107610169
152 835 999805588
77 814 999864175
51 698 999999971
636 588 999863992
882 821 999771655
8 818 999953464
881 955 999812495
259 279 999781101
979 950 999728739
860 939 999769730
411 914 999834933
141 369 999950043
988 970 999736553
420 156 999991937
410 709 999940101
650 763 999906504
266 166 999884829
670 921 999712111
72 409 999977124
891 325 999903617
371 455 999885095
521 418 999720146
895 680 999846600
211 293 999796616
591 206 999775294
974 960 999897322
614 983 999865179
537 569 999923184
291 958 999756753
665 818 999929880
962 965 999924736
712 887 999819665
991 535 999902271
68 86 999972995
42 805 999808863
610 196 999823992
738 891 999802507
757 552 999718927
2 991 999977296
875 559 999957575
44 704 999767180
860 852 999821118
242 167 999748938
821 78 999972741
461 467 999903058
815 436 999740220
701 732 999962852
1000 927 999918513
309 711 999961482
299 765 999979479
171 177 999913079
676 615 999979437
97 215 999756012
239 360 999968242
611 666 999982025
874 612 999870230
372 412 999858881
644 361 999739606
342 492 999965351
773 618 999893707
454 683 999768545
329 913 999894191
524 886 999713029
982 942 999926277
83 926 999742656
868 753 999905364
25 291 999978199
875 371 999794415
514 971 999740504
81 578 999733892
965 1000 999955881
336 960 999855516
846 94 999807310
960 872 999751713
758 406 999926774
679 326 999816039
532 469 45059367
991 677 880502631
13 141 999884771
922 614 999791068
21 796 999947963
394 14 999771503
833 880 999866409
477 460 999867871
45 783 999795031
741 725 999820703
427 773 999778497
793 737 999905466
958 724 999844342
452 850 999721177
452 283 999988770
948 30 999921196
935 947 999972246
565 446 999913758
544 901 999938550
912 962 999862083
100 89 999831280
494 73 999992807
56 201 999834056
188 70 999926427
368 975 999782436
596 592 999874065
991 997 999877322
721 790 999766288
821 728 999880615
604 830 999776364
495 906 999798563
970 208 91215236
610 780 999714106
705 515 999752707
977 974 999720692
191 564 999908417
830 700 999905226
868 534 999778477
805 876 999722886
318 941 999850879
797 229 999823821
959 245 999900519
767 939 999949978
369 792 999752080
933 504 999925148
690 934 999791947
721 824 999818136
637 215 999915047
840 739 999860335
928 689 999823924
230 214 999793418
82 426 999858652
676 730 999878280
347 199 999722441
857 530 999855325
890 38 999809661
87 493 999985840
721 826 999888937
143 152 999856233
355 200 999740440
908 824 999919584
466 597 999937031
311 401 999760481
524 492 999797090
344 954 999859051
630 327 999776985
995 775 999797219
566 254 999943390
708 287 999855669
681 891 999801852
996 1000 999709902
345 405 999721767
914 680 999884738
846 908 999778185
203 649 999868834
484 120 999993724
565 940 999815400
185 526 880502631
411 457 999834389
817 561 999733391
933 942 999865903
843 858 999770627
254 104 999943877
460 512 999805218
329 70 999939147
817 195 999993040
680 833 831152470
68 111 999731877
280 759 999713043
652 685 999805502
86 882 999734680
952 987 999787457
706 837 999873131
153 208 999732202
432 36 999897200
171 528 999736203
281 500 999716633
505 564 251308657
59 326 595674502
896 971 999986955
847 806 999713978
971 430 999974088
936 898 999846330
740 869 999794078
623 995 999767487
588 648 999892976
113 475 999884673
772 19 999902031
614 746 999741418
353 365 999769082
789 946 999874644
897 754 999897877
782 888 712729298
973 895 999735170
996 995 999926546
628 840 999732439
971 969 999829041
450 744 999756713
585 503 999998073
653 455 999794375
912 888 999964480
904 369 999880807
830 735 999905038
98 716 999805800
815 157 999906015
353 870 999785606
645 949 999961196
470 950 999985285
572 322 999924677
368 894 999714786
882 542 999754573
556 256 999937344
850 348 999776918
334 422 999955316
484 312 999993894
742 782 999942928
334 551 999725614
146 571 999974892
701 250 999785702
912 465 999732369
322 169 999785454
954 959 999852892
299 606 999919226
106 779 999777427
692 905 999833168
978 903 999726909
941 994 999898822
422 611 999774436
69 206 999876833
981 902 999728997
857 611 999802299
659 220 845497949
243 693 856292204
461 167 999839047
731 602 999733439
897 204 999870448
319 915 999770979
684 990 999823337
147 987 999781108
883 886 999859297
327 993 999865755
838 914 999956296
908 929 999972132
787 902 145450883
562 758 999966596
840 790 999771683
209 931 999952553
692 881 999855405
788 646 999798581
322 298 999802769
976 816 999876235
240 150 999796118
510 515 999755602
549 385 999951908
902 971 999913924
968 904 999877131
530 172 999959092
444 340 999865014
308 255 999966560
699 476 999856161
600 869 999814092
805 290 999855446
259 96 999878612
468 626 999828011
556 448 640964570
963 927 999994367
605 723 999997131
722 451 693412585
518 4 999961430
871 138 999817973
826 548 999720666
716 973 999964512
545 906 999808272
913 958 999848576
863 398 999914441
694 265 999739071
119 474 999713038
486 188 999929367
291 361 999954434
889 773 999745155
767 658 999741234
476 432 999987615
316 397 999790116
992 984 999719853
885 241 569840215
565 186 999874298
583 468 999987498
417 413 999776635
997 965 999785990
888 7 999938435
60 968 999723050
954 568 999964218
894 962 999940497
844 701 999953482
128 258 999857509
528 965 999781327
394 266 999730321
133 686 999922916
587 888 999739783
424 795 999903295
848 429 999984329
835 633 999991726
550 618 999947021
104 861 999910689
123 111 999781132
703 813 999720017
415 688 999791599
619 385 999896813
760 552 999991769
906 987 999917984
936 919 999764346
883 861 999740705
583 606 999727379
595 988 999945330
767 971 999884220
801 935 999811146
994 330 999953067
772 980 999753435
94 233 999758716
465 352 999822502
426 634 999860657
68 365 330053730
965 966 999991820
233 336 999903920
296 647 999970438
335 669 999731249
261 828 999942576
774 815 999897933
769 956 999981686
542 374 999781739
395 411 999771843
836 905 999851526
735 401 999724341
868 235 999955293
844 937 999821013
547 88 999913510
900 940 999956294
660 986 999933977
280 483 999973661
729 653 999854950
651 510 999778456
103 895 999985321
414 499 999909981
722 558 999795104
634 509 999998327
857 662 999743542
212 448 999796848
881 65 999913689
285 968 999789124
160 851 999894947
156 380 424503221
53 823 999930345
311 49 999932600
924 937 999870768
755 594 999986318
865 514 999709762
928 593 999723870
766 993 999941503
381 798 999730532
855 883 999990950
680 636 999717460
629 308 712729298
607 374 999822476
633 16 784589934
46 51 39959136
794 771 999838283
996 393 999945068
807 929 999864192
967 837 999811491
649 485 999932398
883 923 999752975
111 961 999793938
945 997 999720459
690 791 999777538
75 957 999713459
709 575 999905465
223 642 999986777
178 309 999782019
592 602 999742569
996 457 999989368
978 146 999998822
803 682 999803512
361 665 999756263
497 667 999717653
162 345 999819972
365 519 999948482
119 635 999763833
454 215 960700446
974 991 999832239
884 628 999980191
360 464 999886987
913 777 999810643
634 782 999765143
291 164 817113458
47 653 999756879
376 200 999890512
611 232 999897429
201 677 999898508
573 731 999880405
758 539 999978766
901 543 999740532
556 426 999709966
178 709 999782539
926 454 999973438
853 632 999815468
579 597 999764448
920 924 999997554
530 343 999964689
946 989 999881103
980 815 999788705
765 88 999871667
578 613 999843074
979 914 999816277
584 944 999893357
646 744 999938292
159 881 999850312
738 668 999741360
765 230 999926945
426 367 999910651
720 438 999927635
734 863 999941109
24 126 999948260
155 767 999891005
783 492 999980158
902 835 999960161
603 677 999777539
981 133 999940107
313 632 999835298
46 130 999955870
10 479 999966645
574 61 999782278
948 995 999998797
850 863 999864926
326 564 999791288
899 550 999988364
708 956 999968475
570 770 999944524
922 697 738865947
677 999 999768000
864 805 999987286
768 832 999924990
579 858 999965880
178 919 999721560
628 665 999795274
899 884 999800238
308 136 999813277
659 791 999976376
52 242 999733709
487 991 999866753
508 386 999966142
605 501 999739688
929 879 999979976
986 220 999711151
947 955 999796653
970 660 999806066
819 757 999781473
835 900 999998771
571 723 999971578
975 514 999851308
901 943 999785265
591 660 999777063
980 645 999744803
740 58 999847603
420 815 999747796
18 504 999876060
858 427 999796070
443 94 999883631
510 232 999850085
880 884 999774701
680 4 999832748
965 906 999920502
509 413 999873313
388 981 999929796
605 313 999914527
856 791 999862237
825 623 999789314
782 810 999995593
847 948 999865443
647 664 999849242
578 779 999969056
757 766 999985600
283 155 999829959
843 814 999824907
925 879 999781478
662 24 58981251
911 537 999861519
555 626 999726851
872 716 999909355
163 907 999728558
984 956 999737859
249 463 999719470
953 750 999921083
417 387 999830673
616 449 999765762
970 966 999737738
482 359 999932605
874 890 999711049
895 879 999983595
925 211 999886684
578 376 999715021
559 832 999886501
49 213 927010653
231 339 999728361
675 223 999777703
740 913 999929354
896 818 999811918
794 236 999908757
721 686 999732520
922 686 999993276
398 708 999959315
128 601 999759471
521 958 999852823
686 908 999973700
853 364 999856808
602 597 74278217
977 329 999822618
615 278 999952782
664 740 999825566
582 355 999895659
841 318 905519333
657 654 999715147
706 621 999781125
998 921 999965893
446 975 999791201
979 760 999847135
941 967 999890814
336 14 999794879
787 781 999901732
434 341 860976684
582 982 999989007
787 953 999881008
912 831 999745520
706 651 999916768
242 653 465702106
447 147 999970088
615 885 999748671
956 735 999726234
557 776 999852434
552 759 999935679
793 371 999823759
756 627 999845692
325 540 999937572
415 470 999803398
927 916 999771006
685 154 999834198
329 765 999890028
589 949 999817717
767 158 999759271
457 949 999948592
854 355 999780752
551 188 999761114
480 793 999801186
277 820 999852464
881 591 999785970
922 841 999760856
376 935 999977618
568 757 999944677
890 694 999770448
607 850 999848335
577 686 331100965
989 758 999798258
349 703 999932366
438 798 999969013
212 407 999794617
594 938 999832999
965 385 999905560
66 78 999827482
371 682 546667418
921 57 999881134
105 575 999904086
742 875 999773923
551 554 999926223
949 892 999867307
757 797 999901894
968 942 999771843
813 577 999885377
43 946 999788482
854 918 999766586
807 152 999898791
852 770 999943948
990 960 999723416
792 915 999781083
300 828 999750533
851 941 999784794
706 434 999984041
851 64 999783426
943 126 132816656
191 959 999811275
811 900 999906297
243 731 999870885
758 113 999947658
248 560 999864932
517 875 999974516
252 897 999972088
860 930 999869420
408 495 999901346
651 518 999769130
706 648 999790656
806 597 999770207
471 381 999958182
696 388 999712622
146 72 999761838
222 709 999997526
674 200 999719214
996 999 999867813
890 896 999718941
421 38 999846012
423 305 999956089
952 800 999999956
262 781 999852637
852 778 999910131
169 907 999876887
994 906 999709786
934 921 999867375
262 22 999753193
349 543 999764266
663 685 999992396
983 986 999809074
369 244 999863646
886 977 999864741
605 806 999832190
610 826 746902443
465 545 999914980
999 998 999753990
686 154 999730622
844 917 999913468
450 353 999932099
776 797 999979775
883 989 999965997
957 602 999955817
614 450 999830154
830 638 999965412
452 188 999814064
574 599 999929186
912 754 999980045
488 124 999872921
126 637 999722804
699 440 999822083
164 626 999878916
708 766 999710755
586 55 999828574
618 647 999765108
278 829 999770259
771 632 999725957
452 147 999783594
807 897 999743262
676 798 999998610
758 880 999788512
897 597 999907837
816 910 999824388
380 920 999966084
798 780 999714850
38 506 962110865
342 91 999877125
101 716 506580101
978 582 999815847
197 438 999887331
684 752 999841507
374 955 999786289
537 831 999713289
766 756 999762384
779 306 999907837
825 658 999837308
60 955 999872086
756 702 999899761
188 286 999954139
541 220 999826291
27 462 999936939
729 846 999766596
971 980 999714784
897 868 999980270
6 539 999926977
479 877 999725046
155 663 999931305
992 998 999838032
974 995 999724235
942 828 999924183
106 939 721514999
875 728 999998520
153 302 999951424
895 506 999943877
473 892 999987472
972 782 999845606
801 511 999975610
618 196 999805692
329 829 999724577
818 792 999718039
773 886 999975073
779 283 999825166
995 912 999905355
324 334 999860768
587 712 999800846
882 103 999982954
706 626 999837576
543 1000 999769158
11 847 999816339
101 332 999961950
292 913 999781032
88 548 999746963
791 866 999878962
869 364 999821485
835 975 999961491
887 479 999844131
545 783 999773147
393 980 999755525
835 301 999758770
483 603 999972144
715 371 999762797
659 858 999850985
806 742 999986827
944 769 999903144
126 767 771980192
964 655 999892387
907 777 999753189
263 165 999879058
579 794 999971099
400 613 999903929
458 596 749734654
107 80 999744634
271 495 999769989
356 41 999953992
775 180 999916136
290 728 359746891
218 301 999947047
547 740 999999957
870 834 999919073
154 356 999768512
287 448 999877861
867 863 999996928
949 145 999980821
272 452 999879682
952 901 999880657
952 749 999823965
569 884 999975164
712 701 999949902
685 315 20189317
863 345 999781291
809 638 999964172
833 881 999954855
942 494 999902754
417 151 999774056
669 731 999838377
329 318 999851978
953 841 999883148
458 611 999979374
287 33 999849885
71 285 999792549
859 622 999969643
711 520 999711556
861 843 999948907
667 968 999824450
732 968 999931736
524 829 823240339
342 918 347452681
934 694 999750067
457 329 999798945
686 749 999757445
961 925 999998083
276 612 999710555
980 938 999915424
147 528 999929790
890 872 999713942
353 288 999851163
677 687 999728751
973 852 999998019
945 740 999749645
958 987 999747121
198 966 999987898
898 961 999827842
849 692 999766240
972 783 999756959
517 256 999931428
864 657 999982939
209 459 999799836
499 581 999729213
118 253 999928912
889 905 999880721
830 345 999723789
325 839 999764270
867 898 999762838
338 827 999849065
608 474 999759317
627 242 999890806
34 605 999736041
887 742 838008740
648 969 999869908
646 734 999886955
992 931 999857902
37 391 999829447
969 819 999962654
426 826 999885809
938 570 999736051
572 909 359746891
475 758 999857656
711 360 999778520
611 574 999980239
612 142 999712619
664 546 999777211
536 194 999912445
930 377 999969523
457 928 999896142
355 338 999881007
399 893 999762825
986 456 999949530
959 951 999878536
91 481 999759871
939 956 999765245
109 778 999909605
911 549 999810042
577 318 999871350
310 501 999712405
904 991 999727480
389 599 999828953
491 737 999766187
60 233 999779379
928 975 999874707
103 641 999849913
304 718 999753243
257 978 999925545
521 773 999936862
225 579 999716747
706 6 999905357
789 589 999749848
730 900 999859569
980 580 999952900
40 929 999976764
105 226 999893615
705 888 999762350
636 966 999924198
378 575 999727746
942 910 999953060
755 382 999951913
995 964 999955128
947 970 999768352
659 451 999752654
451 367 999735237
979 232 999934336
765 709 999920456
970 465 401485780
636 923 999827758
984 856 999877055
771 853 999839365
683 799 999924612
938 1000 999738885
964 725 999897086
15 198 999972591
636 63 999993239
569 459 999770284
546 700 999713697
673 14 999936781
861 573 999956219
916 319 999870864
626 692 537790185
287 661 999847639
125 455 999990070
663 312 999951621
417 944 999741304
289 171 999883437
415 242 999863691
887 943 999884435
653 76 999775095
657 590 774140538
412 721 999888138
710 1 999837991
558 831 999783973
252 877 999812789
428 930 999769066
798 905 999750519
214 823 999770560
919 852 999892178
978 305 999797908
666 769 999789543
262 925 999986742
637 845 999986157
883 762 999834483
975 994 999721325
241 684 999742864
440 175 999963952
769 650 999929791
975 205 999723217
125 884 168483997
811 938 999776444
889 381 999780155
459 644 999918363
275 316 999788512
459 103 132816656
914 986 999973675
11 200 999740493
975 307 999916177
773 786 999887803
413 958 999808260
731 365 999810267
520 963 999894409
966 979 999930034
559 479 999917895
569 611 999868566
806 19 999945405
791 749 999716549
999 564 999848602
789 906 999984772
456 152 999903539
953 937 999983032
738 587 999996639
490 407 999931454
708 136 999989493
28 310 647437937
872 836 999842542
933 70 999785316
804 948 999903442
123 439 345183166
611 765 999860063
87 981 999920632
119 130 999936182
977 928 999967153
894 874 999826468
856 857 999795625
933 594 999840131
559 188 999777530
914 496 999944450
988 904 999788696
20 487 999735109
476 642 999756298
935 222 999860641
365 594 999831356
738 595 999837483
773 556 999896239
289 145 999953781
894 623 999856740
564 925 999895039
659 612 999791098
941 895 999987805
986 56 999923927
645 331 999821293
787 946 999826948
54 444 999957107
476 946 999750123
735 987 999841310
720 863 999723859
776 455 837773275
227 345 999983405
44 538 999739306
924 868 999805126
722 961 999756498
782 746 999915935
767 785 999807176
223 567 999744598
780 768 999782493
382 860 999989238
861 688 704393742
551 479 999794406
815 626 872917932
819 902 999765796
852 572 999882026
887 963 999961459
395 525 999737404
738 744 999853961
444 918 999762521
993 978 999962439
762 684 999853713
845 994 999899196
623 373 999730563
894 544 999909465
548 938 999923416
574 979 999735983
184 939 999906364
434 450 999970997
986 939 999817039
501 702 999802588
910 991 999932940
762 139 999724989
860 932 999991286
292 283 999763255
856 606 999771497
943 862 999732444
594 895 999974735
547 686 999920192
752 212 999785227
915 531 999865773
652 866 999742692
408 526 999877419
964 991 999741671
688 722 999880624
821 765 999841972
641 991 999791626
938 903 999716190
993 587 999973177
503 898 999761169
368 918 999895610
574 214 999861154
835 662 999770253
582 943 999951944
580 953 999800490
990 939 999893350
797 175 217394773
925 970 999923041
846 837 999998281
603 743 999850592
749 130 217394773
165 779 999989731
115 735 999855029
595 805 999943373
832 707 999774623
988 736 999842963
769 328 999965196
679 622 999962841
890 320 999737713
835 193 999711678
307 672 999894865
951 143 999808975
770 807 999938321
914 69 714589588
957 439 999949191
996 780 999842603
969 367 999950990
438 194 999822451
816 980 999772387
878 498 999767129
999 993 999820111
213 566 999776769
750 629 999800460
420 272 999883857
605 784 999950665
33 952 999716144
940 913 999823565
917 812 999737606
496 993 999877833
525 501 999854841
390 80 999806144
641 543 999830771
974 256 999995471
873 980 999984083
927 890 999833299
8 310 999807554
478 975 999798559
161 462 999779680
332 919 999777488
415 621 999958556
839 868 999776798
906 816 999979614
281 610 999777423
364 607 999818755
933 749 999969888
493 230 999931059
327 292 999884139
804 660 999922055
446 273 999878514
510 589 999973799
849 951 999917474
551 20 999752607
946 949 999800795
630 344 999955083
580 840 999769798
400 841 999995239
146 390 999850854
400 203 138456487
927 510 999983278
277 883 999820848
40 369 999931200
149 108 999961783
775 890 999901538
314 184 999849066
955 984 999759583
182 783 999816665
327 440 999993930
681 506 999888513
986 537 999841718
52 149 999880484
741 494 999746677
193 772 999900524
877 390 999826520
863 998 999949054
594 916 999979127
648 342 999969891
327 506 999921414
961 952 999818155
972 433 999845898
851 820 999831522
65 626 999899619
988 940 999799551
732 559 999725855
408 417 153872903
778 858 999842588
778 436 999906557
949 880 999983606
914 34 595865969
180 413 999771267
972 963 999970088
971 982 999857486
223 841 999834992
306 651 472882559
937 684 999827445
591 637 999894945
389 563 999929326
976 440 999711459
983 917 999729908
215 12 999857424
34 181 999776732
279 598 999895051
994 990 999713980
588 906 999715103
844 978 999966168
957 836 999753802
684 758 999818718
573 899 999803944
302 357 999818457
348 270 999968494
365 512 999979205
747 553 405035228
794 362 999833949
566 800 999844727
532 426 999927854
996 904 999821900
690 115 999948121
979 982 999857752
951 925 999780231
802 803 999928617
407 845 999950281
351 795 999918228
588 929 999727182
870 716 999880754
938 104 999757739
3 465 999722356
902 590 999773307
708 33 999777170
951 414 999910161
859 962 999918878
560 33 999727734
98 186 999800388
874 568 999789283
361 386 999971373
720 635 569840215
955 990 999892251
452 277 999967864
513 553 999848283
868 803 999714017
576 455 999968060
187 121 999925082
645 893 501308732
645 406 999995784
803 304 999774204
808 304 999836268
870 699 999820088
975 704 999768246
29 532 999794676
768 880 999931742
459 221 999793945
691 321 999906333
685 948 999828472
90 721 999755086
860 786 999885643
864 572 902538705
168 740 999741824
269 556 999868645
778 968 999755962
424 805 999802147
987 94 999712181
628 696 999992471
656 695 999793696
223 952 999879088
736 722 999761108
817 786 999934955
864 352 999872999
820 587 999901420
925 981 999782686
453 172 999821959
353 860 999767377
488 426 999801359
781 672 999834969
481 541 999815218
904 666 999997427
922 934 999999780
846 615 999992189
99 279 999868503
783 572 999833407
636 936 999789646
906 131 999709463
663 831 999778844
511 367 999875882
879 680 999984486
908 894 999967753
582 765 999860038
961 896 999981103
946 941 999807821
789 911 999861572
808 871 999830782
983 981 999986555
850 722 999792675
30 191 999841012
578 528 999969771
116 456 999947274
433 862 999773622
960 970 999744326
232 524 999718246
427 552 999820922
849 773 999863257
779 114 999885138
546 999 999994631
522 341 999775280
881 472 729781352
114 965 999877396
48 179 999825865
945 974 999978794
899 916 999745722
626 970 999876346
509 639 999909862
679 529 999867213
585 307 999984885
600 239 999732379
980 972 999711340
999 970 999786236
982 846 999969494
536 768 999885527
483 287 999941338
676 495 999870459
294 596 999837480
996 849 999898752
673 760 999880724
392 689 999846456
802 917 999821143
464 646 999727905
506 474 999895624
901 302 999867945
382 713 999725965
231 610 999944639
686 546 999894285
730 998 999873478
651 521 999797373
834 255 999721499
445 448 999987106
916 822 999877740
938 998 999766677
709 927 501132576
825 918 999743711
648 331 999823466
886 675 999979319
977 755 999839014
91 556 999849289
640 895 632443398
716 881 999882281
983 944 999769619
872 983 999859181
619 884 999746071
23 416 999849201
963 971 999897549
622 629 999932376
906 835 999845782
867 906 999728948
354 167 559624684
133 609 999732498
749 942 999724516
833 883 999801393
962 603 999934849
184 164 999958751
6 135 999774692
640 687 999909462
292 29 999739785
474 616 999825791
445 425 999731155
758 218 999795323
901 454 999933267
559 184 999892782
832 804 999765884
381 347 999801852
423 355 999976967
794 240 999804784
946 477 999754346
946 885 999781142
962 959 999807400
63 447 999723702
792 535 999734820
124 734 277462359
244 432 999802257
760 930 999917774
225 746 999729754
669 486 999996724
118 123 999762148
342 170 999941718
819 909 999957548
868 961 999734395
979 897 999843884
990 540 999714369
651 772 999783781
995 903 999951296
946 800 999776588
868 526 999869210
214 891 999840079
518 722 999878435
543 976 999771233
968 801 999754593
609 679 999993117
543 276 999848111
727 842 999873045
13 783 999786967
44 829 999908974
622 280 999757732
987 971 999977200
938 622 999765154
697 906 999789514
251 961 999741565
569 544 999973756
445 149 999971258
738 196 999973816
708 721 999848436
930 225 999854707
904 921 999909059
845 390 999834421
533 290 999882776
200 71 999884069
468 436 999710453
159 440 660131747
991 278 999799412
718 655 999797146
743 665 999894264
675 737 999945210
586 433 999959320
327 971 999846887
809 562 999760498
4 164 999996869
871 620 999952785
897 977 999744624
295 820 999713692
975 889 999865174
985 757 999871022
653 900 999756718
29 415 999977259
865 623 999820888
266 703 999724370
378 550 999717739
468 607 999771247
966 804 999967063
814 840 999742579
320 564 999739444
519 326 999986047
693 819 999815024
513 862 999858305
388 264 999932337
335 292 999857112
994 989 999997117
740 169 999851330
307 40 999975391
984 972 999923400
894 836 999827140
762 742 999931327
934 833 999835971
899 934 999824259
919 999 999897539
925 599 999870309
70 264 999869718
600 557 999818248
747 872 999825180
594 422 999817229
46 559 999893538
51 137 999982509
964 948 999918866
758 555 999962255
826 621 999905836
364 5 999764490
993 945 999922814
517 269 999736882
253 692 999737485
761 47 294739185
396 988 999722101
84 306 999957780
536 946 999711864
977 440 999888114
989 998 999942578
643 954 999972021
152 374 999794367
97 623 999890873
384 23 999788476
257 92 999992402
293 707 999934134
492 180 999808152
776 411 999895616
719 872 999850360
988 751 999756400
311 831 999954423
669 765 999820631
928 962 999781961
652 616 999762688
742 756 999968249
1000 426 999941332
980 185 999864565
544 625 999943380
76 485 999927112
230 3 999925046
619 22 999938913
975 845 999869503
933 968 999725572
211 926 999925631
977 995 999954149
281 400 999976514
118 554 999962348
442 884 999866343
536 180 999854906
298 678 999794921
350 910 999734117
795 473 999866625
286 625 999959182
934 559 999749109
714 275 999883049
556 449 999833962
816 930 999958511
914 99 999945660
568 902 999887171
656 677 999942444
960 740 999861297
990 410 999829408
810 862 999746477
929 992 999989629
986 314 999824008
471 914 999938104
572 56 999808776
915 976 999851327
284 394 999857604
659 936 999952102
988 983 999853297
888 985 999975689
649 220 999799542
360 825 837773275
147 205 999921810
703 1000 999980180
741 223 999752029
541 716 999736270
757 853 999723061
675 825 999825935
791 565 999875213
983 727 999962818
944 30 999927743
802 978 999837830
574 864 999797628
672 969 289409288
772 796 999928669
227 595 999821727
923 329 999721940
471 759 999772779
659 539 999918143
482 633 999810949
886 950 999987114
838 872 999948824
298 960 999813502
914 867 999777587
597 903 999794684
635 915 999954028
684 813 999952191
138 986 999984368
432 620 999940052
630 814 999943808
885 828 999785472
190 520 999829052
58 450 999881848
876 632 999876165
103 77 999840588
804 839 999987675
948 999 999965177
972 987 999898674
883 401 999854513
716 657 999963528
556 498 999888744
293 739 999814522
967 975 999829807
246 587 999925075
487 694 999955318
742 461 999811391
956 793 999774683
21 448 999754969
714 513 999868305
794 549 999775122
440 417 999855038
971 889 999937722
664 517 999930954
544 436 631001017
731 541 999775326
895 421 999887065
423 580 999916223
971 446 999995020
877 769 999899783
579 706 999913111
919 841 999918183
343 603 999971609
643 737 999952829
82 55 999836979
93 776 999832486
879 993 999857100
782 431 999830862
517 860 999798483
979 953 999709994
691 454 555776759
397 886 999709431
920 610 999986140
956 993 999932928
686 594 999763128
984 884 999894074
755 694 999961163
370 559 999767834
699 25 999964050
945 568 999962829
246 728 999814934
827 970 999915195
882 934 999848594
994 151 999876493
596 533 999865897
991 64 999769625
825 763 999842934
440 206 999873937
453 516 999955254
222 287 999816047
889 711 999806079
991 616 999884663
386 572 999792591
798 674 87301752
503 651 999899850
338 443 999912989
767 16 999809377
506 298 999896387
845 114 999922187
833 575 999967336
284 572 605437657
358 711 999879014
918 1000 999819141
647 693 999737600
329 428 999835980
996 882 999973450
968 809 999983991
902 710 999802826
891 819 999827864
829 98 999800414
974 908 999901628
502 633 999753832
504 857 999721434
46 634 999877096
886 26 999933800
680 785 999710811
888 259 999809893
639 813 999727082
261 271 999848026
506 573 999712422
384 760 999977933
430 493 999881375
871 744 999718467
896 937 999723388
971 973 999952198
995 530 999973921
907 941 999738242
878 812 999881001
686 825 999995407
749 695 999728956
811 589 999889553
500 634 999905036
698 319 999851004
610 436 999967181
959 793 999840308
963 614 999845778
669 913 999830766
397 512 999982120
672 344 999790125
640 229 984543479
50 443 393820826
247 109 999866096
906 866 999933224
246 574 999955907
787 476 999834667
574 848 999718071
451 98 999870882
689 209 999718276
852 861 999807713
813 711 999721860
106 679 999844149
906 473 999856484
717 939 999795335
943 909 999915561
833 826 999738147
708 574 999833642
90 77 999747639
982 986 999724265
928 678 999793204
851 967 999793893
478 149 999713161
786 554 999955775
898 775 999723077
588 536 999903732
756 65 999759132
628 753 999800218
618 925 999814979
94 270 345183166
86 925 999862711
489 895 999860756
927 997 999773021
116 667 999710617
990 726 999712522
963 250 999711441
298 467 999883829
110 525 999802027
419 617 999754649
911 687 999724527
290 988 999752934
950 883 999787109
575 111 999763440
967 799 999784271
822 923 999798891
14 697 999713268
811 641 999970485
96 21 999829506
942 791 999760584
720 594 999749385
986 446 999956033
611 547 999768006
962 759 999886072
961 967 999958452
575 859 999728492
141 398 694651497
177 530 999939579
882 646 999771202
998 588 999793865
961 972 999861933
846 975 999758167
839 584 999777586
121 617 999979314
991 973 999813863
974 305 999855148
765 725 999910204
957 767 999810919
775 806 999842484
456 553 999981856
2 963 999834701
376 243 999977071
429 298 999809382
916 836 999893828
53 49 999985582
759 172 999883854
861 707 999864665
274 632 999910728
976 947 999769050
744 795 999739717
919 763 999781950
218 79 999842830
613 101 999740235
515 606 999760723
427 23 999856820
39 644 999763193
251 538 999876304
983 912 999754050
951 966 999836568
85 520 999953169
111 115 999890154
591 363 999963308
86 360 999888938
164 834 999984955
134 37 999889694
305 564 999961117
742 700 999715490
80 231 999834632
537 803 999733882
325 847 999734818
918 804 999985537
987 599 999967809
454 358 999901924
363 625 999895967
270 708 999893183
262 747 999719404
523 864 999795269
568 732 999946461
722 950 999873844
495 323 444239303
649 864 999969697
670 919 999888343
736 828 999832228
947 875 999720388
506 416 999955083
222 439 999945265
664 620 999723723
154 738 999865148
992 681 999947273
974 996 999961369
779 865 999972665
824 634 418306593
862 486 999756221
957 30 999849522
462 456 999874564
983 156 999776791
945 988 999877126
705 692 999798154
963 885 999941401
324 150 999831592
950 955 605437657
78 568 999961934
484 122 999764463
350 628 999957510
870 621 999718915
199 484 999829410
941 876 999946454
656 518 999869094
559 501 999894343
601 284 999881994
807 38 999839701
213 318 999918595
890 551 999995738
858 721 999865102
927 966 999713217
837 866 999780229
202 754 999946416
970 830 999897057
788 589 999968973
665 688 999901019
754 859 999793302
653 791 999761155
980 548 999833144
39 975 999750927
578 446 999989600
415 220 999854437
588 667 999852729
875 37 481484854
205 153 999838692
593 773 999821091
770 611 999746420
520 622 999913588
444 205 999782623
730 863 999740525
224 223 999727884
641 923 999855510
440 152 999904112
297 579 999734105
445 963 379964904
448 325 999841173
950 991 999834784
291 590 999748143
649 55 999710434
860 780 585271451
693 544 999827431
988 690 999789329
452 782 999718088
151 562 999720966
94 581 999850760
266 799 999908710
600 689 999949360
237 769 999749693
756 977 999747473
349 446 999916767
602 526 999782612
483 600 999821395
736 599 999944433
655 593 999960988
100 73 999729786
706 110 999807520
782 946 999801028
228 861 999999890
402 736 999939901
830 755 999860061
771 911 999716431
597 568 999726714
959 828 999746081
542 878 999889511
559 873 999888702
453 631 999959653
113 561 999714068
905 993 999758876
794 865 999959702
870 382 999828938
677 661 999954160
992 822 999757176
897 424 999873905
125 286 999817464
946 927 999782543
715 468 354766738
537 306 999742554
642 962 999999945
760 609 999982847
694 633 999913136
818 631 999713082
781 947 999868042
762 623 999855725
7 527 999895690
730 683 999924728
134 504 999976639
536 998 999837861
646 922 999909582
71 489 999910164
953 9 999778789
306 543 999777095
678 743 999883323
384 21 999881425
966 950 999961179
182 105 423156053
68 973 999758653
168 289 999794620
267 42 999966700
563 795 999715505
831 868 999802122
31 804 999729852
879 901 999795367
633 180 999785616
883 888 999858203
307 482 999741099
784 563 999807336
564 823 999726295
734 823 999798239
506 582 999883148
930 659 999876828
670 902 999782281
778 802 999801247
161 124 999743194
498 828 999866772
191 247 771298980
952 842 999848135
778 420 999804595
835 90 999842690
822 704 999939024
949 160 999800293
802 999 999856599
247 893 999982539
564 984 999951367
301 966 999815338
