1000 5000 1000000000
133 514 809069348
693 257 903621147
222 187 708937384
889 562 31082807
785 842 756152837
89 897 796376401
809 814 437121789
35 617 712539966
905 29 443540899
939 179 709769627
825 575 97580286
885 768 817488030
133 554 905179659
275 864 579951632
25 199 93566266
119 335 833231303
641 435 775365675
491 501 104765791
673 728 192201695
692 632 282856848
673 211 431930926
589 7 961237029
255 476 817488030
738 5 763162299
99 223 547401419
858 16 90934386
372 301 809069348
968 418 762869801
992 466 298767660
957 588 881942051
786 161 938089008
104 512 746602505
938 523 794154864
276 782 766101950
962 734 946281253
669 399 314750147
367 622 912360620
506 919 775365675
402 600 771127830
97 823 509507209
340 816 24460341
884 674 974311971
337 546 345785453
940 813 673556703
983 534 44415839
123 642 573284645
105 38 259256988
227 1 914996447
413 202 655627636
46 449 973271744
173 913 11197496
120 376 461958221
21 207 232042635
622 811 635603457
508 360 620841324
898 487 644767950
579 493 525378621
66 165 231832076
756 537 576068202
943 687 784044502
565 72 742852445
552 727 742850766
292 885 964978405
61 92 405639634
459 52 481251651
880 544 687846451
154 496 157951593
145 260 377554563
379 516 573284645
934 266 896627349
939 976 119516192
558 682 12520997
875 57 700105334
78 434 395708990
888 251 274983680
132 499 519148705
306 364 138865349
286 460 97580286
839 750 337048522
882 958 302747793
490 15 81800332
986 53 896703604
707 530 623228691
249 399 746602505
916 834 10605401
84 966 995173508
314 12 649128834
261 348 90934386
515 318 731783177
310 848 404575228
149 198 463263441
695 586 957281789
552 210 191569606
57 409 947077758
862 763 601696097
449 866 742850766
779 318 525378621
164 502 943119361
345 874 285569743
296 836 874719801
713 877 481294335
23 889 263524345
848 261 355352041
675 491 529142759
592 628 896627349
319 369 416996467
485 312 601696097
261 243 279013420
135 989 963899610
676 400 785993961
361 510 450996617
863 474 416996467
427 844 693681676
264 921 416996467
649 507 952817424
811 897 437128194
150 605 292836354
125 743 482766752
616 133 275724679
1 723 332138176
437 469 104765791
74 967 441385851
736 490 181497389
434 891 531834519
954 612 314750147
781 64 952817424
577 182 794154864
371 504 771127830
454 884 606685057
44 567 232042635
162 15 240652382
642 709 706126993
146 340 975630538
880 536 404575228
590 549 749020715
29 69 817488030
884 798 81800332
371 235 817488030
254 463 248067997
623 884 441385851
802 108 583180238
766 72 475654141
355 352 573903219
154 27 732732570
199 144 174555486
195 2 888391258
412 419 227323081
614 882 678117219
305 903 607297238
10 753 895905918
354 109 242100205
595 809 332138176
400 78 700413804
493 215 606685057
265 744 395708990
233 172 498738797
700 48 707271467
488 210 230002946
181 859 231832076
184 143 242100205
134 502 99050140
770 315 952427477
522 77 138683616
334 816 892249082
415 666 749020715
762 906 118546687
307 86 579951632
352 22 648881299
243 613 597167823
205 149 501352516
411 596 833231303
808 463 10605401
116 25 463725454
36 749 203928926
376 787 44415839
494 21 431930926
178 604 606685057
130 821 186180870
766 410 962502732
179 299 157951593
258 771 589020129
990 640 610980930
89 175 984673507
822 955 8771433
237 687 599620873
531 784 405639634
150 18 938089008
336 425 40917559
892 231 705392988
645 248 561339827
843 200 150729556
960 149 96079224
697 391 42112097
270 107 649128834
704 627 285569743
996 661 3499393
591 841 299405717
211 733 630080635
985 163 891769428
861 481 655627636
259 164 713440913
327 824 556105871
661 76 44415839
244 339 593385504
223 473 386131194
250 679 705392988
628 719 12520997
716 383 984080711
968 382 881942051
100 662 233934657
784 40 633398270
747 155 547401419
539 764 132054230
517 221 695529812
699 557 44415839
191 223 645817599
437 38 229429471
203 223 732732570
804 237 607297238
168 219 478282209
214 520 655627636
382 894 746602505
767 469 312232669
791 363 268781158
321 828 894671845
775 777 282856848
242 423 40917559
197 63 287065044
564 484 61375503
282 715 450996617
709 884 673556703
59 27 635603457
411 914 784181352
591 131 192201695
719 761 579529292
448 762 3763868
515 588 788672513
695 607 910737306
460 83 192201695
112 24 42112097
884 402 525378621
815 269 868312029
423 643 938089008
201 889 713440913
386 395 99005420
816 791 377554563
615 61 409064542
431 456 138683616
868 654 903621147
35 697 456919293
563 902 568092604
541 210 525378621
742 467 745505645
118 324 207273942
631 549 695529812
659 453 463725454
978 742 705392988
679 670 111179219
805 219 903621147
549 479 868924929
803 597 726722731
443 593 339090573
425 191 973271744
702 779 10605401
372 748 174555486
888 339 477449670
530 768 191315204
155 567 894671845
39 330 611458649
241 549 486101097
164 112 995173508
518 945 242100205
224 68 242100205
209 13 592581860
105 98 938089008
288 436 355352041
342 233 519148705
520 371 82211781
937 403 656776462
52 235 999068103
119 278 260620634
880 431 975630538
386 596 706002477
7 803 728769264
914 498 755989142
683 831 868312029
882 737 632987246
769 226 233934657
717 912 655745599
414 239 833231303
416 153 742852445
278 47 573903219
926 774 329400076
369 309 373639809
69 527 477449670
422 184 973271744
601 939 180225058
844 814 431930926
461 311 156878939
321 721 447511860
589 911 874237058
94 371 370022585
972 403 237124121
658 787 785993961
166 364 174802869
153 544 582144529
921 159 40917559
170 636 787945285
388 31 195970805
654 171 894130770
123 768 785993961
121 495 576068202
822 363 707271467
326 370 345785453
270 143 533407146
69 433 556821672
578 716 269645115
612 167 332138176
417 26 147291593
75 748 752391900
445 883 313239774
928 25 633398270
104 612 174555486
240 569 7435444
596 147 887220453
59 939 968920799
81 238 28616024
773 977 351577349
959 984 498738797
243 301 617844902
891 921 313575121
331 239 424935580
535 603 556499743
715 647 588227311
623 442 868924929
426 31 253326895
4 671 478163889
500 43 203928926
847 130 370022585
325 105 456919293
281 867 34464241
736 448 269645115
780 255 455490356
581 195 601696097
427 812 345690247
248 133 298767660
111 769 982417531
915 151 830757119
895 590 798673570
333 889 386465731
459 413 77155067
853 592 256797740
149 216 320987470
70 155 519148705
31 928 621387318
557 225 879252966
724 697 314163222
688 380 486563711
688 126 820445194
890 367 553917699
747 743 914996447
782 97 684513821
180 761 71654663
856 811 173723546
770 509 947077758
308 340 731783177
43 441 43120835
151 768 308877603
855 385 44415839
840 100 268781158
193 350 919523247
28 285 71435600
901 888 935887078
187 76 24460341
407 423 217388192
140 781 945611973
802 765 905179659
953 137 176362317
513 232 163035946
998 263 80477720
806 73 396188510
171 860 957281789
647 568 866681374
935 228 763162299
358 921 481294335
944 486 641436645
608 473 180225058
912 686 186180870
289 556 912360620
871 411 945611973
888 850 608732429
857 392 138865349
613 293 587427194
511 537 779033129
720 229 968283331
940 593 90934386
961 770 964978405
277 808 441385851
963 740 111179219
280 56 762069960
135 764 431930926
248 78 952272308
946 877 935991610
821 174 31082807
815 483 44452353
117 484 968398256
829 824 251478903
686 178 968398256
628 918 748957839
240 521 181497389
93 108 879252966
184 698 197140904
401 892 29510792
909 782 684513821
953 159 190447815
76 771 556105871
810 691 742850766
824 975 866681374
18 701 118533120
948 133 193578444
146 448 883544803
811 266 975630538
805 184 910248212
91 947 220250067
116 663 312154988
541 644 879252966
665 557 968283331
292 474 7435444
55 623 794154864
420 951 699807988
815 965 632987246
900 471 248067997
895 177 384232251
50 867 191760308
545 838 407933183
656 570 24460341
859 719 71435600
517 53 181497389
597 743 176362317
520 435 961237029
189 44 573903219
481 311 481251651
766 313 784044502
634 714 99050140
317 639 476203514
550 505 684513821
274 889 656776462
375 938 404575228
812 253 239073263
318 983 871147583
964 102 259256988
278 313 564656955
160 669 925538434
38 682 732732570
751 714 44452353
843 655 229429471
369 271 968398256
837 93 313575121
838 333 745505645
238 220 247381484
759 143 392110846
400 452 898356774
218 224 392110846
465 593 475357491
913 172 426579926
47 176 673556703
394 400 837375978
271 432 192201695
802 974 779033129
408 122 553003546
888 573 456919293
164 908 405639634
570 885 28616024
876 568 710725614
438 674 579529292
704 404 618090931
620 92 957281789
238 185 678117219
94 129 714391554
67 672 726722731
796 322 263524345
141 299 12628734
57 785 481294335
1000 178 891769428
202 931 420795364
835 243 191760308
331 78 709769627
740 306 11197496
970 148 784089682
429 878 695529812
41 409 345690247
900 106 238989863
623 624 775765367
350 131 670217785
784 119 232042635
157 643 954939889
945 497 283805753
371 916 574378997
292 572 184032849
482 133 501352516
725 144 837375978
394 46 766101950
275 457 674271234
128 967 299405717
657 997 186931826
788 272 195970805
511 714 174802869
397 916 34464241
217 371 339090573
807 671 242583854
249 82 314163222
215 920 7435444
833 936 787945285
638 728 240652382
970 559 88849399
6 913 588227311
349 809 426579926
589 124 756152837
46 244 283805753
580 430 99050140
881 809 392110846
632 450 999160072
800 221 274983680
464 851 746602505
663 468 698954538
941 793 232042635
405 667 455490356
996 607 476203514
353 339 271550175
908 207 178136532
15 740 279013420
580 939 995173508
749 11 271550175
302 567 752391900
651 661 752391900
848 678 194625474
25 85 999068103
869 703 97580286
158 671 828105416
798 209 879931107
740 1000 146572120
424 301 700105334
181 346 456919293
456 548 655729855
890 362 750939117
30 143 194625474
453 952 240652382
828 684 469690703
947 323 620841324
931 966 830757119
520 584 984673507
771 561 597167823
462 196 553003546
66 901 635136010
941 770 477104516
912 992 75493835
443 987 482766752
4 516 641436645
706 135 181497389
881 50 785993961
543 975 302747793
118 389 119516192
54 534 888391258
224 910 190447815
994 453 752391900
655 562 876435435
999 512 874032622
529 460 426579926
224 743 178136532
245 774 431930926
754 642 762069960
963 693 942562816
850 238 588227311
943 448 127684755
467 194 516603366
781 160 868924929
33 947 467877382
420 357 553917699
758 22 275724679
376 396 156878939
94 749 615149776
720 103 192390578
478 789 99005420
709 385 547401419
924 209 959371069
470 85 173723546
845 344 194625474
69 561 238989863
634 732 29510792
532 267 630933184
91 682 191315204
439 929 345690247
259 852 999068103
74 494 96079224
874 230 191760308
492 794 88897390
637 228 536098884
136 285 312154988
696 391 93566266
824 832 910737306
340 462 191315204
513 369 576068202
332 312 467877382
342 287 597167823
38 737 16627011
887 511 925538434
792 136 146572120
184 932 916012347
553 204 874237058
227 562 817488030
365 979 197140904
361 923 726722731
630 330 589020129
57 160 248067997
119 101 747391037
318 997 964978405
96 86 693681676
458 80 138683616
887 764 932551685
193 2 755989142
979 708 656776462
662 58 673556703
316 157 178136532
589 653 780111590
859 981 437121789
199 121 564656955
198 524 896703604
533 545 260620634
800 182 10605401
562 427 868312029
61 445 611130704
1 62 138865349
284 497 419220715
249 722 404575228
781 145 477104516
361 548 742850766
324 441 181497389
283 395 623228691
623 489 916012347
408 571 238989863
939 701 779033129
775 428 655745599
446 880 529142759
335 8 874032622
552 57 47061353
636 630 584403882
204 494 242583854
917 172 247381484
650 851 424935580
705 114 582144529
296 158 217388192
222 473 224306051
554 302 972114261
495 78 662842361
820 987 302747793
460 87 588227311
664 44 556105871
420 777 242583854
889 464 481251651
786 778 874719801
307 277 283805753
366 869 88897390
208 574 750939117
523 879 537053196
519 545 191315204
569 421 433219943
594 23 556821672
741 681 630188582
279 365 706002477
503 39 409064542
175 466 608732429
480 625 662842361
361 117 759437025
532 604 746602505
534 77 885050706
286 206 349690419
429 401 3763868
672 190 588571034
341 237 157951593
66 405 163035946
610 337 302593858
832 585 630080635
965 254 486101097
172 940 533407146
540 991 467877382
775 387 751088966
481 927 203928926
726 227 6073182
373 57 611458649
942 212 475357491
248 300 635603457
646 301 304641006
559 131 405639634
831 974 742850766
883 991 99005420
412 768 31082807
647 596 573284645
78 138 533407146
673 187 599620873
904 269 951431773
255 106 433219943
688 566 392110846
525 668 784181352
271 332 257434862
391 644 849989485
797 860 529142759
601 977 238989863
398 1000 999068103
285 56 12520997
110 425 525378621
649 873 731783177
988 545 849989485
109 111 959371069
526 620 542483564
763 554 31082807
480 783 898850536
423 230 242100205
446 262 405639634
473 188 784089682
78 749 951431773
45 221 816488117
169 11 959371069
642 949 287065044
663 929 749020715
922 851 579529292
34 981 71654663
902 245 780111590
863 635 739782622
744 25 881942051
536 854 962502732
142 753 536218164
252 515 80477720
657 314 899624269
975 821 1572506
468 971 655745599
477 342 698954538
679 694 916012347
205 744 236191457
896 661 974311971
342 933 771127830
566 958 127684755
877 3 194625474
573 476 463263441
244 819 163808263
112 132 253326895
101 294 132054230
449 920 734356558
801 263 176362317
425 925 292836354
78 176 481294335
550 198 174802869
454 359 302593858
801 842 993316783
830 322 579529292
980 785 150729556
767 993 896703604
989 609 254120344
647 309 828105416
232 735 426549528
147 972 108259533
622 22 321563064
162 57 386465731
670 902 925538434
323 569 673556703
321 621 752391900
436 17 216799121
899 915 316665671
755 737 223578513
387 164 573903219
783 930 999160072
652 991 259702151
65 592 108259533
626 888 240652382
882 551 463263441
948 347 730838345
88 83 693681676
765 291 203928926
430 712 533407146
298 538 556644810
123 61 90934386
705 791 420795364
303 17 445584407
602 443 274983680
14 651 798673570
746 698 193578444
392 428 481251651
127 870 748882563
317 240 574378997
287 921 173723546
301 604 770278552
618 127 3499393
51 596 458478838
904 542 775765367
221 158 463263441
372 633 700128444
582 912 224944393
954 894 12520997
728 400 475654141
872 726 620841324
796 134 292836354
192 112 656776462
500 772 478282209
236 276 943119361
295 76 876435435
418 865 323212722
343 490 655627636
198 783 285569743
450 846 384232251
886 583 746602505
843 795 93566266
284 234 237124121
229 78 838314256
437 444 203928926
534 16 601696097
26 805 874237058
197 111 584403882
305 956 475357491
139 940 589020129
321 277 10605401
917 208 313239774
727 298 108259533
378 361 302593858
699 452 137150136
26 754 445968828
186 458 519148705
818 203 747391037
152 215 263524345
60 90 564656955
127 726 478163889
42 859 448570318
703 880 589020129
833 157 75493835
296 677 784181352
97 738 649128834
576 962 24981953
61 144 3499393
629 430 787945285
380 486 522004106
26 648 537053196
507 397 916012347
369 71 269645115
390 459 608732429
426 171 186180870
32 990 254120344
137 575 445968828
458 265 579529292
368 676 256797740
211 587 370286235
473 351 416996467
576 617 788672513
262 440 88897390
285 893 53078807
338 385 498738797
970 617 308877603
286 774 332138176
956 990 486563711
161 400 574378997
509 506 961237029
688 808 984673507
579 303 561339827
28 246 47061353
624 95 775765367
528 445 947077758
37 403 556821672
660 586 891769428
887 790 66380068
690 335 784181352
304 510 742852445
213 157 37223068
732 297 323212722
843 487 869084795
789 576 784181352
950 447 606685057
849 888 730838345
520 666 755989142
945 118 156148593
38 681 700413804
730 906 699807988
913 503 633398270
328 124 885050706
472 573 644767950
806 795 895905918
451 519 556821672
562 108 943786397
178 63 180225058
974 826 620841324
904 450 242100205
969 514 10605401
945 247 951431773
49 867 833231303
952 745 373639809
89 599 869084795
178 729 156878939
56 400 894684180
419 102 972114261
771 515 292836354
167 365 995173508
408 180 846221126
535 921 833231303
524 937 700105334
384 472 868312029
404 423 606685057
610 895 984673507
560 217 706126993
135 637 91183066
314 619 894130770
287 320 313575121
603 3 355352041
985 408 973271744
417 788 345690247
399 658 24981953
101 60 816488117
501 551 652988362
998 374 775365675
499 874 386131194
182 276 220250067
356 812 593385504
575 882 223578513
364 545 905179659
906 9 102671129
982 384 630188582
597 999 655627636
353 555 943786397
716 16 816488117
375 608 88897390
370 164 337048522
942 653 93566266
230 58 815525742
742 710 157951593
810 520 815525742
441 207 144210986
426 479 310517525
518 273 742850766
781 79 377554563
183 613 61772071
289 450 796376401
68 156 926517208
235 679 190447815
522 680 830757119
135 710 268781158
133 315 314163222
581 752 787945285
441 668 887220453
586 329 158660825
892 623 308877603
256 844 926517208
455 783 746602505
718 83 192390578
854 794 371945947
685 144 216799121
334 973 66380068
611 930 118546687
598 788 816488117
731 161 815525742
606 721 655745599
101 907 632987246
456 58 260620634
990 406 655745599
19 499 461958221
547 242 3763868
113 571 44452353
475 223 445968828
115 766 102671129
754 817 885050706
975 331 175170611
739 830 929736403
711 690 386465731
990 822 593385504
976 758 630188582
583 393 984673507
381 409 868312029
430 10 522004106
618 845 216799121
265 950 525232596
719 782 670217785
886 616 550241094
422 190 630933184
838 760 874237058
481 83 673556703
620 854 655745599
347 742 787047175
318 689 787945285
234 659 606685057
274 290 3715928
466 377 85402289
197 827 437128194
698 839 876435435
554 995 481294335
700 516 630080635
776 613 655745599
959 649 486563711
539 268 597167823
562 5 693681676
864 140 780111590
229 1000 312154988
799 900 633398270
8 20 943119361
757 151 964978405
689 360 447511860
926 915 586889737
903 941 618759422
313 916 662365203
576 783 460721
942 900 538531430
353 282 829306
156 741 882831
898 890 784515545
879 14 408137515
531 6 615375814
652 699 426963176
48 948 988529171
713 656 390466421
995 848 231398208
226 898 1382904
509 431 789569826
988 692 513009288
912 857 192238806
153 916 598218
62 313 104244119
325 315 124373
363 319 1011974
676 892 575058386
839 341 176434
894 200 548293290
911 652 865462933
28 250 1176676
769 471 129746359
928 531 502623937
656 901 278807
204 420 711360723
473 578 885824454
64 347 286207157
348 621 1445489
495 335 411718632
441 695 720686
300 732 550465
317 969 441343291
263 887 5447
687 606 977262
57 709 661414
503 530 296157
339 952 806233461
931 987 133336092
97 828 748263097
455 655 812035277
730 882 455444437
1000 999 591662538
813 604 272198774
514 652 800156460
465 596 804845519
959 981 646463004
239 137 841539
588 870 728256566
919 943 847282636
843 395 261889744
615 270 200267
750 644 517492680
544 74 829488073
942 374 956976498
507 806 559852
137 331 402654
917 896 163682824
425 300 732219410
393 509 1175529
40 169 989234621
106 605 943316
873 493 848316871
767 358 1506847
893 714 712408
996 929 320729309
203 440 527479001
639 738 917584144
875 752 831752800
678 136 934931254
636 562 519234953
541 821 413606
144 855 1166686
893 902 583420696
99 716 1217863
691 611 3567292
996 132 795614868
970 869 1314888
980 1000 220095703
216 743 318659
943 907 799866276
576 301 3089737
880 997 999961842
265 803 598287861
164 46 318204435
368 555 1046014
464 756 724901
178 654 281799880
790 853 615002511
229 3 803948992
931 634 104409134
662 55 600315233
714 959 429484462
602 239 20861012
789 883 599522368
982 960 881700801
516 935 405589128
844 89 650562462
776 879 502103182
934 655 1324135
171 454 860079319
384 605 997958207
258 432 727445
540 273 641871690
1000 996 344085765
292 982 1160392
288 525 490142916
80 247 190419
295 966 20872
843 440 122427865
407 265 621906
193 507 514656692
290 115 776019506
673 545 572219127
811 105 230707266
489 903 20243545
571 655 1400409
851 707 612463834
233 768 857500539
603 622 191179
570 95 1089512
859 604 650698755
275 956 330408
960 816 31864922
754 759 952442080
654 698 467662605
840 312 603345851
370 20 1423523
308 424 298940340
836 230 1141793
568 346 518456648
491 893 796518319
350 838 153719735
392 940 716060690
451 323 451264657
808 859 476795739
486 96 382921185
897 839 856418
871 542 915074233
771 905 623177112
791 817 811530737
46 739 1436294
438 804 414692603
203 940 892594112
855 681 987997424
961 503 284701530
634 593 482721744
886 939 877515624
666 373 219544
1 446 418681923
942 697 875246630
606 922 672072799
856 720 176297226
552 852 996517130
25 811 291078
968 426 385579335
47 81 697100711
36 133 510984909
473 772 436861717
802 634 1008204
145 441 872879067
87 744 761885
337 109 1477286
490 378 973209795
253 241 278393677
433 547 743551087
480 31 747302081
708 208 924000625
573 685 757736742
876 716 669038171
810 898 1011709
25 337 1023789
582 465 142985931
699 676 955035842
300 229 359516601
84 646 225529649
850 929 728998635
773 779 465826057
340 792 421261622
913 873 849662766
644 752 227128851
73 990 947843
785 395 926383873
932 457 30547
235 674 788526
954 964 393251431
991 621 105401564
574 413 724553
895 706 55844
985 998 438950985
745 990 906506298
571 377 125666
261 889 791073
737 58 739159224
320 885 230318076
587 803 17593
759 835 489706069
386 782 232823664
402 883 419771865
972 968 240273044
274 350 94647469
56 174 1510670
724 784 261861800
805 380 309715059
258 816 456702783
814 165 927915998
678 649 1350187
421 847 934943078
921 642 114712339
190 872 1314591
645 883 530180677
852 499 976517308
800 912 953435190
682 862 456920101
358 381 466171847
832 29 512874380
765 108 808698
535 832 72621224
475 977 358501277
854 841 527875441
963 314 392572154
714 789 508699520
956 66 107825816
787 591 81165978
654 617 667078864
559 415 1321145
627 847 389553343
619 999 1284314
848 904 216087701
817 962 151508736
476 583 465734028
973 346 349771864
330 280 966300063
945 531 215730
729 792 107953017
823 787 457462
882 87 747321406
92 313 1239280
728 326 95667
665 210 739329496
122 307 620389447
151 287 191801208
842 996 11020704
795 137 768684
725 632 274162954
372 690 741002225
909 231 305550
557 710 1344685
53 225 1052753
844 347 708399101
668 956 782526311
885 873 383057519
231 666 939560208
988 295 884540804
983 541 785754959
202 109 18391097
427 220 472770431
391 381 476971467
644 648 552169
95 984 105407
40 197 756117008
966 560 204900113
986 98 330293696
547 439 215204408
962 199 753808862
121 574 742595292
982 984 651961466
959 394 302996429
997 973 910434322
589 921 336593162
525 321 70237
25 227 1084732
772 913 246458352
320 548 1501478
981 560 312214263
632 800 236615131
228 706 337208460
492 71 392540740
958 986 595757701
964 970 879773705
71 795 599870
867 521 780366040
854 333 785993112
522 301 681546268
110 532 822904
963 989 834026876
530 827 9660
771 582 1468712
601 929 46195574
710 49 799777
180 962 751555457
528 367 616794
689 174 164783229
881 343 375354776
315 606 65758799
106 809 790597
699 271 231329621
133 649 565920149
665 80 718788283
820 206 1257550
430 420 801543591
388 723 283619629
893 899 491597728
955 876 222432591
97 993 180198
837 598 788167
929 747 706234
949 976 179625
444 650 970179802
516 162 666917
98 353 584757
938 939 199040894
876 94 1144122
688 788 1062555
385 259 255667536
507 602 638450244
235 142 750517154
72 398 520680279
933 996 111339593
616 806 184961
127 281 919004482
347 716 370385309
627 891 613425278
333 419 889443
377 470 714394
206 965 657438680
68 254 447179749
592 688 753618904
618 277 503785400
536 83 175492
835 999 369660372
705 597 960738652
786 12 455837576
963 735 498698957
966 967 265876944
673 421 306778865
902 931 772523729
836 961 54507585
229 641 570757306
793 59 715219
383 958 658756282
927 789 1527007
866 704 416577886
832 571 978241
713 69 425829
133 385 559768316
987 932 163008615
659 223 343989782
904 925 870654823
166 659 458452
901 839 469602842
919 154 1204252
76 695 1462627
507 375 852676864
771 414 443708305
206 569 508294788
1000 998 613314342
996 992 514111364
359 65 755986374
655 972 787031116
709 924 588433210
58 882 534501621
49 247 173162524
813 873 688777270
994 998 807612230
943 594 304314
392 808 844017360
619 864 192097689
852 892 256910744
744 652 14561027
704 939 153565279
489 105 919240021
167 325 217921482
33 788 355602815
547 584 418853721
505 386 571010414
969 988 802511111
419 735 909065
430 366 941069516
742 470 282684083
771 675 206318
893 889 980045747
304 782 649671
879 64 1008598
730 971 275376260
806 857 266487604
914 956 430374220
719 93 909301135
138 554 453750
985 503 848325475
470 680 512132178
184 446 749554967
998 886 869872510
923 621 328596391
861 887 252620366
706 783 265792
401 948 566567
753 246 23329988
701 813 93277879
925 753 784795157
825 425 254535333
848 449 438106629
858 765 140987
913 466 486754223
612 598 121850921
646 521 744133682
502 952 464093559
428 653 141002102
668 834 724413
988 921 743958020
557 770 60722
577 33 706996777
640 581 438705888
384 426 395790864
496 66 883444
974 972 114596380
783 327 769575842
21 152 356615621
625 498 909850909
646 770 78148209
816 411 674338
381 83 6296
588 798 265156221
1000 391 1106319
820 534 175420755
173 500 1489967
294 151 700005
900 195 78719
434 791 498884279
902 68 489519
950 432 895601551
273 385 697898728
446 179 338438256
463 978 429138274
320 566 253724623
532 363 803767370
890 692 462695912
811 818 145820963
998 956 136735643
42 79 291366495
86 473 889830251
949 854 327050
562 592 172644
313 781 704746473
448 133 320744317
982 311 990027
777 882 369219062
713 908 185828411
928 371 1387646
356 250 968193764
566 408 865907320
936 961 771450463
917 932 474924362
724 995 670339119
362 840 985093904
333 524 395299328
784 799 761209662
933 714 115953943
465 756 552311703
246 448 892609962
542 638 589323152
473 552 316588821
317 85 1166692
680 526 1442961
857 878 829764561
249 559 77718002
888 393 950881352
763 843 697547304
810 798 632967
669 524 1349046
843 603 605407320
763 887 1447887
848 872 804830823
995 999 67365812
448 796 1495863
111 750 582595373
905 703 767948773
977 779 239238458
29 843 832706135
913 315 153493800
632 241 92497
788 771 63029861
400 913 312963
314 118 374330308
782 973 856188288
102 886 291901852
127 634 321768
795 659 263130694
657 603 420380039
882 903 109790516
382 752 923847354
464 985 1190370
792 179 3622874
551 328 1118280
412 841 875105132
479 716 312929725
40 933 10757272
393 920 454689245
106 150 1184945
691 923 617677571
159 980 127633
779 543 183131412
723 667 300499859
896 424 1189725
655 797 788623136
282 575 461476
790 548 483076132
753 418 549155764
403 25 2032
480 1000 398922075
746 589 265131
685 562 23832756
789 798 313040502
967 571 887981791
555 771 804357618
960 839 993560410
564 951 661614401
249 370 74976708
623 344 841431477
790 968 940945312
450 739 239967305
434 240 753074936
185 650 276597
918 958 764036418
629 702 108604155
931 333 490143510
323 653 676042538
449 54 636110254
514 597 675711756
742 431 607092
12 800 978913728
439 571 565634201
993 24 377431719
464 962 21118866
623 922 779094407
857 778 313712790
250 541 400538090
348 834 85555022
160 842 972714712
966 375 495423100
570 887 38427120
945 985 36969057
337 906 945654
615 908 718014651
880 894 571229875
948 955 935336051
930 376 998038062
722 924 74744286
541 533 385115
477 994 635681
820 691 268403
881 909 217190112
850 860 503661261
780 182 78840932
553 939 522470335
1 474 265081
285 208 73234807
711 991 406003250
211 578 87604202
917 574 75156
103 190 383582
848 674 944720817
370 391 579664960
983 17 399123140
904 561 336875
784 495 374681460
849 580 388820084
390 765 909942
994 860 204186243
920 891 258220827
971 171 440618082
325 473 347613453
982 258 156422
997 992 443168276
523 986 743062003
872 373 516280027
749 805 441179910
442 265 258987736
355 110 687889521
72 590 1504764
249 139 825582
946 987 533092818
663 393 149820440
980 959 109697661
935 463 1502573
772 833 895036998
401 820 1568104
996 978 523599298
163 418 989167
332 366 876458180
943 442 491439
845 805 101092066
946 951 244234497
407 207 789688462
968 467 815295729
763 574 586347316
495 746 619628224
962 157 1349857
62 101 71716242
833 230 751984149
807 538 733881593
481 983 1435331
987 867 247897702
468 515 404536092
988 867 597994256
667 633 751381254
106 299 495223810
89 488 135699
979 444 26900206
986 991 970442769
818 735 439349360
829 955 888135342
926 313 433679707
852 874 490468784
980 595 421988450
793 757 869535807
876 938 336927445
811 213 389046263
786 48 79048343
413 500 1297743
869 910 275701314
474 825 1106069
113 646 240849789
466 573 909290896
995 934 405154605
340 176 84661
926 653 465638514
581 669 1337837
985 961 446803407
249 434 858274685
289 908 1106851
823 797 421774770
165 117 787221775
530 983 790435823
958 866 620979640
905 71 248120168
418 489 138305381
599 788 688128200
429 431 59116776
200 406 817895
553 878 651994131
484 463 934564404
745 663 191046073
250 750 799949840
438 24 195313916
533 855 431427581
193 88 1105579
142 943 700080015
589 421 1407615
233 923 228834249
849 978 81463460
782 522 459183106
442 620 103190473
841 665 411034981
751 414 1118685
224 255 737154
547 618 577731
149 355 905534195
937 891 527302
981 970 775557831
876 519 519948
592 452 551668
659 144 358360467
363 880 660499013
948 877 292689344
916 912 680231836
529 354 187944407
589 515 650793982
996 987 552174932
902 945 648991222
994 846 124212558
263 19 85891
42 155 340039229
931 817 822305481
112 144 531351278
121 250 617849854
871 514 763908157
402 411 226029145
283 393 898364127
919 398 753242003
762 797 676869329
696 120 678928051
790 926 983722951
517 969 1450512
362 252 292885625
400 171 935174585
969 838 404144741
459 495 1094673
64 558 696274
219 280 387638
829 815 945941728
804 778 1140567
926 974 636656424
160 330 902668638
717 960 205982817
653 295 563459260
459 504 454621004
889 972 692062570
817 582 662467844
763 718 933445422
997 986 770234213
997 983 444526520
792 436 63715
318 573 848819
177 464 454774545
781 627 830452020
892 922 185217144
733 530 923812222
772 844 609305692
546 748 659504468
494 542 5762156
619 992 476455161
845 934 10818448
388 361 241832556
234 940 70395
885 621 871927500
578 894 944318
212 982 677181879
867 957 427283933
801 972 1032242
725 620 114334727
813 748 493749
317 350 889483
952 298 559144012
900 939 900455563
989 992 121757943
481 754 429832
853 292 437360
274 638 1442281
699 725 490203261
728 789 778047585
437 438 115427780
644 841 440052390
734 813 490276932
935 764 907809627
288 467 1267256
301 21 158272434
690 419 615961
785 932 806138809
541 949 186835306
798 844 269162874
112 95 1057637
98 636 956070975
888 302 298447101
395 945 838500728
523 800 664514356
345 320 561774495
214 6 688215755
691 850 296991738
10 857 840487792
103 170 213808
286 57 489619733
356 262 330372336
10 936 901365
383 545 1242495
640 213 275179600
936 988 834584556
489 722 1250712
717 256 308728443
910 972 742730263
523 565 906912328
343 154 269284411
275 977 633668227
303 527 655281
634 920 287033198
18 589 1400257
994 902 132851824
965 543 841746291
500 572 916013893
633 487 677928522
567 902 424967168
679 4 999346
967 878 947978662
193 827 971383911
214 674 129358733
391 57 922445139
847 701 557091163
960 967 258587946
28 703 4130
57 911 1213197
991 1000 123209708
681 228 767953
784 757 233220
932 916 52721481
574 38 488021667
354 223 290038
966 906 734725114
862 642 63225391
797 472 104320305
249 799 778493067
540 13 386855939
387 67 985712251
707 702 787963623
850 785 260674922
916 378 139286802
117 320 361359449
696 411 1269225
254 542 599662787
559 664 1068717
901 940 288560672
981 880 870225850
25 947 1506460
995 885 380945780
600 709 915184534
999 998 339154781
704 326 1425025
760 655 571643059
15 55 1258717
789 275 983296
691 682 917245016
961 908 427979859
708 446 660710318
329 792 8354047
29 777 537422
304 683 136831178
714 760 547361993
73 400 271052848
364 959 720826615
479 941 155132495
978 852 935937595
279 928 419833
781 406 960945414
933 828 107996586
885 252 646567360
340 850 1277596
378 155 792348165
209 710 683440096
400 272 806389231
531 342 210834594
409 265 788809516
759 346 960513572
929 200 696682497
692 242 896214
850 517 415059943
862 839 771297347
776 127 62894252
595 275 195535461
598 648 554969090
24 755 417699
786 909 725709649
889 782 771271722
299 834 709101
326 578 752916414
235 690 765441642
47 380 1554284
27 246 886885
667 777 168878570
273 24 399735
53 975 954063005
36 32 932189249
582 416 692933
615 657 757845703
498 538 26523571
882 520 68807390
355 884 391207567
321 857 632328581
527 614 302390290
1000 669 826800300
128 248 217431325
896 928 865069354
39 259 515974137
89 244 1493943
400 917 748470753
525 446 163953
874 720 483416375
659 658 398228944
111 960 884061676
603 70 680786625
999 35 918053269
418 183 674944891
965 616 719789378
403 700 700465539
543 670 740177
551 266 282021621
770 936 451043600
166 12 828135108
827 11 244050437
118 687 1243620
927 989 252198878
947 987 881350549
535 179 847016627
457 825 56752
216 723 600419922
968 998 868216352
473 366 526903421
315 396 512203134
952 903 134401018
554 700 502285761
661 199 402545131
678 474 701291815
596 654 673007889
640 516 783941794
213 693 489567607
101 837 151601
628 155 703469940
552 710 61957943
899 872 724745207
739 596 307368626
824 29 35520985
984 215 597203
969 933 613105539
256 302 614539467
481 142 1156639
671 685 347331282
374 794 62947541
356 12 338879517
436 191 956110528
977 784 232244335
110 905 126839371
40 697 678565267
810 249 145997316
747 105 981105680
804 972 909891799
662 707 521996712
650 717 553579217
933 205 684568063
200 893 409120
860 481 616752749
988 512 609755
817 793 624370162
941 827 845007098
843 619 953530023
779 914 275567948
988 953 218684493
327 740 542766188
404 425 991997
325 842 992925060
752 747 228444628
940 884 78586666
904 973 387436057
275 801 815581440
936 665 530418627
235 353 456145865
990 930 82545408
647 39 62855182
891 946 661273066
174 410 851301
467 527 133747343
814 763 996776024
911 942 309346953
968 562 454535038
947 963 664389001
187 464 427896
731 37 798025050
822 589 176330128
969 564 486918
912 965 404232915
909 368 466337679
296 814 375184676
697 906 41952533
128 355 627071456
4 286 17701
634 589 417355863
767 951 604473728
743 156 116067882
826 595 318818577
763 560 915312919
620 450 648999
22 360 566743
818 504 782647065
748 536 396124779
304 445 266825366
860 195 1275058
914 864 574778804
670 492 516952347
148 227 1191487
631 29 716026
371 8 267783700
731 670 200398505
800 714 994992831
652 572 710663319
963 553 682496
113 9 438310370
863 856 712150819
85 933 657721313
107 821 318708
610 581 584498576
743 529 790776737
835 756 434814496
400 697 37174
216 97 79415794
941 728 968898502
508 620 931268435
717 778 515386955
661 799 80970543
759 879 354055615
52 17 356436757
256 723 786244
541 589 812459841
754 808 414939294
841 10 1546822
294 4 102501006
710 480 467976930
683 589 584062619
627 433 82269692
675 589 518074421
577 962 768657781
750 980 886673327
199 848 24146
993 434 459538856
954 865 458654481
740 483 501302
705 558 254385000
776 703 465207182
809 684 573442219
883 484 1481433
884 716 933601736
858 766 336854640
976 353 925163172
573 899 92055720
627 295 499133707
866 435 97758262
629 998 887476433
647 587 735822401
718 710 624841468
199 793 551712161
669 132 372364715
147 881 618037803
213 780 374018909
353 455 818918944
592 751 30985714
278 264 470955
353 306 995754314
913 539 1003112
941 552 1444277
188 114 773470
886 829 615642293
644 913 61840958
429 896 875453999
883 864 188598914
829 810 794259877
146 405 70470223
558 285 561168649
692 572 753112409
938 984 4012240
399 634 636164834
695 494 129177
586 985 66795088
144 502 410250603
791 739 553661213
840 494 105525
620 504 297715831
560 775 431895775
265 652 1352961
564 327 757631571
916 742 684749967
941 837 69514073
481 53 532539765
976 866 192180573
865 915 663164247
672 844 560980431
268 307 855244515
561 108 688662063
1000 643 391287992
130 687 98759640
966 694 60893654
612 762 41245009
878 836 756722
326 508 553638601
974 884 172132979
252 177 1171293
301 246 597199827
369 967 949825216
421 737 796324996
710 165 1001996
823 407 355540105
886 898 732793259
219 42 404776
521 154 333894
342 865 867150199
827 915 217562003
854 361 310445559
695 456 697064251
28 185 100455214
735 456 72924498
219 963 689419893
276 186 409775070
992 149 21655
591 405 81100248
785 158 421627
891 268 808561
77 821 89118
78 424 874543
759 142 543161
821 137 520836
953 841 751743836
633 801 475642445
396 635 702614
568 618 720810
757 764 156930703
461 448 99272
909 950 516485303
772 329 859831416
748 355 501072
660 487 531419204
573 640 31243
914 919 377284904
777 973 579278549
617 696 719185830
87 996 50187
905 957 249407396
299 470 691161914
757 901 813485890
167 347 440726852
888 830 343216541
335 633 150959540
936 926 392100267
951 218 773986258
197 903 947643
181 462 1170505
868 783 437847214
953 989 328066524
866 924 51664249
828 733 552541572
928 924 73006696
362 795 111466072
364 397 422011974
922 998 614632120
407 487 984982310
976 956 483065865
973 373 194403296
967 620 426170757
377 379 68262114
239 961 326671
479 408 1540051
278 259 742202141
608 973 88800600
76 530 596182
891 282 989308
497 553 780083483
276 611 551209198
424 702 1420572
849 833 796240
597 406 156173329
880 269 1487856
55 220 399853483
264 338 1469598
903 568 113827473
244 638 40793873
88 426 91608044
961 467 124163833
723 586 1250451
636 651 335515
573 351 127640020
142 32 733616238
567 423 906649221
435 220 128920
614 987 1335001
755 961 913300629
751 823 850039115
717 506 85003443
787 499 749813990
770 483 92569068
910 219 1032503
29 112 624818385
479 364 410154818
410 649 334854947
765 335 523651104
197 561 596649041
892 238 772684929
822 971 738859000
123 917 98959237
991 995 479276625
365 75 361599191
686 75 970080391
607 984 470933503
911 934 585570620
785 233 359318318
308 999 324027658
812 300 495904726
763 68 832568312
604 999 208631517
994 908 289499
778 381 975774542
976 970 148356064
510 123 931039
404 860 397707297
28 946 378607820
857 342 919920025
6 768 77342
381 206 110359074
928 814 785506959
598 650 493905734
88 380 994569866
324 72 1047826
581 642 375082305
781 992 88888647
820 402 756809
795 714 787928508
690 64 771418902
842 933 1100463
738 427 356376667
3 205 402742
386 938 781090
455 652 4451
795 155 703339
991 974 78461764
845 449 400644616
706 595 379142152
981 353 598263
646 249 381654068
957 908 98503929
469 226 162524404
495 479 336852422
878 658 79289869
99 238 620097617
628 36 370208195
975 986 779347701
919 965 98995017
379 888 448991794
559 222 644696033
169 937 94123895
664 745 385024508
786 229 149501627
833 953 957970548
840 918 732653875
388 258 50004096
652 591 384696
566 363 11072
387 469 780986
595 747 574800148
551 108 464807
417 925 414423009
714 762 920061054
972 483 677119
309 361 616460313
824 906 78251802
276 104 943712
695 568 34735
775 139 249383
944 978 701781882
962 877 307478674
551 881 245307331
260 863 365274969
55 562 1091191
173 221 215722571
262 268 430331878
28 774 829940681
648 886 897284395
960 972 357664540
952 662 868123077
302 188 906892474
948 739 1134921
788 680 1568946
412 878 1484470
641 836 22144
982 596 533567773
284 659 981349675
472 272 414173
89 800 638446826
969 593 377207
887 623 840120032
133 483 1234142
821 227 504836617
289 181 908377131
99 350 928719776
667 600 163636284
487 117 641699805
122 639 998428117
997 572 663412451
874 671 102893529
622 830 1517533
940 627 182744902
836 168 129760665
330 57 329085842
363 928 56291739
75 814 381341285
441 348 629261379
914 975 227029805
835 824 29925687
33 235 1196593
868 920 812828975
613 845 516235404
660 513 290797525
557 473 621828296
423 290 263477010
871 828 224021983
140 491 980440
624 497 252269659
565 642 750653144
636 824 221607903
302 966 258257434
558 257 945268
847 882 518888610
760 350 606925084
89 458 1018701
939 694 546914832
996 979 982624711
718 309 780010
402 329 561786266
853 872 623080482
999 310 550673447
400 580 1179960
944 711 146647523
841 882 515614741
789 273 448345173
34 428 544054584
366 413 442378268
359 807 847845071
57 569 890743318
619 381 964419104
715 286 737978208
692 216 920640612
952 92 825984386
721 353 540444540
596 878 454433593
943 915 712981832
539 477 734206902
630 635 310716794
628 685 168156574
914 426 110468
975 977 693604681
511 109 223220565
857 904 493299671
935 868 696357322
801 102 44261769
919 590 18012972
837 852 795130786
879 645 269997313
261 767 801440749
219 999 127843543
466 323 163000048
499 405 523238715
687 656 1377174
59 800 768017402
397 845 219603408
985 250 604769248
109 330 840403512
759 872 686535304
773 309 753452569
456 89 1175975
902 703 478348
816 449 681765321
611 986 770473819
612 516 769864
418 297 688990712
341 389 932213297
945 360 692126992
988 994 136692568
854 657 1330132
930 994 427631696
382 822 842227
545 323 685226
157 130 550048
506 481 810068160
667 801 688859786
580 640 667081526
40 689 583888
914 938 78955091
239 786 686513182
948 939 147797441
695 453 370537
174 966 492679244
894 368 757035668
999 918 650015031
975 776 812290740
158 534 988547837
842 816 297830617
697 802 272777
877 842 1433256
955 937 462785454
661 942 780949472
982 780 533180956
622 381 992019586
705 247 800171689
267 847 540188
485 904 186969
915 522 742842155
753 840 911803662
328 671 327587525
45 44 360994
378 956 784852409
74 371 164965578
860 941 857344821
795 278 186194251
767 907 187687597
566 101 887930638
787 571 643328976
181 727 208855373
879 847 305181511
800 683 27818117
726 325 1494176
200 110 32214990
859 411 857300151
841 476 247219248
820 509 1001019
904 783 981057820
942 987 945781401
241 156 665647497
646 830 50769183
148 115 693778
577 998 795002841
551 210 1249116
1000 952 170781113
571 871 191771387
142 66 592027513
151 888 952378
525 579 1091244
739 689 555066538
297 597 290967
420 661 845024638
846 390 1034567
76 520 357066890
344 867 251241454
190 72 464740053
999 987 741650758
680 845 234257652
907 928 154581677
189 763 135659
208 586 508409749
280 640 240597691
709 690 943868588
537 111 1078555
527 893 442281207
974 984 788533365
755 67 7782
741 604 305881
790 66 581731956
134 425 429198349
753 831 41624394
642 979 1432731
348 103 283418640
746 859 1319505
769 854 676648340
345 330 702509927
642 982 747598899
838 507 1012809
880 964 506413
483 633 876133088
361 133 192643289
601 823 729210630
808 556 709654
295 893 272871257
122 609 969080196
955 924 45262938
624 988 59933571
157 317 892963189
122 471 1061465
18 90 490079526
777 75 1304272
353 850 287826763
900 769 387763459
517 197 751042103
793 242 885615112
729 959 345399148
951 782 295102662
711 688 207826747
582 421 886263258
678 253 584119
713 705 940833480
517 171 833353941
475 12 829689
841 729 932709417
713 953 547382224
657 54 315046
1000 993 804414647
972 774 467576
131 595 721532792
809 440 103115
39 437 440668
790 922 974356
167 298 660086415
972 980 886524303
349 676 1261373
688 753 110966161
762 804 429948227
239 988 1406886
985 989 284071348
608 982 234813740
664 176 141719974
907 914 245201972
874 575 323191599
471 720 329316500
702 848 572337650
409 971 382445622
976 944 605697864
480 520 139922627
492 238 512218677
39 498 770154427
852 924 887186
433 271 975368031
801 749 510189792
587 633 848105814
901 919 458989610
205 607 531238619
902 212 1462026
744 648 686744883
918 939 791872410
627 740 1082046
701 917 84724216
689 70 105079716
728 977 710929245
846 906 710578443
992 179 1200168
906 612 967400966
687 184 739065240
760 554 1076077
875 748 752017
472 752 379302274
82 868 64744989
894 744 693769337
537 224 787841251
70 491 862471535
357 211 583772055
590 811 119343921
458 248 638279292
296 285 690359882
200 812 463500275
589 722 266029467
804 175 408167637
931 825 803425048
714 818 279861495
588 17 176265
370 758 555903220
201 320 7448593
630 765 391738
570 748 479149708
997 979 951222661
590 8 247684154
123 243 629321932
988 707 739901235
641 735 771798779
578 886 121060434
514 478 112249
567 958 536598
835 589 708977491
430 128 866825
957 24 511770220
2 461 602987213
501 232 862298113
892 886 622749713
213 180 425119048
806 181 800068756
798 861 8878071
861 103 670094734
952 951 201519155
518 277 318655
909 987 863188148
668 700 9115484
743 35 356802641
977 948 264912898
970 965 893067932
476 353 629624135
700 832 768850302
111 569 904880091
730 917 595644307
549 809 392724048
76 4 647499463
242 80 1569909
286 399 907183075
796 646 1029548
984 156 901342398
754 753 960896123
817 658 738765919
569 678 190249552
234 292 626701364
988 972 534560941
719 787 121413946
480 663 686664939
472 217 769191
335 211 440792
786 594 693624486
521 567 783211721
914 222 1340817
302 794 1144142
453 735 267445027
135 867 1060827
886 551 557510197
889 900 139254535
953 994 743789699
225 298 120855793
205 111 555961
801 776 503857575
829 1000 410851
478 619 564791830
290 519 674112634
696 762 1142241
889 973 825455923
835 964 406833125
565 549 1461121
970 753 698369450
58 651 903657
334 590 559137884
826 862 80706
989 329 604536
258 499 779161553
828 587 317337
887 289 489995578
755 426 468256694
950 915 22100328
815 731 1494653
958 807 273742160
586 160 213415439
893 939 3759954
451 805 188788705
987 659 157959270
506 430 1117402
392 993 1485523
503 489 480084615
843 22 100710
1 597 1269937
764 79 686495508
65 940 862986
434 775 42659764
472 677 720434617
944 57 179967
262 880 704738
726 559 1278754
297 400 426183761
27 656 230711608
150 839 641592268
644 611 362508233
611 176 1091929
790 399 1129162
553 980 873547906
786 264 442955
599 670 69787569
898 29 204558989
484 733 201111315
870 895 329158548
860 960 176070882
241 431 199707109
877 444 562113382
460 950 821927028
427 648 916766093
691 436 818745650
344 503 177498485
456 580 219395283
831 332 1298616
976 984 915191186
707 965 439322205
922 971 244485848
982 543 125323
890 913 135034543
978 950 165098906
935 977 209622500
573 303 520860707
393 355 239035193
923 636 165081001
12 209 168554
861 899 402769988
764 864 855492
865 685 251196061
36 321 346177889
56 74 500840
164 642 915841047
771 805 100528
589 775 522469237
344 599 830276399
104 83 1547562
119 92 895475
678 754 244719954
65 866 569075019
655 654 938028805
305 478 134440491
556 331 835745437
963 964 959976116
938 91 524967597
990 92 751657621
929 137 137817111
958 926 171821327
772 798 353361830
340 169 1168892
956 507 328523018
991 519 1338828
983 1000 240031061
957 981 820353201
627 994 19661765
883 853 39216111
383 724 129444961
578 413 720149345
387 950 518783687
476 586 769711716
928 793 897598299
881 868 394815680
681 272 484948911
226 382 649410344
577 656 1044924
863 867 528877215
816 903 881521098
828 728 414740348
223 697 27410665
94 437 926569023
492 143 480775845
950 849 861449
597 172 506267420
539 227 539629803
823 573 689674
483 689 227999684
669 732 53843293
255 815 634171
957 291 1229632
249 225 389459028
448 141 464044034
348 141 316040611
180 647 1251228
103 505 833244678
950 931 374795882
748 776 743256844
982 908 317102486
534 496 171978
18 317 311586490
454 440 710929
463 442 704113012
942 656 669225056
86 281 722491981
675 987 5482536
439 225 1494696
624 294 28221
757 779 540175405
650 855 1128017
555 764 485329165
476 526 312792
983 962 39424227
42 700 932771966
500 319 859824267
822 937 428160626
289 328 998584126
768 788 74417247
891 972 942725179
429 527 792536511
198 781 1124193
854 116 650419698
141 758 40139938
289 218 1470489
234 511 923597
596 427 930733967
1000 904 2065783
537 333 166075128
408 633 865597164
934 718 339937384
981 916 763096931
562 161 29535145
584 659 46811949
932 903 661311946
502 789 734507
665 789 375947290
432 967 777660452
926 442 248758943
885 966 705184151
348 590 539260140
524 552 711635
473 173 924048989
193 512 379499482
931 719 177414291
805 199 727502569
351 598 40199
700 913 489576972
704 123 730773055
397 449 267307538
521 496 557947
606 907 1541379
415 884 386307378
820 841 298693977
905 912 942869239
663 520 870223966
851 482 1206793
630 190 876606
24 839 746848963
394 679 796641868
282 54 180122763
92 637 154031585
988 756 83103371
771 433 786006
943 972 710236978
729 687 528810065
989 959 522331684
884 633 827447726
918 603 980278
682 720 740001816
216 359 783403
949 384 874211409
51 543 1063498
754 740 119557622
158 154 899659880
715 229 270542
929 434 198576
663 49 785053
313 749 1392937
805 944 23865111
572 871 564356
896 978 717084920
681 263 578984409
931 526 494903782
419 645 416994425
901 524 872378977
796 583 991624
206 535 507535897
274 999 829096
204 320 7970493
956 779 521943568
725 957 676906287
868 360 740220006
369 911 115115783
194 419 868426926
790 345 720331930
152 439 207949042
633 495 510490180
785 678 42076039
514 788 711386
384 157 724337347
551 680 105292418
446 758 893305685
928 264 189416
696 689 29124654
702 625 964615980
921 834 464498467
946 672 1544567
239 717 659760227
305 294 282492972
860 683 488471222
894 989 267164512
795 787 837376071
432 72 486614769
637 670 268270470
48 493 183259068
285 257 842093214
965 964 496722591
724 819 800538
812 798 803588989
856 537 1169952
549 414 341890569
930 830 552947083
989 995 688291311
987 1000 786626572
817 259 535555843
804 708 609397065
951 196 866030
574 40 72985646
866 932 777856484
300 11 903254
189 924 458890732
717 847 373552043
992 175 338364848
971 795 706270773
178 475 373761055
748 338 727778
630 952 673457950
107 131 1385335
972 951 818073778
587 305 19357213
607 36 640450798
857 372 776196
272 1 856074383
325 884 1270152
654 396 666144460
586 776 725207392
572 486 900225453
704 238 1089632
405 423 1499237
904 790 973748002
727 820 1450051
160 968 348396084
966 981 391719995
808 554 172613273
806 253 89337876
37 271 484025
882 724 307109308
397 244 687146
178 997 972188
919 825 166832391
670 906 246874313
689 348 897308901
9 450 743656728
220 955 3275
286 441 757783107
157 541 243327245
447 536 944624378
721 804 783385778
713 944 323919616
927 572 578742550
635 191 814386987
891 933 404219792
854 741 516375318
740 393 665194857
245 987 1443832
986 886 613716
494 630 388733382
31 780 971256
931 909 646220257
258 597 668558338
104 967 844351587
738 755 940841436
772 556 991699660
13 390 946931079
509 890 195162
310 607 379122308
828 949 684877507
917 926 731717902
291 995 623135167
860 946 747516598
530 635 561479
44 573 525154
520 754 234810288
872 683 291452813
572 34 517502
281 505 1123924
877 22 1516360
59 307 109614
989 81 903175
827 893 52112237
577 954 337755038
61 458 537782581
279 852 317237819
576 710 571718684
23 682 1138581
862 898 997319416
549 281 36610411
116 504 1221664
911 954 848198764
93 327 541687
436 584 697721
901 859 984928709
458 643 166022093
541 222 286121266
184 901 329497
934 979 906973725
79 55 723289
151 769 81682306
896 608 9622353
768 935 435826383
199 956 274089
597 798 501410104
679 848 344256683
544 900 407504203
182 490 1343213
314 33 794803934
970 987 777203300
424 709 499898760
345 492 254987431
525 862 134436996
663 556 494739669
524 495 398781485
423 194 711888735
713 501 456925791
454 182 496584
867 810 374476892
279 993 686464505
974 997 599640558
695 351 904529787
862 429 707603587
777 966 641314531
994 907 22163184
944 223 245334097
793 299 706698234
793 852 67133665
701 996 906048052
981 985 7946473
274 363 336380
795 856 865490201
919 597 609713
949 771 500402691
640 21 1407020
758 514 967684684
359 178 612769728
717 313 289408351
521 6 4057
662 627 149689576
812 88 560966881
354 754 434517562
986 629 881098792
193 867 941887093
293 773 834727528
811 334 23245074
174 486 318598191
773 794 880913668
213 793 370747125
875 817 350701928
755 790 669147
698 858 1020590
208 953 217656230
568 493 724988700
703 955 281765217
349 672 677791736
978 810 431851229
970 119 858842255
263 228 264400321
894 927 428955236
987 719 655883159
891 913 895410403
119 162 615850953
765 728 404046591
729 754 568129915
984 947 216864477
186 730 576943035
562 595 249486198
399 889 108300031
712 558 786383279
885 47 428897096
206 746 959654957
267 432 983540036
835 696 228287986
816 499 1113473
303 491 683064486
855 877 480794025
943 990 391057999
595 901 837095469
918 985 133778356
986 774 741775858
289 209 731160781
349 881 1020508
964 478 30698528
977 248 385211854
622 192 650831273
481 625 1099224
972 921 987225
940 685 31808038
92 86 37369397
520 842 881085216
149 273 501191909
678 940 635425707
754 186 107342736
830 729 1304299
730 511 894655813
677 424 347980361
386 721 568101501
657 28 126941850
29 816 614095001
773 469 896702335
885 107 1237395
377 613 228777784
790 113 537732256
963 953 268159040
807 600 1381123
516 466 364582362
998 951 17445604
987 464 130255861
844 667 736505
668 76 71780190
852 407 73775493
435 28 893166672
365 653 1549277
505 467 979993859
715 541 850223307
576 745 441449235
914 856 892689524
984 871 717469396
126 538 354249339
664 714 441887712
900 302 988635015
971 996 42390712
715 939 919972
125 583 332025018
458 682 885335145
247 360 334248
99 713 189353701
515 520 402987962
931 798 53056402
314 326 956951225
480 127 1389149
688 184 874828374
965 967 17763639
861 855 944716980
122 698 955311
182 980 642567372
312 652 955200708
474 789 167980516
752 789 838784717
924 666 886001309
994 995 937302613
563 641 99702912
81 643 431275561
994 770 255686626
731 484 212190091
509 869 859999890
360 428 1314838
783 785 282241289
885 989 105839733
336 588 743965488
512 903 338519720
975 61 93235285
37 232 119491866
687 430 1073841
501 542 1130610
287 75 105220503
311 35 336319119
96 626 1339692
616 741 216917563
856 821 705006
303 556 254845
993 797 614089249
196 180 1181280
856 991 196311661
7 776 1228297
785 967 737205448
966 754 249918
111 945 1401424
859 682 90272720
957 1000 212256021
181 820 316650
191 26 784564686
519 637 689368190
683 537 976805013
778 167 715195648
133 251 1140035
437 992 1299679
921 859 626522482
378 423 613253631
901 354 394555581
808 542 883307698
691 929 849131677
867 14 309634
14 958 576015
359 107 1510445
522 371 822170642
970 324 2306646
731 732 501247448
242 666 15086751
648 686 974744557
858 922 739149675
145 967 723230109
745 881 86067734
811 411 325729404
691 861 487220139
821 299 943162906
874 919 600498
656 886 324810164
637 814 45127331
108 951 750528152
193 816 449796369
879 605 491526249
49 208 282463
892 990 921504853
662 225 576485
567 623 619425814
823 170 499431130
978 220 929977396
858 812 986395
795 218 526380643
941 953 425119399
217 932 610367328
83 310 5692087
634 61 327903077
756 889 754500421
209 745 1001456
859 10 855100
315 778 977186795
553 844 659000
53 645 817801299
18 679 557637336
761 159 162751180
983 624 9812785
707 628 353716
785 337 376423915
375 935 278640066
294 383 427688389
522 334 646750188
900 912 395545559
663 386 573477580
288 310 124124
946 925 535881
846 339 645909674
551 533 353778
188 344 251421
599 397 701370340
519 459 121723203
538 979 830761950
913 396 1058368
787 999 305910339
780 922 211426535
909 405 492143856
752 759 189735580
970 918 302428385
780 236 723870
946 834 647499401
731 609 519509821
807 878 249419382
711 783 143445268
554 501 432930896
735 483 985219990
763 713 255966907
412 141 200897871
916 814 970494
576 935 1129919
670 896 279668122
926 445 559816
975 459 1542818
336 513 905188
608 589 760434641
692 858 629798547
557 451 161345
959 896 165246327
417 617 549973
808 954 899088140
97 970 1189158
637 394 1349492
323 856 882880157
269 644 1506730
259 86 1061738
439 217 380325391
449 773 644179196
406 56 94293749
930 505 642290613
634 833 444392550
733 865 75517
668 420 588790803
502 535 301103
416 393 875835358
969 949 227082880
682 948 140649451
726 609 437644376
650 231 209806
908 224 30365335
815 784 473728135
683 20 1201163
982 986 34789635
790 605 429697313
839 951 32240942
993 568 671681799
837 987 967260
983 459 250802699
63 986 1233439
976 134 468979551
370 437 728600664
943 405 141943219
958 941 985238633
739 427 328792288
871 484 183591167
976 979 127767954
458 724 780355327
834 527 566517435
842 950 91588813
546 421 572365418
825 897 593837829
809 818 665082
884 931 525131268
679 709 709977137
850 469 669944657
726 938 610974533
822 920 414970168
60 693 496352648
125 67 529782
599 859 267539
855 656 895618268
728 706 1034426
257 489 607168115
946 724 81437135
705 449 146269001
108 985 884565230
984 978 881524091
637 404 1342366
326 731 483096143
883 430 259685984
918 888 476277052
516 414 843128882
133 301 61186423
25 98 443270312
795 417 819893
909 884 169661324
271 544 155265117
752 388 282465654
905 393 213904511
479 759 927759981
794 340 601137835
912 709 368977938
774 946 401350343
33 707 502975
523 478 1123402
345 670 740584736
50 203 619220
953 901 485065213
661 29 936206
513 738 1099351
2 915 472757
892 991 788063079
317 974 124678109
683 690 619643637
160 44 878764
676 731 324815024
340 609 709115
872 967 534428163
661 962 515403597
885 940 961888775
846 125 173412383
69 166 885754097
706 887 911694112
514 202 739957
692 378 340856381
992 999 289466772
852 536 458997675
940 974 557116859
16 553 231091
443 985 188900406
143 672 471580555
819 902 489710165
228 308 787671335
727 500 644417586
979 922 527271611
896 916 587170737
556 878 211438145
985 638 28362631
939 513 809329730
559 521 497469605
584 573 969158362
153 658 1052219
332 780 460461
890 949 783778929
929 571 305704277
234 247 184126429
389 77 122070
737 230 468349761
735 866 340743
605 438 1229333
172 328 1299870
960 921 632238709
14 975 526136392
705 966 534040185
684 97 475652777
432 256 259611261
828 657 272711285
553 346 251617
827 611 356419617
949 210 262126794
339 83 45381711
945 954 884396400
431 961 783481423
623 379 446068022
501 786 625031857
47 200 903402873
497 47 1415144
831 802 313657591
119 703 450470
927 824 605435921
443 579 231888743
595 608 15324702
834 926 157064666
946 757 505990204
879 836 745661903
783 557 760758817
64 962 592079
259 978 238572866
390 318 605345829
359 646 552859964
984 831 24015694
367 727 940020709
361 386 369648269
212 251 294307004
808 550 141869
765 945 548070676
993 298 1330183
753 829 183348242
582 569 110640848
103 359 577277020
386 13 540812
988 977 222760712
169 301 860541
25 425 170580
76 466 909148539
973 815 121500331
647 977 866944867
611 901 707460179
991 602 750997415
880 855 137654517
405 194 945515795
399 942 274530425
727 857 965068575
188 70 734684081
561 676 692849
135 573 1146976
304 833 696325
948 373 664414616
845 740 783148797
718 470 1146864
675 666 307710124
622 444 1563781
284 619 853353280
920 94 920419282
780 652 110367022
395 282 485054299
806 215 223572198
576 899 593335225
494 387 58299309
416 374 205982
380 429 788184366
489 966 616274
702 620 243604
665 949 609285
654 788 642889
172 372 988533229
934 258 451434447
486 407 159385462
313 494 867536258
929 475 436544003
357 454 969654300
767 114 965916088
191 110 308879044
323 348 980565777
62 22 737813271
681 908 444183129
582 647 218140632
799 534 287273
410 826 344156
804 801 790318027
371 40 935466977
822 796 322230798
60 650 863059785
941 694 934695329
506 833 917298492
960 974 351115219
283 969 628863
80 937 432815
779 912 304312261
997 840 559766579
757 142 3450003
430 80 265863713
732 334 852683071
435 981 439411702
715 84 517931
814 565 447628531
85 12 516516
996 409 586908777
937 902 836084720
972 970 454634097
940 952 721337944
479 481 685151
735 904 669466686
855 541 1516988
817 586 572919158
38 938 458437143
304 171 510617119
973 857 3640129
948 864 618175419
917 621 1268355
852 621 212885059
972 981 771389491
712 991 320834071
926 483 103588692
940 90 122969955
482 170 510833986
91 185 999042
277 719 327747913
694 635 755001024
88 693 1004291
463 899 530285391
873 977 501343974
790 785 688757580
526 639 1259999
807 737 98017229
541 976 537677091
150 766 722205075
443 405 778967
951 956 275334409
437 555 1005527
350 909 176157916
635 608 755394331
558 554 417243855
868 582 110402929
227 453 247210569
313 866 42442451
716 213 1384028
263 633 283430
569 747 859616558
22 293 60104
733 298 726009438
917 965 349208917
836 532 987632203
813 845 917720466
83 969 858604575
701 532 847989049
24 793 917277025
578 862 366827447
994 977 549026812
67 95 571936
521 616 987406
305 874 1216899
790 623 346901
932 652 711526436
90 198 969681
160 203 506296431
361 381 1152489
826 745 831361076
307 314 33367887
589 640 618358017
501 47 863740
229 324 1379017
999 997 333398608
840 11 830741304
542 29 1247637
467 532 561056965
188 769 699249
294 405 286502329
567 898 690687657
811 823 915100964
232 647 705388
195 804 121664164
696 179 244844158
221 561 646797824
752 797 353976885
967 807 568233811
885 941 734443757
965 961 350062013
575 855 611439784
852 545 719608716
594 986 556496
745 923 942305222
818 923 689522555
287 451 508678840
201 126 427910
323 969 250456186
797 614 641204169
541 495 820924539
285 529 69014005
745 101 42077595
871 243 715056
647 335 524348712
405 449 229025195
256 440 360370
10 345 446646998
72 354 879625176
36 468 762497656
546 466 466354402
168 235 575953804
904 988 424435043
927 139 458751332
476 300 148222553
241 500 278991549
363 607 352592
52 447 931230
94 45 520481298
935 959 696938420
805 869 904752249
448 96 834646771
933 542 145051651
19 781 832355050
743 921 957533345
509 955 34519360
382 885 605050423
477 993 412604306
840 857 342941988
855 484 1271178
463 166 809623183
27 409 554618439
107 159 582915
834 66 5561660
942 878 812979117
256 399 242754556
562 897 5504
993 992 22928085
827 936 552649666
933 963 758438736
201 333 926860
272 295 66822350
671 723 61225625
901 834 250578623
866 999 680424547
390 733 270921701
167 603 52094173
991 770 220830319
908 711 906298087
969 177 1522470
684 811 512643384
925 858 704790815
680 824 766434
932 118 968326362
933 82 730745838
258 483 1245415
486 447 261465714
447 114 897928995
967 174 92770753
37 211 678561
976 991 204788104
535 777 830927245
450 916 163034
731 538 624887911
603 591 1228954
997 654 825651808
916 964 241212455
432 898 954579124
543 998 1259973
521 162 135078253
332 319 37892043
103 544 640442392
398 95 505362
387 22 1456092
873 916 453416683
798 292 164934789
717 797 82878229
603 586 561871150
735 870 892479677
916 709 1554406
152 76 891273
982 998 615734061
634 276 567744273
183 87 989836964
26 181 849215050
392 997 752454112
713 956 456898219
380 516 156255586
31 169 276579009
343 863 684428171
990 701 526345
992 707 1523448
359 930 491088
439 953 971558772
695 940 560511740
154 526 462486851
995 993 920118440
640 910 662990520
962 865 86331737
895 930 924178497
380 356 315245175
462 865 965885
3 920 611179
685 714 551631589
293 8 704940710
229 823 120716417
927 784 838971713
597 682 700502024
966 984 829345025
122 852 525563979
422 540 902214256
599 434 875393430
759 932 866905371
897 423 472446627
554 313 557007138
17 656 1226978
322 522 224083511
835 912 3941908
672 994 60529409
657 780 333647395
811 860 692974915
882 861 973471635
397 499 202382979
809 893 897969168
714 601 192166482
712 862 1209760
808 843 1557358
475 623 234903278
983 988 594716714
782 500 751468545
899 943 331507789
847 903 906650304
399 476 321942314
759 935 679859658
835 808 396501623
929 949 417503328
224 83 537993964
8 564 322510792
218 514 987296174
825 691 586570433
688 610 43573013
846 863 126416588
132 309 599894292
102 794 819684
983 491 799522593
677 916 507723985
358 30 1426763
432 641 396919677
995 1000 446602030
246 434 847083237
510 136 1305365
983 970 709345656
680 648 905647026
548 795 1543660
933 332 876602122
999 564 830428588
777 166 1203469
829 575 675315685
975 944 348969357
152 313 875499451
819 799 285350997
455 506 511627065
874 895 161460281
569 346 793685940
701 539 369938888
925 899 270936424
440 779 818140
741 537 691204903
963 896 476849965
903 822 877116419
52 457 626803478
125 702 790360626
909 925 554987926
862 925 928191437
884 903 922425700
958 893 379933745
117 818 718179
293 87 821012688
772 576 192302614
61 937 1446517
860 92 271824909
903 911 262492257
100 839 925520898
657 784 385889274
729 873 338557298
917 967 451467090
351 501 886160306
39 134 971636273
372 186 859825578
316 345 52589020
943 789 734411819
716 605 421534236
165 555 222838
997 180 973591
902 87 932461348
459 582 923774101
643 244 139968
555 807 464432411
734 733 314967058
509 945 758346068
578 613 851793200
754 789 821782
389 540 325507056
641 154 358535742
964 773 976838510
4 991 123788887
41 307 800269919
726 585 739353812
403 572 439315126
167 994 1549361
555 339 1499414
274 120 480083
889 13 1430079
120 177 242667437
395 929 89366978
879 882 90992383
606 507 983632714
61 998 572628763
604 834 547707479
560 60 476945
735 366 333368818
954 913 620786
224 647 1531218
50 606 721466788
637 260 567767
232 835 153418769
573 796 656726
145 595 245466
791 718 990842
741 60 691253
738 825 366896929
465 833 742923
986 143 1174781
809 609 654920259
266 676 557282730
353 928 389828520
117 395 600117
859 864 657922905
676 568 68855342
764 476 282124109
923 906 392878612
530 339 398576796
589 603 568180307
751 676 300110532
156 939 713104427
510 159 746302593
611 508 969917267
967 963 305209145
516 514 466726691
992 894 660234646
219 688 939650948
112 578 990320
859 762 184325762
29 284 150292
574 446 180987953
634 966 313613720
732 158 470041290
723 997 798447124
908 420 677154707
945 548 736224018
277 824 910873325
495 553 998409097
39 946 980279104
437 200 1567131
568 84 559089952
887 952 903169533
856 396 848830196
655 792 783953485
354 434 1398240
660 228 378604626
884 140 111609673
288 17 613694740
869 372 818199505
418 62 1418967
986 711 1404973
850 298 828853630
878 563 177104268
931 764 856557780
996 175 627399530
182 830 1095847
261 757 917878294
63 10 356449260
889 516 1216607
986 899 1016604
735 957 677112
762 63 832514579
834 729 327446764
999 817 983047939
845 784 749788201
54 809 73324560
9 716 144106
500 859 642284453
660 737 18323436
515 882 1205683
888 995 32938259
354 651 465701041
771 990 84042518
877 976 730636404
180 463 482762527
571 803 493589382
434 936 625565124
986 998 966896028
845 994 284553009
64 94 554390
903 999 293205338
385 751 701852
418 651 528310643
183 424 1396384
284 568 781070798
590 937 646417334
139 246 324890940
513 597 968740766
115 314 376259
83 69 35455
926 969 272405461
831 789 219369829
869 906 23325550
825 390 496468899
974 169 697422
653 955 841437131
983 775 397657681
842 342 314845
522 441 77756813
601 971 947584089
428 70 53364596
82 620 622777903
689 910 980597454
634 304 728716763
659 641 724502007
672 467 176121552
998 988 237272377
73 739 870602947
135 122 42081013
42 174 842229
512 692 188666696
798 512 744736035
545 446 216207852
196 721 611109286
232 907 701787067
188 276 1529381
305 529 642754
126 812 840138449
157 924 565995186
121 879 517380
976 999 266017859
685 296 963278145
693 442 378744053
743 769 146690394
828 912 732124704
809 736 737306470
224 356 562391030
135 936 452541936
575 810 844991086
775 796 59064980
591 590 32036255
514 350 150468156
321 42 866388789
978 846 442961192
532 573 1425478
695 787 984326123
163 114 53835
246 313 293952
55 514 325996
169 80 795995167
482 535 815405422
397 648 141196195
990 889 964165036
113 169 243279
451 461 836029291
440 489 712180848
955 967 528328241
191 182 996329375
748 711 271555136
561 24 512486
162 307 922699039
345 610 75150424
454 743 69485084
618 214 601617779
849 19 25948
928 611 899417007
650 999 599016072
622 600 28613649
138 544 935605811
703 792 303474360
823 916 166362016
154 373 449594220
532 179 386076753
967 895 489174601
968 98 755733
373 905 755526
364 910 246174117
724 757 44424758
243 814 838772801
571 976 730152462
770 439 763841
456 814 796262401
980 973 562664413
869 832 116538290
35 261 783496
814 7 553557
970 400 760142255
168 777 699436
778 803 1029384
903 734 140934736
532 417 728021
801 846 598110510
968 354 356361708
930 971 635830434
427 367 993057855
828 944 454751479
927 929 804824582
70 342 863808835
642 886 28900307
326 357 593346120
511 693 554608628
614 470 174915
411 211 1479578
322 561 1162249
544 431 157597975
576 643 921702205
835 961 284790822
140 198 499720819
957 741 233964196
951 968 824173704
664 433 338663726
89 281 971836036
770 868 158366459
643 740 810579292
116 506 225392606
458 158 950321
924 794 78327034
784 956 786226155
735 8 643907994
904 142 668812169
869 724 824871944
997 993 601575894
460 428 181312978
359 357 76109469
905 729 208327980
513 300 466128910
650 593 290520933
913 952 991201833
429 734 406021
907 926 91670611
920 945 855461401
611 610 313073880
360 363 872447781
231 728 389868236
414 4 171326
722 643 23713030
78 546 1206354
115 663 699623
483 981 380719211
388 205 579404
817 980 138048417
419 634 232108845
937 994 847347983
467 995 1184744
336 364 546717
967 790 162063731
543 773 846005
752 611 947488
279 666 108415481
686 993 156075767
952 622 406256
555 635 133850592
737 743 780358101
652 203 469496923
674 346 316164749
468 938 292088706
923 998 404090535
916 192 756353186
334 875 572471612
204 797 529594
853 38 185276
717 662 672888761
604 162 871381
281 330 224226
587 707 837572
903 938 338190425
504 396 621287864
703 573 532384209
857 820 562481296
460 636 721964504
916 467 111991244
503 718 11752902
818 793 459183897
305 562 360651277
710 556 693348832
719 867 554101132
827 540 658606
229 703 91271915
970 993 733858565
468 833 375480
482 24 993772007
765 529 698316829
932 493 44508815
956 930 738029249
699 27 207411
922 947 281776944
82 476 1271927
601 747 504914173
861 411 651799509
749 425 132241885
751 649 13861254
897 996 555181078
985 943 127172261
673 427 205033998
889 657 503172894
919 389 495094832
881 735 462691331
812 547 418393598
181 681 118680
97 725 219389212
262 87 776025
961 18 561002669
893 266 1441731
47 244 1114699
835 930 1362504
863 400 588431
690 129 460398
517 142 967542672
831 91 32044384
580 647 789910002
299 932 504564789
883 820 70813989
520 177 840789713
774 356 1304253
980 965 706410988
843 299 556137373
671 326 362303
486 438 1251853
516 396 832137170
924 556 143541524
985 920 664317747
950 900 239778913
209 582 26219308
940 535 518339458
935 957 117749105
778 513 972234308
509 179 860813997
318 12 904871527
943 889 56300968
126 469 801661430
24 587 429055554
881 578 50755082
205 424 900534989
591 864 416269715
654 485 8136233
459 605 1032963
935 220 241155866
151 949 411958240
871 938 699305357
974 765 340812835
340 583 991591035
671 374 463787926
945 987 178179868
438 971 693797385
632 176 822217391
133 30 941621750
501 528 43620916
964 998 279569759
994 665 347805980
162 318 892314127
365 505 168719009
869 36 1023476
462 669 517578706
742 960 680950185
306 253 936562909
505 14 276883339
649 629 503752085
579 747 883774650
771 546 959033775
317 738 216864857
857 112 149426
333 600 706479277
945 721 658572441
677 29 431711
868 921 716456305
433 317 784173266
842 929 29466100
376 704 422230218
721 969 973277629
723 809 129951272
968 976 798273898
773 507 658440516
880 881 952710534
791 165 476973681
8 24 833187
631 612 887115976
465 312 286434862
935 887 473340
462 252 266194974
83 341 635266821
193 646 185559033
359 422 565687103
706 800 1322574
640 191 443075906
5 342 949026067
574 614 773178884
323 269 129241
903 407 556902425
966 915 16875632
908 975 483513957
451 143 493676031
355 237 1055723
919 737 236102084
403 696 425625709
658 886 546247778
22 876 466354
955 158 202102679
670 287 172886923
567 896 267998644
417 792 13213813
555 520 757134
763 719 978581797
880 369 17699
953 939 978154821
129 152 709655719
636 767 404714181
994 972 926672975
282 840 726699
815 752 358957045
684 119 415854908
331 471 755835551
137 979 289368
611 917 258443538
50 89 724903
992 834 890721212
894 765 110427142
585 929 92404167
886 737 981632
892 963 95554614
345 452 8576879
931 611 1416044
780 949 688569541
602 411 447083
217 93 224706572
415 712 244970402
799 673 129483044
902 790 728239730
558 814 835748392
893 163 532110090
520 657 195707963
756 104 668631359
950 373 557678132
956 926 957562552
866 422 1102234
416 906 232438705
612 548 311962942
732 1000 710259
191 938 1120854
64 932 592849326
380 982 955659363
529 289 720788065
799 302 568124729
167 738 528799662
619 489 965615926
410 356 492388057
431 590 701142134
132 849 288295
325 478 380982520
858 631 594724393
886 417 924119
716 599 344770762
14 382 757130840
378 181 238101
531 863 929832223
873 152 152927194
234 837 274010625
513 666 606047
770 581 912908614
673 411 131592
645 728 35494450
836 334 1281349
554 907 324376462
343 727 637422
897 181 859780175
220 908 826713
939 982 380816663
934 190 230548862
282 620 965292272
862 411 297990046
923 141 1273845
69 107 481265334
327 580 841941
178 441 653457768
700 75 853432205
838 156 47725539
902 938 561665824
355 342 376149454
441 566 660216105
982 379 510029
919 94 609447208
655 861 106252000
932 490 743252364
791 789 690928571
644 32 459265333
680 701 1295517
480 431 682886144
34 948 1294857
429 841 366554689
454 442 428957069
82 884 857684750
81 271 375263924
914 680 399251225
998 972 983770077
706 953 88002
861 636 868961409
896 937 751786439
941 937 304648300
433 999 763922415
737 788 963055407
132 873 787463
849 446 1264958
377 967 402445421
777 894 742797768
818 621 363642116
660 627 836456
688 447 627244169
817 547 327639
275 378 785344959
922 186 540049
727 41 1037023
417 382 770150
965 994 315836092
973 996 387902397
980 990 915285486
969 985 213395979
911 811 207759208
401 938 75547151
576 262 45870952
654 861 654125
991 648 239955253
666 580 525745091
731 783 449869092
773 948 703602085
991 958 737175545
212 662 273355352
819 592 52422962
248 276 860797
165 527 715704649
983 544 392508
23 388 855940
448 49 634103763
742 923 141464455
354 761 422009
812 693 338327809
804 480 396853797
3 306 514276
821 624 150623
28 829 859673684
980 964 506302163
753 955 557488762
859 886 849577071
663 915 360157923
612 311 526982946
577 601 348415988
192 820 435213887
757 415 241332866
986 956 582779552
184 276 126590492
552 579 151338809
106 644 929527
988 820 670950934
886 775 371515777
591 385 332477598
353 653 1195296
694 926 100035
964 722 82145427
990 637 925755099
767 363 125295997
336 335 640303393
606 758 965694721
253 696 710622
385 858 57128757
978 864 773985737
5 627 826831
250 454 833321588
211 358 1165875
839 541 931316180
347 724 1031507
607 793 301251922
786 854 229114336
869 826 144676408
745 965 649972196
156 289 607907
827 371 486226657
5 324 985870
89 595 711919
677 399 67580618
73 538 223224
871 898 307161797
308 367 410018
700 260 141367346
31 945 763996
95 596 987699
322 530 803970
402 549 1302955
371 436 571831423
993 949 316382808
669 196 147193431
520 988 622883876
876 329 557456829
775 76 744901300
645 585 792187167
735 761 52522451
501 443 211838135
823 934 498005644
781 25 82310474
636 642 581290
608 700 610315
323 95 767926262
701 284 390753377
398 973 991515534
935 985 301330576
997 931 886643708
645 99 1560908
473 112 866609754
261 430 185758179
765 863 930715345
687 83 333531
240 704 26042
831 916 947447555
561 482 808902450
997 953 672272348
959 943 390444785
388 328 666919280
623 43 838954131
686 153 180996697
380 451 617559002
780 71 694964749
482 287 272174
965 803 391757256
409 709 731806633
42 54 944152488
539 574 425382581
993 680 246053067
752 545 529092099
848 13 4168170
233 466 349085198
966 996 247393512
887 197 550348762
766 918 1123637
641 670 384107015
829 922 726524536
526 64 918539656
492 842 446021
414 737 115246163
355 303 138064865
785 854 93702618
593 716 764024086
842 853 593925442
952 357 154387563
974 671 633185019
736 338 456992
471 847 424281944
413 962 799788571
845 606 175435035
563 427 279673255
852 56 283435031
749 342 919764568
500 27 919958085
896 505 228078
763 521 442471438
922 668 566042580
261 130 655541513
780 577 668474895
363 380 378082629
386 387 616335884
31 181 290294015
321 992 148678860
711 416 286987985
881 736 584050847
725 335 167054
962 970 699269408
452 844 1388398
426 973 187900
121 517 458980287
685 504 308495654
904 945 464103476
520 585 452354910
958 487 587783
710 70 306987546
353 959 207031
990 993 992979225
454 886 260126505
432 456 859495274
952 956 623086365
377 118 661519555
686 538 1170361
686 729 437237976
230 985 525255675
859 215 1422774
517 37 723343237
220 259 523508310
747 74 386829276
250 170 564027199
332 141 224986855
888 897 267707669
767 709 762556856
680 613 953014458
986 989 852131449
332 623 516998070
747 854 470222397
533 622 565148860
402 328 288503433
854 694 211646069
893 379 13410009
741 43 1233671
943 599 149935258
299 294 129453604
475 124 574793357
642 782 65923325
578 785 738991
997 994 782928572
883 874 747366558
738 276 936443058
844 488 855841272
658 458 815004829
707 926 188066039
898 988 918065013
827 779 837661813
880 424 126052983
739 834 190130973
324 140 500618
872 884 367170420
423 487 662282322
644 662 729633402
807 167 362334
774 732 923275616
217 181 1021464
875 359 503415285
916 956 3061972
984 658 702096590
784 238 1419566
181 945 272402134
855 225 455713806
146 814 956160
763 501 825166864
979 998 65446513
693 675 373540255
995 920 808442964
550 205 518566160
874 817 912319377
514 488 207133504
758 577 118064906
756 513 851964603
966 280 38857
946 950 288188254
667 684 938934
463 635 423242113
946 952 972089996
981 860 798991886
84 490 33690621
629 64 108592
211 505 968478914
252 510 831143000
742 349 1161284
516 750 130363
518 902 906821
561 30 745756182
753 351 960981
436 942 333986506
573 496 964940211
823 849 294321989
604 418 705180291
508 483 316060089
687 763 540011346
64 251 949716161
708 726 747976
986 910 974244827
118 432 353596634
345 737 1260836
114 153 595458851
161 998 30610
515 773 71165794
814 87 23029788
444 132 447876791
171 928 296273139
797 771 1220457
935 951 243980705
48 599 828241
554 77 176199832
744 852 587885361
688 47 804441181
348 532 370279415
587 279 545097464
641 894 912798191
869 866 1008959
994 888 276767608
629 198 545346
542 993 565755
462 141 743944
896 904 160530556
623 522 163547735
488 507 737774116
998 996 198119775
867 596 661765200
181 175 100328
915 860 309456581
709 977 903390727
308 817 881579782
756 788 454987015
592 744 80690376
396 808 607076934
436 778 72729
756 558 885677489
469 515 255354264
776 925 1058795
434 234 594260374
529 38 931309874
158 915 275578
907 171 1062473
540 667 105470828
506 609 657197380
485 384 689242
569 198 725371610
789 790 991537435
990 947 407883147
483 727 992391763
201 795 612189996
160 5 730137280
958 329 581899855
205 859 548138326
99 585 1209050
968 960 994998603
717 393 739992627
608 144 509292365
27 443 1252899
614 102 194179
692 808 577845437
967 757 1454883
298 732 259848423
904 944 101636326
108 978 741575
613 847 887865
507 288 805956351
753 797 845643463
721 154 313288519
809 130 833178774
907 479 861061580
504 11 122585582
820 828 971841725
884 862 28680131
315 885 1078948
854 922 1164382
227 875 714134261
207 738 229765
750 992 663014523
902 658 302718
924 143 941801
754 875 32034334
781 906 104941111
26 632 10631999
337 614 72528
296 282 1039719
95 566 347776822
112 684 862329530
355 473 184647
825 804 484284156
359 498 62260
214 331 1168606
819 981 1161111
811 972 249994974
308 809 1474662
288 454 942866
98 996 587284536
616 62 446153783
740 42 583774808
969 510 513223370
594 518 952599485
590 945 94423401
24 283 838154951
361 832 220280742
167 963 756336293
821 634 1127798
762 500 545019981
518 770 33643334
877 947 928960326
449 929 936496295
999 991 346542430
513 210 964609
745 324 497379776
878 925 768068164
955 909 494204319
796 844 763561625
198 787 500521915
780 342 760498661
481 926 561956919
991 771 258482900
329 764 1112414
530 639 756323073
92 841 562224738
898 843 274179
447 333 682852218
373 457 412910119
495 972 188630246
731 720 985751126
955 707 558002420
714 927 423978643
121 291 626745385
933 694 710024883
945 936 51152675
957 408 989758617
945 475 937264
430 164 822275
379 439 565107830
957 50 704932919
984 352 502982411
495 460 1192738
144 806 804121715
49 40 708566
690 187 584276
164 113 375771678
447 478 4099216
183 461 645218953
601 746 99293
404 628 533737194
961 914 346548428
187 196 583381938
772 867 715651096
794 897 384042790
431 192 25044
119 853 553061161
482 711 770469222
939 830 460387397
384 614 678530421
511 637 796744155
981 817 10076733
856 567 417059345
365 246 838514276
115 169 1190539
86 534 515023132
790 977 1562084
44 912 1560336
894 163 303250427
374 849 427719021
925 761 362465615
921 933 526873664
843 955 51562
928 816 606764050
53 254 1346995
531 968 314118028
938 937 948161838
683 434 145829280
905 138 369253263
719 530 933768977
369 362 46150
955 997 107433947
610 650 244923
32 193 1038322
673 321 349269890
28 730 952563
197 997 244854686
662 83 486384280
756 429 506640320
555 710 217452947
313 603 543990731
772 402 702622314
166 318 256040223
812 352 1389351
748 421 208329439
365 636 214098220
910 817 706863107
793 840 446598851
97 444 95975887
158 486 214581066
750 814 193847278
883 996 226232987
53 394 179837969
573 534 1127860
680 586 983499010
978 941 236026
290 357 238514
328 945 36614598
294 937 326052168
503 488 168570523
395 832 829625246
825 644 464564071
558 789 10883618
925 756 21612616
117 440 764196500
939 994 217107078
958 990 312626746
243 357 230777
823 807 535157357
947 992 75454474
967 795 196794352
231 259 1362692
430 277 688456517
730 645 1130750
764 601 805202262
863 213 516001014
901 987 378599863
50 246 35771846
984 992 936732292
493 438 997025
15 658 1004812
862 957 836082678
891 863 395823719
934 695 84810175
537 872 314983671
84 527 927070001
456 291 177232103
297 578 374547687
728 48 750085216
994 624 385092418
569 419 979068
986 65 1219769
154 67 208948122
946 895 111129304
881 598 628741350
46 197 1141576
558 820 595150777
739 927 544394002
687 45 870031063
794 914 705522979
725 961 903034211
608 569 816823
926 252 163830
574 919 35241
676 444 771047648
951 833 810634933
744 950 506745997
758 878 70736
870 946 619048092
228 534 18128112
278 987 403057920
779 873 897840460
894 902 946969564
396 25 854368281
314 989 494870
13 401 87401780
821 773 945113163
720 710 170108567
165 735 30878861
329 419 219304235
499 205 549052248
448 600 234205903
842 266 831423815
459 516 204673861
306 784 635260430
148 222 580818
938 768 561788147
282 233 1448540
760 774 522440518
893 639 985943636
852 930 499099055
540 842 925279118
283 251 649799181
353 772 808777
617 414 453713
57 754 222642
116 139 798120
745 690 316795659
375 126 275865
882 184 1427171
20 131 656251
719 584 508430299
798 969 184163941
409 444 706946
608 814 900777730
907 971 887196
130 432 544666647
813 682 298526289
622 336 655758318
892 803 695681
355 204 949154040
999 640 143210640
978 801 572869212
993 873 628640595
655 881 590359863
607 553 974727831
514 224 608918
866 120 46568403
957 734 1074644
890 110 615951499
845 362 498558983
617 509 754407194
449 140 651021
385 660 518752751
709 34 511163974
719 121 562588
875 295 353635602
986 992 818239677
895 385 684627325
654 420 860364
328 563 58756824
743 99 422275739
888 868 184746873
211 469 1461755
625 246 567051154
106 898 409663520
152 69 987999674
776 844 864448216
751 258 252412921
447 89 361470
917 566 677551430
518 497 560900590
346 663 221445678
793 320 416261392
757 376 1265493
711 702 195266
21 646 429772242
953 876 313209424
811 87 978567989
564 422 83190390
586 123 405095787
173 458 610003668
649 512 955423053
166 535 1905136
508 30 1511141
105 101 291506
70 71 115644690
973 247 749264353
880 675 22884549
832 308 258751950
909 734 924469743
492 498 857333402
687 986 729873
876 512 552071316
643 802 731582380
303 660 1398035
193 526 1413339
223 980 677822239
988 987 495430014
992 831 314897549
645 758 752710472
776 115 564953
204 906 438376127
833 307 1341340
469 987 434443543
134 656 718102
354 366 431930
591 707 1406854
52 39 418284261
720 956 89029873
791 242 461428770
355 481 449858923
1000 823 419957269
507 27 676100375
632 883 410982
664 623 995823522
339 865 366390
993 955 182551220
861 885 232637918
445 873 286125334
785 651 843014387
849 839 823327
520 807 360400269
953 962 472640998
155 773 936656956
204 125 1536304
522 916 563138
573 183 502083617
496 480 510822480
109 705 607689
729 906 598380436
539 720 886067545
978 974 577448935
920 292 39509370
662 650 529150165
277 621 338955156
565 608 513614206
446 868 955185
33 630 780759753
472 496 561483650
319 849 757420129
551 816 496612712
535 1 88280944
458 510 462862590
739 59 222546543
194 328 750031
480 248 472316539
878 685 747002
983 949 84751457
334 267 20768
280 114 882152289
833 924 694045995
147 810 1508634
929 921 332614314
249 626 1291050
703 663 109278057
639 666 815188804
672 761 968428204
26 183 223172
495 928 1482435
986 943 911496645
854 812 261694906
774 890 174508675
691 207 349679051
300 680 298244
563 412 1250065
127 585 730097987
897 984 967716564
244 448 514360803
250 965 804149
523 747 479183
221 904 919455
308 635 161555
789 161 855340058
621 612 331549072
783 990 952088666
913 810 709660409
365 490 313528430
474 532 560199231
87 589 471026869
897 892 986627325
689 444 778069939
250 617 590609317
910 452 606231010
987 258 397696860
330 629 202235003
280 206 875314374
124 858 1455343
995 773 665475439
460 825 1753308
641 388 746109273
377 310 13392599
285 845 722856
316 957 818222
910 988 253178639
941 865 132130791
784 172 325943580
42 309 639615269
721 511 1113453
7 349 968623174
70 47 472697
676 607 453840692
994 859 641898616
252 816 492003925
769 762 563227984
385 960 421853
988 249 1568495
720 679 898390894
614 559 1502416
554 721 839799461
849 870 732608
584 523 414273625
720 893 221009
788 943 476078840
522 581 1044378
807 900 394637
874 688 10888886
423 809 900785516
223 125 945433185
873 919 273417583
583 822 850960768
237 217 275969183
100 800 866741
289 274 1354860
371 812 103527142
690 763 878087305
924 995 53234742
705 466 52730
526 436 101672545
535 534 449397986
306 326 305836379
942 97 852285
44 717 846339
54 234 862837267
984 571 744473925
845 536 1430368
842 665 970760773
939 875 928580366
281 687 343869709
991 37 415646476
742 615 38435
483 31 816093795
312 513 720744
723 842 621280277
730 980 985931886
345 591 286486703
280 788 636591948
453 944 945012398
789 694 104533839
480 929 856388727
894 997 114701166
725 715 337624193
954 928 119800198
868 851 1124121
715 261 720158076
564 836 186644
89 564 512194
933 766 418797154
902 585 391884508
510 982 1370720
231 299 1407259
785 771 571440721
148 242 181883617
427 452 662892
353 760 999365
580 960 180642061
648 506 926060175
640 304 407364506
