1000 5000 155063924
853 910 721548971
218 697 692242679
256 722 835178937
629 967 603346901
825 734 467860974
706 160 233157706
392 47 396032384
853 80 718161480
126 524 398092489
541 685 555836589
872 760 349456080
7 602 24785959
533 786 455657286
353 107 27872380
913 384 721548971
65 850 261941285
274 648 152471045
960 890 73036202
959 189 210239287
520 766 971158100
551 923 16568656
585 741 646063912
729 253 24785959
682 624 349456080
617 538 660368816
291 391 979494937
666 129 292865204
275 255 486105587
417 498 283693751
926 23 517057153
740 2 217073743
681 438 191390512
733 156 353475558
986 659 517351012
757 200 398145738
713 318 136087821
949 233 178847932
176 347 419462157
350 178 694419013
312 524 313083533
106 84 480395827
671 848 789194096
385 222 16568656
961 134 454898314
591 393 561219622
220 331 433988697
382 731 614446940
686 916 694684399
893 590 576395151
360 844 608301954
694 109 847230729
190 298 984501181
608 719 219657007
237 157 211270692
440 845 268582407
894 429 633165757
725 194 905870962
770 354 984658605
441 655 44638294
614 224 908687317
345 590 551796493
186 515 129035029
539 735 482236623
55 473 942490189
869 232 687003146
198 636 539261227
594 947 760788131
735 956 40718972
152 939 703725312
862 224 954525930
200 334 564221992
818 465 323403437
700 918 669199712
889 599 679749398
189 30 675978987
311 205 178393719
623 323 965030838
153 235 675768290
803 645 422481234
51 866 840226051
45 335 627424210
979 919 754010527
758 120 817570504
637 260 128071109
865 748 927098261
724 26 313083533
86 883 283783378
788 425 81599232
456 749 249346240
531 913 264686383
428 365 444521894
421 974 412874748
272 954 141760222
787 509 3444585
869 330 565994618
131 391 703794691
226 259 565994618
135 656 383309273
434 158 39853529
905 205 342493423
239 688 760772718
704 906 24785959
931 117 321456871
146 426 36449789
262 931 874125993
368 541 49943651
431 68 965030838
54 598 158254481
240 708 604038507
827 156 579091480
856 690 283783378
177 191 90460664
786 795 249078834
884 361 90460664
408 630 729236283
931 677 928999692
926 306 39820165
598 996 944688791
879 233 577057666
486 626 911560929
611 749 454312615
95 194 5404558
895 879 55568372
204 292 353475558
277 258 754010527
892 640 177287763
300 469 798528113
553 524 383309273
146 568 310230538
419 591 331292532
479 730 851166858
780 641 189004964
86 786 189004964
717 513 456603665
277 290 426873747
184 570 614446940
925 900 821442535
537 716 227520308
441 311 970093151
449 872 624728170
871 428 279647725
264 372 559308250
932 521 717305246
965 476 636298915
70 665 456088608
810 313 650756512
734 336 967840826
92 97 927098261
241 760 90460664
346 855 444521894
81 147 182243904
34 530 235753431
618 742 812583426
490 202 55547935
86 800 179018351
933 825 979494937
436 523 55568372
841 257 930808016
337 295 308305873
341 95 40718972
799 144 222294991
35 499 604038507
793 378 249078834
522 44 907241951
38 858 633145061
25 787 988045513
541 357 398092489
123 899 859535804
859 640 460597528
659 209 511427088
410 747 604038507
278 3 13212041
277 857 486105587
777 207 433988697
213 933 157991631
749 540 979494937
906 791 852105909
161 4 262696597
521 899 695170648
170 417 988045513
782 311 920726170
946 209 636415069
222 373 721548971
534 645 302056402
33 388 511427088
646 693 624344110
280 130 566917033
767 593 404136676
163 112 39853529
534 950 735314244
116 926 493813319
380 53 308305873
523 724 18445348
473 376 504591535
848 262 268582407
29 169 18343705
77 13 259234816
794 471 264686383
945 597 418555878
898 59 856302316
173 55 127271978
944 975 660368816
574 468 682127377
848 176 528015437
842 208 796541037
907 705 179018351
470 903 189004964
500 509 928999692
230 873 577057666
201 644 644635073
189 993 421141519
872 878 140777779
671 208 404136676
89 322 279647725
100 510 814477446
448 651 482236623
184 943 547124612
515 284 971158100
110 231 331292532
781 464 978716855
443 189 806059466
287 572 879764373
261 345 814477446
215 597 984658605
585 699 331292532
513 263 18445348
772 740 349456080
287 158 576395151
925 178 954525930
984 442 398145738
771 184 342493423
228 888 754010527
985 429 363510195
432 656 418024544
582 299 211270692
663 631 220408843
565 82 363510195
902 646 64598237
283 761 694419013
252 284 921668407
830 403 27872380
15 734 141760222
757 479 971158100
521 463 657122090
386 618 878253615
130 260 199741336
207 863 136618480
255 142 974739735
914 527 527561182
474 920 964351333
316 441 695170648
322 111 549000162
267 152 718161480
830 59 679439949
461 27 538033602
707 843 450966844
579 78 551796493
172 944 531862341
949 96 538984027
109 159 88951320
798 823 650756512
689 706 432541957
612 111 554226991
460 838 211218002
689 456 433988697
521 945 157991631
453 920 417577634
556 567 220271272
676 117 57221408
231 337 538033602
258 324 980109877
597 778 903779461
658 160 754091290
825 494 327830418
136 348 624344110
927 29 926042867
707 387 518786046
48 107 331292532
906 905 924082476
478 551 398884486
412 727 323403437
595 59 12227017
246 157 905549501
31 427 504591535
724 785 905549501
84 627 128071109
155 52 854327193
460 475 719316244
371 825 46974460
315 16 379226814
787 479 131529035
727 28 423789865
183 611 277629253
882 296 117286312
31 150 551796493
956 709 910500223
575 310 644635073
366 834 609364239
663 982 3444585
475 480 353475558
589 850 65767277
666 398 259234816
36 789 190227506
485 163 280221374
404 706 753493203
549 399 747450609
13 695 694684399
732 355 157991631
736 671 383309273
592 297 57221408
103 260 333397185
922 622 60992825
285 501 121166653
711 621 382335087
462 809 437450052
854 731 491371620
24 65 383309273
143 733 745060122
269 5 197044396
416 569 554226991
400 535 961965675
113 659 881817505
769 741 148129956
32 496 113043376
109 958 479607858
238 26 383179850
815 31 898162858
441 179 142081456
113 710 757692443
828 665 727012339
705 417 65747288
242 217 918260240
403 925 462490612
370 263 757039718
449 444 5404558
611 716 249346240
448 528 538984027
68 656 140777779
492 97 731062220
999 665 219657007
988 747 234370658
583 226 16568656
256 374 5365562
229 877 65747288
125 945 950527164
668 101 988045513
165 282 592044609
844 620 141760222
664 347 402092443
142 133 431009274
861 254 503018784
55 396 950527164
987 816 667136163
849 848 90460664
869 289 991903225
408 686 122266139
970 836 433988697
624 714 677274918
686 64 330998314
837 122 745060122
770 832 742988147
727 882 965030838
84 220 65747288
767 378 195931910
686 641 623639468
546 447 609364239
121 292 742981352
731 10 78712321
446 486 511427088
134 169 102253744
545 929 987075387
97 886 984658605
802 86 417577634
616 904 760772718
986 767 719663041
176 882 384906485
286 724 304074277
600 715 493813319
642 995 675978987
918 988 926369770
454 505 399687881
464 57 564221992
425 909 360949715
362 96 263197574
307 797 618992720
227 799 745060122
725 485 238869362
858 230 213305661
590 996 788525470
7 346 437450052
427 18 129035029
998 235 280221374
826 13 577141399
423 864 238869362
889 448 404852532
38 394 821442535
430 578 304074277
511 612 975113664
999 418 384906485
6 712 220408843
813 567 769681393
237 307 195931910
865 166 241704837
948 248 574787404
940 532 955028377
750 601 304074277
201 886 147739253
727 33 970093151
73 142 898932309
756 511 177287763
679 334 691729646
712 759 854327193
39 324 544011101
746 503 980109877
943 784 531862341
803 6 97577891
680 199 842416016
365 941 402092443
529 698 61774416
496 687 382335087
511 844 321799005
64 298 398145738
19 462 263197574
162 357 549000162
278 676 770812886
921 729 687003146
949 980 238253885
147 653 122266139
517 947 233766900
514 199 292865204
119 178 660368816
589 989 398145738
966 755 954525930
187 702 528015437
797 192 531862341
962 200 65747288
214 195 36449789
674 965 511427088
596 317 965030838
27 825 38534801
413 715 170253843
470 283 581522335
692 313 812129178
472 938 576395151
978 810 491371620
882 610 961980840
305 623 758001304
170 466 550102113
138 589 60992825
833 530 970093151
337 800 87351915
158 982 152471045
745 652 426062063
711 926 760772718
881 933 443270016
74 303 450966844
6 368 323590538
638 50 757692443
397 319 978716855
581 467 429067525
227 76 28767247
263 366 5629086
420 475 975113664
381 531 691729646
353 506 666941573
41 387 484381076
405 979 113054973
259 481 261941285
85 184 608301954
831 768 574787404
440 36 687003146
753 596 677274918
576 848 304074277
866 854 631979428
482 513 220408843
506 952 500377458
134 627 500377458
519 723 196849912
32 273 603346901
850 401 984658605
727 758 491371620
420 457 13212041
909 948 242385695
569 493 504591535
849 332 784389011
357 140 140777779
910 575 495054444
127 530 61614219
511 739 277629253
659 294 793877822
728 668 682127377
713 288 261941285
301 274 342493423
639 724 163767221
979 734 910500223
326 206 624676000
710 687 456088608
242 937 978716855
708 177 167366628
496 521 796983084
840 991 219657007
734 812 680057249
141 763 871364126
203 994 663381037
801 504 61614219
834 58 85732242
734 683 235753431
846 225 292909567
397 773 36596811
302 285 675768290
639 363 657122090
261 149 984658605
702 265 234370658
671 713 544011101
625 416 987075387
780 666 924082476
800 1 592044609
374 227 211218002
138 542 847230729
35 808 456088608
583 71 761480777
380 755 961965675
906 962 798528113
459 10 157991631
429 929 64598237
153 805 262696597
708 223 679749398
602 955 29234468
342 997 281943194
308 345 778421584
757 959 480395827
493 46 177301062
841 686 991536872
745 867 761480777
563 559 174735321
456 42 910500223
586 872 176783169
635 447 687003146
995 888 905870962
110 990 455657286
821 487 987075387
103 739 644635073
675 818 127271978
873 540 805771742
35 445 544011101
43 470 686265036
439 811 705385476
396 646 295419644
171 480 991536872
947 819 971158100
437 332 121166653
5 861 224874718
196 783 280221374
885 427 731062220
428 320 995514296
649 491 711884802
603 412 426062063
614 774 747450609
839 859 650756512
507 972 39820165
132 450 426873747
24 105 757039718
184 360 396032384
139 369 36596811
660 322 769681393
131 480 222294991
673 111 961965675
914 841 157991631
580 364 87351915
699 812 233157706
85 992 991092112
794 115 347350556
414 743 221785655
130 185 809536812
347 181 139576802
552 957 930808016
455 474 176783169
909 282 980109877
516 605 83145224
770 326 57221408
451 189 404136676
791 856 509539964
137 72 785450743
182 824 190227506
18 463 921668407
102 304 500377458
276 850 142456873
15 217 323403437
615 356 872443998
407 139 61614219
209 584 711760406
122 768 418024544
914 84 105458014
328 749 140777779
526 233 865699016
34 237 127271978
473 718 66426039
520 725 49151499
880 219 550102113
807 638 57221408
806 95 220271272
558 695 592044609
287 202 31274131
851 831 475362388
619 16 280221374
633 305 142456873
279 839 437450052
152 622 806059466
435 434 480395827
847 541 711884802
45 746 191390512
982 408 965423701
35 337 220408843
917 582 179018351
688 909 858767763
512 360 731062220
964 102 614446940
8 192 881817505
297 199 462490612
973 734 349456080
798 335 210239287
993 803 475362388
746 271 163767221
538 891 770812886
268 455 40718972
194 539 517566868
547 532 861627420
661 99 565994618
497 835 517351012
613 373 874125993
544 447 703725312
4 346 225823976
348 135 791731063
817 522 519073515
921 963 928999692
197 764 196849912
878 140 342493423
875 357 812129178
906 418 907241951
906 83 576395151
800 851 898162858
634 205 908687317
93 565 27872380
723 674 113043376
264 834 74185445
331 776 754091290
607 868 261941285
154 636 352195024
452 289 961965675
935 359 140127278
335 196 482529202
712 339 295419644
69 793 15366580
43 468 967840826
746 469 62427934
167 117 928999692
801 389 495054444
531 165 393869705
686 198 531862341
809 734 719316244
452 410 177287763
146 983 564221992
819 582 517566868
563 558 517566868
357 737 972592494
417 942 961980840
309 107 809536812
12 487 268582407
255 405 486666867
225 212 636117052
741 510 509539964
719 501 623715215
482 572 426873747
291 52 231952206
865 324 235753431
253 564 675978987
118 287 360949715
51 210 279647725
571 889 959689186
745 174 450966844
994 924 302056402
947 419 18445348
919 515 157991631
726 199 295419644
792 552 835178937
951 107 225823976
544 972 450946514
390 789 426062063
193 244 5629086
252 710 136618480
822 96 480395827
91 56 888674095
148 338 821442535
806 260 368409599
468 325 554226991
111 949 711760406
312 315 268582407
521 197 243749835
928 722 796541037
311 552 898162858
870 22 323403437
125 846 178393719
279 623 991536872
638 788 308305873
565 677 197044396
131 10 182243904
23 688 176783169
145 391 517566868
760 402 703794691
623 743 771651580
185 104 491871181
719 981 225823976
641 864 179018351
876 274 663381037
632 500 74185445
410 80 855572960
119 600 719663041
630 814 104666127
601 437 916880332
981 195 480395827
67 49 511427088
550 159 978716855
645 977 666941573
694 380 931286150
57 430 295419644
951 529 677274918
359 613 372088913
998 473 402005327
541 472 798528113
343 428 80570604
554 97 210239287
219 604 426062063
666 419 347350556
818 588 531862341
195 991 238535883
40 818 691729646
194 455 129067777
170 346 754010527
497 782 907241951
891 300 465369241
916 344 842492230
852 321 220408843
787 829 600441728
940 108 372088913
371 21 224874718
311 270 21983960
801 74 965030838
803 609 719663041
482 135 984501181
488 148 90460664
66 300 182243904
251 624 618992720
399 593 129035029
2 361 416426917
63 720 102253744
9 934 177287763
612 518 249078834
551 61 343256082
211 455 121166653
751 968 603346901
436 87 393869705
583 456 503018784
325 102 636298915
686 936 368239638
649 916 614446940
250 868 700378407
467 585 422481234
624 656 233766900
616 316 964080376
370 684 727012339
37 565 220332660
236 32 238869362
896 555 623639468
955 678 544011101
916 446 281943194
356 269 491371620
601 874 163767221
135 180 191390512
888 654 313083533
686 745 686265036
677 75 242385695
329 921 104666127
124 950 995514296
333 7 105458014
911 722 398999028
249 80 761480777
247 242 152633864
102 560 788525470
647 65 409729008
292 640 752419913
389 813 416426917
501 424 292909567
484 274 796541037
175 585 85580974
10 128 528015437
543 721 131529035
287 831 28767247
57 62 669682728
731 737 39820165
367 721 393869705
198 887 321799005
413 670 870430230
997 583 691729646
11 483 136618480
967 912 473482146
492 400 88951320
235 34 971158100
779 780 531862341
756 162 851166858
433 926 754091290
839 243 758001304
389 654 519073515
732 657 56785938
823 906 784389011
357 765 409729008
831 748 814603481
234 646 460597528
411 956 807019598
439 627 905870962
699 8 455657286
703 116 321799005
908 810 633165757
525 16 220408843
558 701 564221992
160 477 136087821
834 319 141760222
937 820 988045513
281 319 950527164
48 440 404852532
415 860 991903225
868 769 122266139
156 352 85580974
887 191 78712321
628 561 3444585
796 283 517057153
532 20 66426039
14 504 66426039
915 511 65767277
94 80 213305661
834 97 980109877
468 963 964351333
557 999 939398961
315 593 27776389
377 242 669199712
859 834 27872380
667 851 127271978
566 457 646063912
516 403 281943194
483 200 757692443
502 286 761480777
495 799 388993182
752 325 939398961
869 442 758001304
461 22 576395151
379 207 383179850
942 79 163767221
24 52 368239638
285 188 372088913
266 913 423789865
322 1000 55568372
195 844 660368816
592 825 13212041
278 313 719663041
409 429 559308250
924 623 379226814
845 351 213305661
790 483 903779461
974 732 367215475
22 674 372088913
151 404 939986888
465 17 711884802
919 668 241704837
198 293 577141399
11 137 538478763
90 606 433988697
662 973 856178040
969 58 189004964
822 775 791731063
777 345 104666127
875 60 719316244
736 754 691729646
283 573 636298915
450 779 760772718
691 663 760772718
652 732 80570604
245 860 384906485
834 47 195931910
415 419 423789865
546 573 784389011
468 146 636415069
775 239 636415069
825 218 404852532
536 795 191390512
192 224 538478763
499 804 456088608
681 598 61774416
610 369 806059466
430 970 955028377
909 563 770812886
410 207 954525930
610 499 650756512
414 67 564221992
873 751 327830418
110 98 924082476
463 168 83145224
809 858 279224440
476 650 950527164
824 625 666941573
544 836 753493203
354 413 908687317
187 370 323403437
143 577 874125993
573 487 978716855
931 495 859535804
255 562 129178446
99 490 742981352
22 290 418024544
309 123 241704837
685 930 636117052
625 108 757692443
760 484 55547935
672 776 517566868
280 738 754010527
21 221 235753431
63 164 15366580
897 494 486666867
413 58 614446940
272 147 796541037
4 980 851166858
796 596 178393719
458 431 965030838
129 61 178763781
521 987 898932309
724 267 600441728
827 669 238253885
587 589 859535804
88 131 49943651
790 643 918260240
540 41 227520308
528 45 669199712
338 375 905164409
44 867 677274918
103 373 939986888
604 644 577057666
139 358 398884486
555 82 399687881
752 238 90460664
29 367 31274131
675 589 259234816
548 288 220271272
113 971 645792625
572 365 577057666
63 504 662567661
22 688 735314244
890 729 57221408
349 393 518786046
861 400 964351333
912 369 865699016
246 976 87351915
380 35 757692443
944 947 547124612
143 338 658605050
604 340 444521894
136 379 261941285
702 406 911560929
502 606 971158100
705 216 600441728
422 353 814603481
111 314 302417296
734 884 577141399
669 740 623328944
744 702 592044609
750 489 174735321
280 364 2736851
327 91 2736851
395 713 302056402
628 630 426062063
931 763 90460664
91 751 396032384
785 985 675978987
229 302 576395151
147 115 450966844
329 508 305986819
78 764 806059466
953 366 761480777
836 901 475362388
703 504 316080055
405 625 368239638
985 383 879764373
696 685 398999028
9 963 786739045
244 14 786739045
115 785 353475558
457 505 627424210
450 114 627424210
600 321 942490189
752 205 965030838
742 252 77115980
523 762 482236623
978 873 999152516
886 894 999018623
699 411 997586301
856 830 996528813
882 509 997745017
50 29 998398348
64 955 996364960
146 323 996207690
228 844 996843740
671 748 998713650
590 372 152633864
725 445 995798018
803 969 999646901
463 692 995548680
993 902 998650049
21 756 998992678
782 867 995777447
519 213 998489873
204 725 995802940
398 242 998772718
507 183 88951320
301 253 996728839
69 422 995584503
124 952 998666991
751 693 998608894
391 311 220408843
532 886 406417813
271 711 997924327
152 8 995554144
654 623 998072904
407 504 999720423
900 964 998109206
779 717 680057249
273 258 995900740
196 596 841969094
814 188 199741336
171 868 995558523
737 126 995643721
992 963 996882784
482 427 999965075
688 302 998196960
203 967 996801170
458 71 997472264
918 440 999141913
919 647 997372596
757 760 998921371
531 345 999108233
333 874 491871181
244 8 997889237
488 373 984658605
999 722 998993758
293 944 998348764
854 819 998321543
631 185 999369784
617 978 997351702
588 812 996779301
950 890 998672030
789 967 998468993
486 950 998626038
14 80 996694605
725 841 996697314
529 699 995724561
936 961 999527082
248 912 996571422
735 270 999764864
617 766 999560024
562 619 996016921
92 382 997107764
759 946 384906485
445 192 998572881
74 22 622821190
412 338 999910599
872 974 999325662
375 894 66426039
792 425 287558946
582 423 426062063
184 56 999828938
960 407 999400467
469 434 998079666
761 662 995842812
934 646 998472196
244 811 997343342
110 732 996133549
740 635 995907794
490 407 995938159
988 986 998599546
508 246 997344581
955 851 999281896
587 566 996162019
192 793 997518876
366 893 999297265
788 871 997450906
43 646 996880684
505 717 996568093
831 69 997535887
108 197 999325696
461 2 419462157
59 431 996423813
687 479 998484648
532 19 798528113
479 898 998779863
785 601 997956121
471 972 835178937
590 670 997616842
992 995 999127353
991 936 999806257
300 171 861627420
753 584 999795402
448 308 997872795
939 947 996286594
123 254 998207725
973 888 997916614
566 734 999830500
25 492 999624783
543 38 903779461
527 638 786739045
717 770 999785016
144 129 238535883
807 872 998991450
769 859 996633021
262 369 997735794
799 718 999540235
898 973 999539956
793 478 998425020
174 542 999516515
741 185 999600716
726 116 997793715
661 961 999953628
925 780 998801967
838 281 998253416
547 653 493813319
671 919 996716390
361 737 999622641
441 807 996428784
989 969 999709029
674 685 995801706
733 953 996079554
975 625 998450270
424 960 462490612
462 504 999308547
682 534 999067815
157 356 999710733
236 656 999471746
933 953 995735754
998 993 997056074
800 830 997369456
76 674 997789586
762 797 409729008
98 399 996802291
394 589 996709942
807 491 996121003
990 1000 997350563
787 345 996049898
837 497 603346901
895 294 997969363
978 942 998805167
972 652 996923752
950 961 998523587
411 100 997758768
611 546 998980600
749 757 999675472
925 806 996018305
550 424 999754708
999 998 996080308
422 382 428205559
971 451 806059466
925 696 995966839
130 320 998021684
1 923 996611913
661 807 997781192
745 712 996247030
508 858 995548554
894 602 996146393
254 604 997381646
13 507 928999692
231 558 997028978
257 667 996050493
370 397 997873898
860 822 996032127
853 507 996207346
820 617 211270692
865 642 995871731
939 864 995853971
264 46 997215119
239 827 996613933
254 716 382335087
444 823 997410696
294 970 97296598
516 339 566917033
312 151 996585185
669 213 995663005
314 950 721548971
866 895 997297905
945 961 999081310
475 376 996758498
654 913 998850568
424 757 997472643
728 808 998099513
831 94 528015437
839 191 997848799
551 322 996101867
331 544 997070906
424 153 996263386
917 546 996281016
552 996 997017828
974 386 127271978
557 979 996937959
879 769 999432622
211 223 454898314
532 492 995867747
467 223 416426917
692 491 384906485
516 546 998445193
246 275 998165564
946 949 999927342
1000 925 998029199
255 825 905164409
556 677 577141399
454 751 999088429
640 700 999530586
295 391 717305246
318 508 995688655
694 31 999676495
762 601 556412096
595 531 998824153
198 337 996691102
298 684 999070283
819 28 57221408
240 66 998987956
706 189 24785959
658 832 997932690
963 977 998564642
749 925 997786171
905 930 998812542
927 985 997243425
163 147 687003146
361 519 997785282
265 435 999961148
770 798 999294843
529 890 997123860
798 702 999226258
642 969 996258249
99 240 622821190
121 599 996768537
562 728 997866100
821 285 999502955
571 585 997648225
608 924 999130837
978 583 999912638
969 327 995777224
677 247 996006962
368 502 996497577
840 26 997309484
456 214 995588054
889 283 995734186
165 167 997592524
272 393 996061260
358 611 998731140
841 986 996073628
960 910 999735904
960 780 998256153
443 887 998342600
997 319 996526534
662 666 997649195
690 477 998458387
933 508 999789987
128 757 675768290
666 810 996158968
913 961 998911296
55 18 399687881
994 641 997845075
756 762 999949719
594 292 998745410
843 545 997345684
983 845 996395188
837 292 996655489
483 938 996610071
796 932 999550907
801 830 999297514
670 375 997998519
984 685 995976460
886 248 39853529
641 959 997641877
982 800 997230956
934 720 998714641
779 31 716113419
862 410 231952206
938 620 995748110
612 820 996566875
49 6 995677618
732 419 77115980
898 665 544011101
830 289 998805355
956 751 995736943
820 907 998546179
918 949 996406999
966 987 997481533
390 309 998696159
962 979 997913175
334 615 997699728
489 731 995529742
773 701 997258977
525 520 997915543
845 135 308305873
971 984 999341989
735 70 998235825
848 600 999376307
535 252 295419644
993 996 999273239
680 684 995581873
971 243 996456013
815 467 997132322
615 491 491371620
989 553 995951512
547 551 997174230
261 642 999991924
917 918 999083211
319 713 669199712
238 310 384906485
938 623 997460498
999 980 995899768
723 847 999092462
864 371 998806053
841 430 328068646
575 476 999833485
441 520 998996070
899 200 83145224
286 553 995913661
674 336 999082619
969 433 999075630
854 971 995789254
502 167 997495262
212 838 974739735
792 871 997562059
996 983 998777739
106 271 796983084
512 543 999466087
170 944 517566868
658 907 998453815
309 929 998940266
272 495 996988111
844 944 996845840
870 357 998531485
830 818 996803623
527 576 998026630
166 774 997479986
254 775 998864351
81 165 302417296
539 664 999854359
794 969 997244877
563 863 996216674
802 963 995888291
619 767 997782771
440 601 998521670
4 678 999993614
142 1000 592044609
362 110 996402043
664 845 996295189
724 997 998041377
987 997 997939453
488 299 996773686
855 631 504471336
291 210 995819708
881 7 995648808
379 762 996292046
906 800 998209240
183 43 784389011
91 37 997364070
245 849 997542072
341 839 31274131
635 418 995892391
987 972 997878286
219 133 997855135
646 909 511427088
485 614 996153708
461 759 999820697
838 711 996082325
991 486 996540012
807 832 995680544
280 11 999808085
992 961 995610343
944 933 995607360
758 554 163767221
151 189 999883384
536 853 998765057
35 689 998801522
879 97 998954838
930 344 998391474
926 646 996754569
906 896 999698321
753 532 997423851
981 999 996180107
801 4 998133618
26 242 997545343
217 727 999863032
617 574 539261227
544 236 998545360
591 376 417577634
931 809 486666867
340 452 881817505
954 896 999546529
707 798 995903932
824 490 999573777
166 56 3444585
9 260 174735321
275 162 997413087
43 456 997309520
26 942 997529957
812 684 907241951
46 740 243749835
96 636 788525470
686 173 998642151
615 796 997862521
1000 980 998519380
695 323 259234816
6 531 847230729
897 982 999012015
997 976 998218307
500 235 418555878
127 974 999318050
371 726 997433199
503 551 995595257
570 440 995837154
260 248 996583197
694 379 997445735
88 506 996369406
192 180 996917646
130 546 997883733
898 966 997261451
977 997 998034278
894 858 998085681
430 307 999773711
93 883 998883793
534 694 997245213
961 596 998433673
724 707 997278999
835 993 997718149
663 746 998939875
43 743 998015323
375 236 999181185
563 280 996987730
666 617 996644887
811 665 998345327
493 321 997379499
283 458 996417343
796 716 998619701
866 604 241704837
771 662 847230729
776 243 996055609
921 402 295419644
998 738 997116092
139 38 996112790
656 566 997356484
809 937 996269562
987 398 999649332
421 504 998060166
773 561 999222980
975 965 998388296
580 182 998077537
744 869 177301062
447 993 999226687
380 192 997935219
617 712 996687089
30 879 995549645
908 904 998670672
406 362 995968646
879 784 998764990
606 309 636415069
525 853 997646135
988 619 999274478
988 680 996647382
296 915 842416016
894 834 996254478
733 821 592044609
579 987 549000162
487 489 995862516
647 945 996219161
988 901 999837960
375 607 821442535
775 802 995813086
992 924 999791543
600 768 997132823
950 721 998599544
738 606 997579199
508 151 579091480
46 505 996964928
107 739 999778025
886 60 998846642
863 977 999746685
581 363 995648630
428 503 996783978
919 686 999437076
274 30 999588700
895 709 999155327
312 936 997349068
782 426 999864627
943 158 16568656
217 424 997710428
636 517 998012160
15 847 16568656
558 998 999210690
762 761 998794808
521 181 998717778
140 793 999572868
805 366 998340274
33 498 997897464
720 631 998897506
977 858 999437437
356 884 998260312
955 832 368239638
904 940 999223744
823 605 996653902
381 45 40718972
839 808 999735478
398 177 998319962
925 982 479607858
969 905 997651624
753 374 742981352
155 778 996984858
965 737 998373009
84 967 55489358
362 817 996697589
942 953 832659530
636 99 999262317
875 904 997291653
380 237 998607828
21 992 999417070
280 634 995693953
593 218 856178040
376 502 999556549
598 267 16568656
544 396 996915366
394 119 995929331
956 713 998637908
184 694 998642566
888 617 997347435
963 647 997898439
235 437 997698503
933 882 996889330
885 17 998978518
738 860 996668046
666 605 999053807
570 549 999269135
612 431 998151159
486 644 675978987
323 247 719663041
463 880 995595735
76 87 998567361
987 212 999605617
995 928 999479484
784 902 995646294
655 176 998014435
58 628 997767792
715 399 129067777
802 959 996498197
929 20 995723183
201 210 996986164
566 926 997520536
266 186 996896657
737 624 998021750
884 359 996316716
416 586 987075387
965 866 996479503
972 862 998880902
688 189 997761130
750 878 998615644
364 214 998847587
211 333 999847160
956 857 996783923
976 986 998271084
598 740 997115110
563 575 999069494
823 832 996527213
165 215 433988697
340 32 996639526
891 978 996799325
912 629 134534010
868 947 995598582
77 373 997756389
815 448 261941285
359 70 999033276
141 783 996307116
142 80 996119728
319 484 998237796
347 585 955028377
875 289 999737459
619 28 999345673
835 731 997062796
364 77 998206248
683 27 735152789
985 693 997646460
433 226 999475924
799 917 998194324
54 509 999563707
997 983 997726711
819 744 997838342
329 456 997291911
511 720 456088608
125 313 998711133
608 558 998280041
462 237 998094290
126 488 997562111
539 833 998020659
244 372 224874718
989 985 998180027
671 611 997979694
57 821 261941285
773 201 5365562
436 80 998539147
75 848 999799906
53 493 167366628
709 748 996642236
493 807 998300676
953 337 999723235
961 994 999838452
984 881 996880812
424 318 998856164
91 869 999211120
690 670 667136163
976 948 996393562
550 614 996172131
567 675 997757680
93 114 997300233
604 240 999244638
610 690 997357479
951 994 996210458
527 352 423789865
570 681 995585262
91 798 997893032
999 784 998542466
943 177 997406299
403 675 999497758
818 660 995614462
128 579 996595730
96 416 999058899
818 370 997852394
264 860 996273074
371 892 996450614
918 523 996996058
21 255 462490612
619 443 998187156
330 861 219657007
735 361 998374517
870 922 997056617
534 597 997495433
980 970 996033679
923 446 996877402
960 962 999678987
1000 650 998173784
375 689 995579812
668 817 998038680
396 387 78712321
405 788 997935075
625 783 421141519
835 783 999070503
448 656 999747445
745 708 999091096
970 964 995798235
552 971 995983453
919 590 998487587
771 793 997511381
991 927 997318880
619 455 997954870
646 332 996631272
998 991 999901110
494 939 999928506
621 221 718161480
331 998 996837528
929 990 997180487
286 915 761480777
967 736 998632997
370 607 998711142
837 722 675768290
42 814 999620150
559 259 998333082
393 233 997393746
370 40 162801122
686 871 997909177
83 804 997827075
89 9 999066393
1000 994 995547614
908 911 996934239
409 537 998528691
622 546 511427088
214 787 999555959
745 173 997608150
705 785 996875614
700 679 996381867
494 12 61774416
998 714 997108510
333 426 104666127
817 300 996658998
887 602 618992720
827 642 996051883
665 693 999740717
658 766 996993222
130 633 996175420
910 829 996480538
193 499 995797383
668 561 997387764
306 873 997704716
154 37 996480106
157 621 999575952
936 196 996154735
593 211 997005965
854 951 997686515
144 537 754091290
842 670 999262677
113 42 998822081
858 888 999181465
798 976 450946514
968 335 997896167
232 443 861627420
924 861 997651379
283 329 996116850
744 583 998483279
157 824 388993182
560 801 997680906
703 19 998695771
776 929 999640055
965 610 996002553
177 551 997520815
402 269 997162915
300 431 871364126
321 168 999625906
751 328 742988147
744 75 998450700
837 148 998760491
501 875 998695525
506 458 995935904
595 334 995865655
930 266 999180448
178 416 997851141
973 936 996893048
535 153 997684693
655 551 996522552
317 543 997963006
964 947 997917068
800 820 997005478
448 181 675978987
491 237 998295084
75 196 997475167
679 717 995525240
158 918 997765141
54 752 898162858
40 515 785450743
199 178 996010334
843 658 997929610
792 794 998016317
745 888 996523779
856 855 996912168
371 454 997379592
341 762 999321147
590 737 997788054
884 296 416426917
885 919 995521216
959 190 999519594
456 41 694419013
377 902 995921853
383 594 295419644
215 34 999412784
458 223 996238936
430 937 998806577
147 22 997717047
655 621 742988147
204 128 998746896
847 188 997105419
992 387 998050652
538 818 996493836
219 514 996339297
904 913 995794839
676 927 999760488
376 437 996660089
852 926 997073575
1000 256 998801813
595 489 998789230
712 888 998208514
89 772 996650045
555 461 995747210
770 738 518786046
752 549 996937112
512 380 189004964
607 938 997854091
843 635 999890532
959 536 907241951
888 894 997959087
923 62 995787326
472 341 998176168
796 797 997736908
887 841 997857186
605 137 331292532
157 941 761480777
64 651 996984927
970 899 996326577
591 780 997445181
959 656 996625395
861 623 997762696
440 232 233766900
224 824 995546037
228 996 998425233
859 783 999562766
977 919 996023576
47 985 997909308
224 376 907241951
591 510 999051956
873 411 998767837
292 562 997468466
577 309 998518715
295 82 996050238
439 336 142456873
420 591 995561768
562 706 999512967
942 869 996078543
36 528 998859613
827 881 999921572
396 38 997031812
915 329 44638294
809 413 997504392
425 890 998117360
682 768 791731063
895 946 999681343
351 838 752419913
883 677 998807710
603 48 997466136
892 841 999960175
152 460 998648225
927 913 995732484
806 70 997627418
204 950 996177986
599 526 999299438
904 865 998300634
947 230 504591535
831 713 997898590
529 812 972592494
758 619 998439464
715 824 998561435
835 933 999325985
840 660 997940831
720 411 999532567
924 470 754010527
972 923 998658660
957 955 996527802
927 419 788525470
484 464 999483046
126 898 997038180
862 857 996460179
543 645 842416016
940 859 995923332
722 329 996928632
823 336 997046952
648 681 997891845
277 449 330998314
942 702 998715431
168 327 997921953
738 105 999943054
957 831 997400946
313 145 999689598
752 536 995923686
400 424 398999028
790 747 997946445
345 463 998751784
965 993 998122737
871 843 998282283
534 542 997989254
988 330 997077897
616 205 871364126
431 686 997230297
885 890 998882798
749 630 999243036
61 170 998860438
923 655 998493154
427 186 997902857
896 971 999530810
707 227 999404588
310 217 998072430
420 176 997564744
550 290 999541120
742 115 998118812
256 27 998448324
649 464 997711113
830 780 997350800
359 479 421141519
875 499 999204608
575 519 995779201
927 955 997655860
34 32 995652767
334 570 556412096
939 514 998320864
512 919 999345349
928 931 999816019
826 36 633145061
774 285 998981424
908 790 995632389
921 816 998050718
559 506 997953457
712 904 998183735
525 479 995623992
894 534 997896936
414 375 997760200
216 367 997499549
647 792 998280119
993 960 999995005
640 472 219657007
119 412 996371254
1000 993 996295469
742 736 997963624
872 222 995808213
799 655 999840960
403 54 999479611
55 256 998420677
653 792 999349219
704 817 998405184
807 852 999145411
737 649 998233107
337 256 129178446
500 153 998891943
937 715 997602748
329 145 998999493
884 993 995632904
784 948 758001304
966 234 238253885
982 947 997821998
747 669 999349594
756 619 996294453
27 415 999014941
969 823 997790586
847 599 999817656
947 972 996450241
955 879 997720909
884 233 211218002
395 76 998738929
894 880 999623228
951 956 998830325
252 475 997603742
821 506 999210320
645 942 999641731
882 721 998751918
632 197 999781539
692 337 997022047
527 957 996987126
505 321 924082476
667 294 996005662
623 722 996334666
267 326 865699016
893 11 97577891
677 9 835178937
321 611 503018784
57 532 996108345
119 430 139576802
503 372 998713748
261 517 996288023
994 878 995821515
716 317 15366580
846 706 999083445
315 373 191390512
847 747 998691738
573 714 998230412
491 810 995922545
785 616 995767091
781 601 999474536
523 736 995943494
733 782 995631515
525 524 996119158
911 829 388993182
462 215 379226814
982 973 998057149
60 45 996958436
309 854 996016963
98 699 998894274
729 567 997862809
230 893 996426237
692 479 680057249
797 951 995814817
134 416 998167078
813 633 21983960
196 561 995815500
583 833 997782907
351 87 971158100
680 634 61614219
791 488 399687881
496 124 152633864
730 466 104666127
639 746 997770093
284 815 998864194
509 667 996614545
853 605 997442858
495 802 509539964
619 162 177287763
676 899 996006303
939 636 939986888
272 203 997603452
58 662 136087821
807 187 13212041
550 876 104927648
972 983 997513672
810 156 330998314
564 359 997114783
762 978 998344610
369 905 998872415
852 968 999279029
375 113 998228259
798 473 997415590
408 764 694419013
557 955 997117536
608 382 998759750
550 324 128071109
984 972 999770335
961 914 997107573
379 834 996062852
125 59 77115980
929 602 81599232
135 112 999897168
691 884 996841899
992 908 999609735
808 67 991903225
715 944 997590260
819 788 999195875
617 79 996020768
227 818 995662074
1000 573 996592237
680 712 997822317
29 347 997582097
133 158 997055626
637 817 959689186
386 578 995814588
660 523 517057153
46 662 998010871
556 782 996302295
900 694 999872690
287 936 316080055
574 351 996232012
154 434 998408490
541 538 997639003
992 814 757039718
187 518 152471045
606 817 996268328
944 192 999267971
628 992 996154912
501 112 995706731
613 780 996393931
293 855 996937420
793 96 327830418
312 584 998320055
970 839 997563753
976 975 997115231
373 176 995918324
805 725 997131431
637 441 995618354
474 846 657122090
984 954 997735118
390 457 995896191
881 730 999927795
231 564 999200504
713 384 798528113
717 747 997996774
768 319 996534495
22 996 996574466
592 385 996840219
731 625 998244942
645 15 995572122
207 107 998571246
833 776 995722130
953 997 999817792
910 949 999219754
515 852 437450052
611 786 999421160
713 226 996959105
202 83 997392740
481 390 999967642
783 722 999859361
949 804 996688385
558 657 999969214
817 512 996828918
793 365 999881336
939 943 999331718
517 18 999732109
967 111 997216347
178 911 305986819
592 60 995948023
239 173 996583516
196 930 565994618
44 882 509539964
420 925 997029418
667 504 997810033
661 171 342493423
500 627 995546043
281 992 998064000
976 12 996828218
951 395 998236677
95 262 287558946
952 511 999362285
239 153 997465669
721 906 996700379
670 983 998988625
584 564 999838010
656 118 997109087
644 625 997003213
252 702 517566868
854 958 999162312
660 497 995667554
613 149 404852532
979 392 964351333
923 283 967840826
872 789 996185426
146 277 832659530
162 965 998186833
449 259 998359758
575 649 999172417
151 12 999767293
844 672 998823113
737 975 999137264
688 330 999001819
751 728 997559508
216 978 996838042
890 473 998082657
345 683 999095684
986 689 995791513
254 155 998732078
662 741 996417207
234 930 996214483
453 433 999717184
973 999 996412920
936 431 996351262
943 255 998053335
196 265 998492102
280 287 692242679
683 57 995608368
758 948 999640076
918 371 998097069
343 438 998312851
369 541 996721149
968 926 999970990
932 962 999878099
968 929 997133748
815 415 999745646
247 690 486105587
564 887 999015435
922 431 997259052
649 696 999584240
997 768 999566949
890 969 996049774
801 983 999593486
258 403 996440492
964 935 978716855
762 739 999433575
530 772 997285499
768 134 462490612
920 43 997815184
792 446 998779379
770 727 996648785
168 268 865699016
944 642 998180506
877 931 997490979
722 955 998936470
563 873 996303736
540 472 999380219
689 873 997237355
738 817 996110270
222 332 29234468
671 838 998657534
473 178 999184764
467 335 997213551
331 755 262696597
455 607 995944178
464 429 999813030
964 653 998760482
832 743 998169361
920 831 999701207
678 702 999184748
791 566 998941145
623 888 999343462
276 149 996375411
888 263 996471460
358 448 454898314
239 891 998230143
877 22 995594332
815 827 997997489
279 726 737557414
935 952 995882398
792 498 998532569
964 987 996904918
18 609 997682465
162 444 997933329
15 68 302417296
945 966 999955661
835 695 999829358
690 772 997503141
313 311 905164409
203 574 996787516
642 204 999018032
429 813 998656934
894 710 997656357
378 943 997033617
243 533 57221408
696 734 998113868
356 202 484381076
763 170 999361849
588 470 852595366
922 865 998113869
83 747 999604287
483 667 694684399
738 758 996458622
279 426 752419913
178 842 997452215
635 570 998346723
479 878 85732242
838 118 872443998
916 352 996173160
238 620 997001993
798 690 12227017
387 186 999280791
383 832 998952248
297 9 995798781
59 274 998070326
93 818 961965675
734 358 999532622
32 701 636415069
418 667 996047455
371 757 997186801
829 687 999541302
219 921 592044609
555 298 140127278
21 87 998504615
73 680 998100985
602 300 841969094
786 862 999416263
845 802 998490078
534 902 998804788
978 825 999401246
877 991 996192082
597 626 998131433
929 572 997359274
716 951 998550226
760 138 998677790
597 822 995686264
781 426 55489358
97 967 995927713
938 918 997070996
101 148 113054973
606 895 220332660
806 850 999889923
774 778 999955170
792 489 997308932
794 866 996284091
990 950 997700274
212 64 996026171
333 922 998445678
593 527 996100012
813 18 999624024
788 366 719316244
350 70 939986888
906 975 996172645
388 500 997075535
796 103 998187197
310 785 999995807
980 994 997493994
503 535 998192001
852 475 998625908
535 342 999289456
345 669 997422142
451 979 999326863
940 950 996896026
68 718 995753356
406 883 996822650
157 833 997508031
639 33 865699016
695 236 995843438
271 255 995818587
319 341 997494846
765 813 997706110
523 768 999988463
891 955 999305431
698 644 997716887
999 997 999439433
220 78 999007695
856 641 999087370
991 780 55489358
157 486 5629086
888 864 998144869
69 865 18343705
925 959 998396786
663 895 998960811
318 55 998550338
496 21 85580974
503 511 998032541
585 100 999712681
225 242 999765887
437 678 363510195
727 475 998060666
917 856 999250342
85 293 997426035
47 669 170253843
656 837 531862341
719 228 996310280
921 603 998096299
821 499 996798175
272 251 996205629
747 892 999376945
714 625 742981352
275 723 408242117
488 760 998732985
452 411 999606512
781 572 491871181
164 392 999651899
902 856 998730235
781 840 999403715
494 403 645792625
793 637 996895912
885 817 998503602
940 809 997023764
884 289 998815703
981 849 996176131
141 465 418024544
940 750 999215906
313 758 997774110
723 286 998639630
860 578 999666193
295 101 997143344
80 396 999650003
651 957 996294610
735 84 999257330
261 239 999345869
314 241 999342431
320 713 47556004
664 570 995566348
917 900 998922543
307 600 996010851
583 414 997786204
108 220 996786786
776 719 999849209
264 892 997752854
731 208 999062266
140 850 719663041
635 767 996198431
903 989 996428524
528 665 999976304
936 980 997702075
31 549 995527058
758 339 995689142
917 746 998723138
503 444 163767221
552 331 898932309
981 917 996037947
276 106 999552215
621 464 996247195
881 929 998796681
695 608 995890905
749 290 996634359
961 278 996466457
897 853 996864992
916 740 998193823
966 926 997846274
736 876 999281168
968 218 998144021
527 473 333397185
851 975 999274368
687 248 997333298
918 648 998549821
948 742 996028124
621 633 997075221
990 472 104927648
31 818 996107033
738 900 997900033
796 131 998125544
868 898 996923627
906 685 999571869
907 995 997469557
242 490 835178937
949 676 998364992
948 968 997870632
349 341 996085450
365 840 718161480
780 652 999348529
601 507 995825678
862 539 997166458
270 200 13212041
440 268 996448766
812 874 995662316
751 869 998799089
329 694 996585270
710 898 997297403
952 798 995561587
231 379 998159673
710 986 996370908
956 552 995757753
847 603 996038046
793 159 995967380
850 973 999753104
983 164 996360613
578 229 517057153
860 908 996223000
38 328 996041466
812 978 995784974
334 659 467860974
52 542 417577634
286 775 752419913
481 487 999259959
997 940 996567054
379 871 998462798
726 699 997420289
150 625 280221374
509 879 995709577
930 284 170253843
441 341 995596342
266 822 984501181
508 941 965423701
637 751 997948088
792 906 999745867
725 294 5365562
622 265 999987279
872 883 995703571
639 445 55547935
620 813 996851042
970 309 428205559
881 936 996278051
951 993 731062220
668 421 997751016
33 844 998819109
838 918 996850902
711 810 997853021
923 589 129035029
629 82 997468618
718 192 12227017
568 820 997193931
182 493 903779461
939 800 997291892
175 86 999377937
371 390 998556947
197 454 998418560
950 987 999245929
944 978 997911140
681 942 995715132
835 976 997008964
677 149 996467886
843 414 999212187
969 944 998460996
96 779 997411863
708 758 999725348
272 696 999109508
377 190 997049120
743 888 997230638
851 285 964080376
303 713 999370090
252 429 199741336
514 104 716113419
356 232 995673626
788 996 998401760
721 250 998737744
783 511 997024102
879 367 999693889
808 814 995819427
164 629 998662627
678 303 997221617
644 889 997385805
995 294 995663706
439 73 368409599
29 739 64598237
196 649 152471045
388 319 809536812
430 7 996393216
991 644 996532697
343 933 927098261
220 890 353475558
951 944 995761824
537 10 998566569
766 938 999380007
323 115 281943194
974 533 997755828
821 834 996254725
103 774 997508867
577 755 996248202
730 301 999498614
916 198 998820228
984 407 998222659
198 536 997031339
280 111 997637719
345 368 998736101
126 21 996387798
998 948 997011089
513 994 971158100
593 976 999297107
914 833 292865204
935 968 996146148
502 461 997683570
447 736 996748700
957 959 998866824
805 381 926042867
387 715 999055897
700 226 999254598
566 103 636117052
490 419 996821602
914 993 995729128
287 888 999391998
837 507 998408013
693 464 995799040
759 655 998331767
989 781 511427088
541 929 182243904
504 486 761480777
613 527 998320923
546 231 997912776
436 612 996255403
428 795 996527043
912 956 997478261
852 827 997674724
413 909 997607555
57 885 999093805
455 491 998009950
694 614 998814910
859 3 228655929
891 293 703725312
829 551 997367614
506 655 997875964
302 931 402092443
756 154 999027642
926 895 999162608
170 636 998938651
123 1 995781160
912 963 859535804
241 272 998007316
742 928 998996278
849 731 996268381
914 820 996540012
435 575 905870962
104 881 996733880
655 529 997405836
943 914 999162657
990 991 997600370
785 212 680057249
539 432 998897801
524 645 995615193
741 505 998906976
551 397 998485192
101 772 840226051
563 983 268582407
482 14 517351012
142 89 40718972
392 236 858767763
984 388 996977898
977 964 136618480
840 501 999760025
943 969 997698664
348 861 997300353
969 955 997664061
504 969 995623986
921 773 997763132
305 752 997216827
324 19 999902142
660 441 999213805
600 741 999488384
914 945 998586694
750 875 995649198
747 823 999245166
738 169 999674930
913 969 995751575
877 943 996965151
752 412 456088608
381 597 998637949
41 893 999396100
161 198 594485290
27 839 806059466
622 697 995693105
259 555 997773677
493 467 999324231
971 916 998608765
930 942 995757935
978 993 995984853
714 891 998578285
720 932 999780330
695 886 998924513
229 879 998977969
932 949 998809924
244 318 996729456
701 728 998894167
456 253 757039718
519 933 996658623
974 945 997324275
813 671 999078818
469 701 579091480
420 869 999620784
402 775 995608441
962 162 368409599
308 884 996896263
990 995 999858691
945 969 999257289
732 499 999099662
803 125 996108655
150 638 995657723
442 667 211218002
984 494 997097854
150 34 996262132
690 893 999915802
667 347 995704029
815 812 997215663
572 968 999081176
808 955 996364204
220 460 997886633
701 420 997179830
894 923 995944265
804 237 995605415
928 393 189004964
944 497 998103433
886 58 996161361
703 564 996961154
953 184 313083533
356 668 5629086
110 735 997480412
405 507 995583016
918 942 999342931
673 189 999906441
335 659 997173801
796 935 998773972
172 801 999694903
178 175 999074350
193 621 995846836
650 390 504471336
166 502 997807739
505 543 999015420
986 944 996360297
97 329 998520825
296 754 997212216
378 960 998672020
186 206 996510660
331 696 455657286
807 931 996516592
955 952 999375586
455 948 997086739
583 924 997429598
109 879 997837588
702 711 999209240
420 933 996532783
735 766 999469379
358 592 997948824
641 903 995634691
624 405 21983960
956 899 997463959
432 682 718161480
827 717 996943050
92 156 995978137
43 53 998091327
128 256 996360389
277 564 999215928
639 481 996125129
968 506 997870460
824 740 618992720
937 890 997081661
241 801 999207897
852 982 996172715
528 730 147739253
809 884 998825345
631 473 999627189
890 900 999759529
353 861 999713493
699 606 997809653
88 752 352195024
819 978 996577985
355 591 950527164
289 625 999214541
787 627 997424895
691 930 998222887
726 964 997436079
991 999 999099800
938 342 996573007
229 120 88951320
572 135 996304512
93 959 997207713
41 799 996385599
868 791 996327750
879 947 999117777
313 652 999940169
741 672 996914650
769 832 24785959
144 503 609364239
990 993 997397550
565 718 997289039
609 716 999413043
679 822 996701178
93 596 997187493
255 741 997350677
879 984 997522501
35 575 997762283
443 477 997229766
376 53 996779101
130 798 97577891
29 291 996791886
36 934 503018784
815 909 997558136
891 32 998875957
456 855 997745797
547 157 162801122
714 902 998448746
633 162 995961733
975 882 999101022
136 108 624728170
19 916 995809728
962 815 995710755
947 966 999394120
226 377 996356200
353 505 999122649
428 360 997307042
447 1000 999478962
284 466 996538418
24 547 249346240
842 38 997545265
973 683 997360492
896 863 996143921
567 500 998576746
824 791 367215475
526 674 287558946
511 698 997880774
703 403 996457999
427 579 997131340
972 90 999337604
997 717 999065767
963 628 997905536
231 156 996309752
864 894 848652249
948 855 999867330
351 981 367215475
778 858 961965675
708 871 995984162
931 404 999431086
986 960 996502824
173 545 996733550
872 765 999363970
886 867 999792072
744 159 996301911
741 701 998307120
794 915 995776654
808 791 995719989
870 973 999658202
895 830 609364239
949 956 997381015
874 652 997630634
349 362 997165540
183 551 996932850
242 739 997119469
860 833 998444628
384 938 996517736
901 259 842416016
626 959 679439949
101 676 996911651
226 909 999161822
787 10 995644605
442 794 996628776
995 253 996393772
754 708 997817659
804 326 995776541
867 997 999577038
700 911 997334888
911 459 999454343
493 869 996575750
654 459 998580222
106 330 995758138
519 464 229997559
662 505 996927243
864 695 998327689
763 650 999851206
880 745 999332267
26 900 874125993
39 665 747450609
637 46 998672520
651 703 493813319
815 755 997277848
306 228 551796493
988 998 997197091
304 601 997262632
961 999 999733372
988 974 997674666
896 955 998799571
791 794 997495263
540 279 998247039
859 302 998175995
426 236 996652266
121 266 995948098
211 544 261941285
863 610 999155960
320 646 996195193
429 630 996614038
655 82 999831231
719 299 997915395
591 649 814603481
229 863 742988147
711 856 561219622
488 626 999881247
625 264 997814682
578 412 997939937
996 988 998631236
996 934 996420566
611 623 988045513
846 914 996618009
840 753 997513002
345 319 999031840
364 884 753493203
694 231 965030838
219 780 998025876
137 714 997427993
665 673 996839213
842 464 998119544
971 968 995564257
323 824 997886146
585 833 999052730
27 607 360949715
164 508 999585366
306 934 999719045
152 899 404136676
487 107 352195024
992 733 996905746
768 614 997644854
952 405 998796962
356 190 148129956
16 15 996694193
17 2 158254481
690 705 995514744
960 964 997600861
155 99 999122524
810 799 999634414
642 849 996704777
728 957 861627420
999 239 996234155
419 800 999892687
877 481 998284784
98 258 832659530
45 213 999702468
766 711 997322503
648 995 262696597
604 322 996573735
791 948 997559501
855 321 669199712
961 865 396032384
897 834 998285913
902 957 996426065
249 335 995670498
936 859 995961674
909 805 999587126
492 357 995868799
866 806 999694873
1 326 984501181
890 999 997090685
777 779 996329883
508 872 996898122
650 703 997934887
942 850 999555485
777 451 997985957
997 949 997782226
927 633 997078504
690 267 455657286
934 497 999111936
895 852 996577785
655 395 996482066
606 315 996832156
429 733 999108434
743 881 998752971
821 515 999329375
223 920 999391938
316 263 189004964
582 784 999468987
97 318 998854019
406 149 996318361
574 275 997468355
729 79 428205559
274 192 998359685
726 939 999311743
540 265 998737627
703 695 999874777
764 202 127271978
840 731 997646400
881 625 997513023
302 399 220271272
601 638 998185292
299 184 995639986
311 660 999928587
787 465 997854124
967 753 995561287
194 174 926042867
758 242 996227611
384 973 997618776
232 945 666941573
1000 999 997719770
239 566 999418615
519 767 997688060
799 824 996939027
191 467 997312707
985 871 998938272
441 632 999538539
397 539 998120741
889 967 996045229
962 521 995862981
297 549 995838266
989 994 995972320
585 447 998963049
247 291 996845132
486 556 999176885
991 989 995744111
877 27 999956635
817 810 998594229
180 591 999639901
824 979 997921517
806 20 295419644
287 199 633145061
454 558 999829204
802 680 998242529
799 422 999247081
751 170 997399518
703 672 996644748
526 944 997498373
11 328 998648950
379 311 771651580
223 677 998617501
91 265 998258889
334 755 996902637
801 291 996648246
602 59 998484249
656 264 997239777
677 369 998526875
336 169 856178040
506 439 323590538
678 831 997921764
994 992 996416661
448 184 999163985
911 782 998562528
680 236 996521854
347 582 996372742
161 298 999249057
431 973 996933175
887 824 997298110
998 949 999224474
843 553 999927777
486 848 473482146
311 709 996196775
928 889 997618305
881 812 995618916
850 838 46974460
617 628 997938311
905 421 997861750
591 486 996783772
737 639 995887593
906 325 996484624
258 897 999162689
816 567 999845897
3 971 997089330
82 235 785450743
766 966 996696214
991 941 998551609
440 435 997442477
869 961 996406309
268 112 999828040
959 731 997218575
963 684 999576134
887 113 999819631
526 693 855572960
814 336 996454158
6 758 423789865
794 861 995703136
648 695 996041671
845 154 997002030
83 549 997319466
904 858 999347969
984 42 379226814
975 977 999031146
622 725 999955805
362 961 997308596
976 683 996723189
505 141 102253744
561 55 997606574
623 989 997528979
549 273 997264785
766 562 998943127
584 378 998545388
601 682 999814340
788 465 999488710
120 30 999519648
494 607 997166330
888 4 998383643
613 960 999289632
756 841 997847293
930 565 984501181
858 98 550102113
474 471 998913535
859 705 998576246
176 702 996643975
19 431 998996544
774 759 964080376
842 869 997991351
230 87 997646116
259 912 998056387
647 524 999175624
775 282 264686383
216 863 996283847
820 364 998282189
977 978 998118248
45 922 342493423
959 935 996064374
518 905 996273851
743 959 999877758
615 511 996999113
803 286 908687317
670 457 121824031
634 100 987075387
746 647 997843974
39 900 636167211
883 514 998029287
864 923 996783248
815 906 996225612
734 937 999780728
21 838 996782844
311 121 999411160
915 866 999449316
360 227 995686047
712 984 999752142
888 878 999235045
859 872 999412235
906 625 998158655
914 792 997350674
728 863 997668580
98 446 419462157
13 896 997026860
371 999 999351325
483 979 998940809
635 540 859535804
81 521 996898699
13 686 998042221
361 838 997743399
380 834 998041193
531 646 997678337
577 20 742988147
889 325 996480613
786 665 85732242
404 525 998473051
66 583 152471045
792 649 999347454
75 984 997257851
955 413 997767413
196 332 999810199
308 60 999113965
93 843 996390357
48 816 995813935
121 54 711760406
834 744 999296528
592 870 996416449
140 595 997216056
961 890 997563900
72 872 998257100
527 479 996552570
587 98 999453175
860 865 997436735
396 606 600441728
858 123 798528113
90 746 996862142
540 107 565994618
378 672 999392492
868 477 998823118
1000 108 996707947
182 89 998785130
466 82 999174603
878 723 999511025
354 757 998635535
758 275 538033602
36 811 998091277
707 941 999064100
520 633 991536872
500 396 999656692
830 909 996486413
875 912 999304984
908 770 995969773
8 481 221785655
933 901 999003094
445 173 496431996
997 992 999374079
707 3 997942992
896 403 995662296
639 152 996738401
677 764 997314394
475 891 997167283
161 390 711760406
220 836 997559465
764 802 996628857
866 557 995612694
791 776 996199309
741 414 996118356
523 568 996372317
703 939 998135331
890 330 999746028
178 661 998241311
637 972 996567744
944 832 995558419
468 30 997165273
438 304 998894025
919 747 996296069
917 892 995629639
842 741 970093151
912 936 998348895
738 791 581522335
439 378 402092443
361 500 416426917
920 458 996357638
371 317 995893853
715 150 997096760
277 419 997706823
157 776 624676000
934 721 999432698
695 249 911560929
229 794 996285511
570 999 996497781
609 696 998072215
153 168 757692443
328 276 998185000
505 588 997663475
386 545 995867571
628 499 995939830
602 777 996064726
96 876 349456080
902 992 999612611
897 828 997327371
994 733 996956625
267 854 998532247
845 400 995926142
673 740 998573772
87 44 996544017
607 970 997097339
861 827 999159259
873 690 999329021
338 372 996220135
362 720 614446940
51 936 152471045
913 318 996634690
927 767 999665712
324 506 998239612
366 694 996584575
151 877 991903225
485 349 333397185
893 718 996595582
765 632 998648364
919 930 998295660
777 849 996158063
301 491 456088608
699 964 898932309
621 703 618992720
741 886 443270016
645 887 996564133
148 825 995954726
65 366 129067777
908 983 995707328
975 913 998020899
173 310 995968252
488 828 996967189
939 907 999325347
40 283 758001304
324 665 997880631
784 411 398145738
813 941 996913073
72 824 998069208
508 593 995909684
561 586 996838049
480 278 675978987
576 125 997260704
755 436 998598291
672 902 997607328
896 899 998340128
983 951 997591770
958 930 997454519
414 452 812583426
771 773 997337441
537 414 998418790
696 954 999274424
788 470 997658662
195 797 979494937
203 947 705385476
957 941 996065723
188 627 996480073
253 108 383179850
51 648 995940345
645 847 996740548
788 633 996693931
792 188 997827772
12 637 997090612
986 807 999124249
358 710 998371196
395 638 996039687
977 957 997911283
828 891 995639849
96 405 998379833
774 780 997630194
300 933 996597612
22 366 113043376
116 684 999253718
301 449 996204956
419 952 997917991
721 601 998171419
131 319 997697225
559 675 996636539
752 960 997039529
993 992 997273144
653 172 667136163
727 834 221785655
704 724 65767277
403 485 999635533
867 616 996025393
246 295 754010527
355 328 999636405
305 642 995760586
865 25 996682577
856 934 996652273
884 767 999414555
161 439 995733180
300 889 163767221
866 658 998717280
289 28 574787404
840 584 997147911
251 921 997442778
652 455 30178899
518 821 999924558
407 809 997608091
928 812 998120813
978 927 996168175
900 855 999260498
829 474 996957580
537 630 996222657
521 726 997392135
818 643 996098059
300 79 997541458
793 693 999975599
930 469 367215475
939 333 998237369
931 59 998037955
703 545 999296609
1000 989 996979806
208 685 147739253
766 669 998185552
562 533 999053736
846 147 997136764
177 711 997500557
128 565 999487532
993 988 999438060
684 769 996473590
45 914 928999692
807 798 999255658
757 649 999476162
762 157 997083007
886 596 996703544
766 256 122266139
766 184 998086457
909 964 999999024
364 375 998348448
929 492 999904697
635 131 423789865
536 77 970093151
726 996 998774810
59 283 503018784
576 881 998113755
213 44 997713559
421 748 999839019
764 762 316080055
875 752 997462522
800 932 998589816
614 488 995784746
33 660 997978547
499 832 999830987
262 484 997219053
33 775 996669575
335 560 995957442
646 501 998368496
595 20 998647669
894 668 997100806
965 830 456603665
977 483 998384802
438 238 998883404
905 851 997535640
653 361 998758197
326 112 955028377
911 719 996238138
331 767 999285331
899 424 996805486
997 998 996154203
611 788 998269719
882 526 999069767
987 376 261941285
890 232 999067585
74 405 735314244
789 631 996949728
272 374 18343705
879 542 997610906
6 227 593721139
160 52 996546884
514 551 998367610
928 513 998629062
110 971 576395151
360 709 995754591
338 732 425237665
546 919 995868201
105 767 302056402
134 247 995783568
35 482 999044334
623 973 999451735
215 864 996609963
861 721 995594857
497 236 999690163
35 601 999989625
594 391 996824662
116 394 999427873
993 876 998382865
144 266 995961954
770 842 241704837
755 767 996311808
935 584 996299579
741 29 997893433
454 945 998416051
837 979 998551518
381 604 996810269
187 146 999667200
24 559 997413039
316 981 996314037
924 845 997369344
638 652 999320606
514 684 995672465
663 205 199741336
530 889 998242788
910 705 996239618
77 186 999154631
951 888 996222482
626 329 995839398
524 359 409729008
926 777 997547459
159 38 398092489
690 21 28767247
557 558 998376081
983 932 998116813
829 917 998616263
740 923 997664150
940 919 997382002
811 164 996604909
307 689 658605050
708 222 905164409
850 167 996132494
920 37 996570086
436 869 998718826
245 947 27776389
942 906 998259871
366 765 997509949
164 144 694684399
289 455 997479446
255 965 998148276
683 375 998502502
877 681 742988147
773 189 999688621
545 989 995878688
634 228 997660808
989 964 998994469
771 716 998057323
640 729 998135001
27 692 999595045
309 139 995979420
770 861 996183850
909 641 999570879
262 816 426873747
972 918 997474984
51 495 998920548
444 548 703794691
715 299 576395151
648 459 999064212
164 604 998338498
718 374 996864046
33 928 16568656
387 691 996622950
694 819 438708602
890 878 997802250
739 821 999878659
327 830 528015437
392 190 263197574
158 161 996950997
912 927 997372628
698 544 998495843
384 929 999620680
992 196 999866593
744 830 999997119
592 232 996490030
596 906 999643454
512 921 996966898
396 817 999672389
848 994 996146625
613 453 997410062
768 584 140127278
884 172 997483637
286 331 997046927
576 646 997181719
695 511 998535742
277 931 995716840
652 887 997029796
811 928 999227827
499 517 911560929
472 507 999895215
303 568 486666867
311 889 999289222
394 177 998684770
940 978 999081661
592 549 996418647
705 933 995957634
31 390 878253615
815 998 996461052
841 909 999930532
257 436 550102113
848 874 995585150
407 953 998892918
701 283 998336639
484 940 974739735
505 447 995601395
429 266 998533858
297 981 999197790
930 547 996011772
885 712 997021710
168 185 998266178
479 271 761480777
813 966 999144061
263 988 996401948
909 430 997006321
761 911 998550391
495 210 888674095
998 263 2736851
589 988 995987901
678 419 998885925
74 787 5404558
282 767 999976134
369 357 999573037
987 815 997667827
328 432 999875776
733 919 999094911
370 459 788352136
519 581 78712321
89 983 999477929
814 820 996404969
798 349 999131483
854 907 999592765
141 412 995571441
649 502 996818559
13 759 997200780
67 443 999683352
954 851 999195895
979 971 997147375
143 552 404852532
308 197 996158447
866 999 999863916
64 293 998034577
728 990 995944552
861 436 995519822
784 516 997200983
540 899 997203247
900 888 997406048
754 875 999882497
823 924 999948545
401 511 998724350
808 407 995636585
791 528 997050130
143 932 998040966
954 442 996711525
114 3 662567661
963 607 996320429
779 45 996233447
82 182 997755624
350 224 997598780
789 839 805771742
667 386 999090745
714 944 997338933
709 395 996015460
81 75 995945759
942 670 996928843
74 472 791731063
576 335 998620283
244 847 997195031
839 631 996571605
588 479 995928212
838 961 997221749
796 785 999460424
326 353 140127278
933 36 997116331
596 865 998506173
53 223 995975459
43 747 287558946
515 688 996041999
162 292 999040916
215 259 995686324
418 717 996106717
552 928 998680901
905 987 999033803
385 165 999953071
18 872 998125660
904 946 996681759
3 904 998162963
861 666 996895623
451 767 999629091
371 669 999963691
710 952 997533171
906 909 997897940
801 683 998407041
793 302 997728949
662 869 995969890
624 511 996970200
711 150 999739576
355 948 996785281
430 371 918260240
584 495 996240920
454 864 996579035
443 414 999902944
791 940 996853973
735 755 999916067
516 651 999462210
998 937 997799414
208 698 528015437
368 54 633145061
828 956 999994204
810 427 998861358
497 942 998135415
887 817 997203888
785 787 995917507
718 861 997290096
21 271 995754761
554 888 998786466
6 458 731062220
980 823 999892330
811 838 997294695
797 972 996849933
65 574 996481553
107 913 623639468
959 948 997048701
923 462 997876807
632 455 998367493
139 256 129067777
340 423 999570742
968 857 997393448
519 125 997841233
680 671 965030838
805 586 997668595
688 634 996011065
543 892 996590970
999 917 998135795
927 614 997984003
945 634 998057692
672 934 999058995
917 822 997991731
995 1000 999309074
151 488 997461826
819 779 998916846
486 858 997915265
860 855 998043356
898 830 996990964
372 277 210239287
720 642 995597338
117 957 995626683
978 955 998475191
105 506 996270835
369 885 715257980
834 327 998184103
141 9 711884802
283 618 997565998
820 673 998876616
711 136 388993182
885 692 771651580
382 148 999634378
71 17 999974527
753 581 999521689
67 978 996181684
484 946 997066495
731 687 999077748
814 762 999335533
818 940 997572435
178 604 988045513
897 892 998051549
948 16 998866916
709 988 999761879
587 480 995914990
609 217 999302597
815 283 998108082
823 439 996296222
534 598 997491706
816 863 999710747
261 336 997219632
999 902 178847932
988 989 997778820
833 936 996049746
24 744 997015910
187 33 998853556
849 754 997585389
59 162 998474085
138 883 999052797
678 108 998023743
956 986 998873734
760 290 996747354
731 256 995717444
267 499 998135282
561 951 57221408
585 662 995964284
935 891 998054976
215 920 433988697
163 757 996163546
745 839 995919746
733 838 997411691
983 907 997077418
868 988 998342995
871 892 997001712
739 676 997113367
945 917 999348971
787 616 353475558
256 678 997575179
624 763 705385476
241 755 998326228
370 443 998864787
343 210 999072908
313 662 997566053
612 648 995671501
514 318 996408009
925 7 27872380
127 318 379226814
413 475 905164409
35 330 954525930
920 907 999197840
99 59 496431996
750 841 998592688
712 205 443270016
943 997 998511527
201 741 997265424
516 245 997951285
409 211 995562466
786 909 996616521
940 607 999120490
375 410 998496623
375 379 995961025
337 874 995752532
869 434 281943194
781 610 998403061
365 709 997161876
646 349 998612777
853 982 999492384
190 283 566917033
367 780 998201887
791 936 997054121
812 878 999173363
966 953 999250252
872 310 996773421
939 970 998559885
461 99 997242002
496 802 998068210
431 411 999119919
953 925 998959093
148 868 998758024
860 854 997099197
405 576 539261227
490 444 997002161
574 581 995854217
618 83 467860974
132 452 998238520
535 981 995591476
599 699 999132006
494 793 995740237
409 973 996311526
940 879 998360958
646 255 495054444
354 637 757039718
340 469 995854334
421 836 603346901
936 464 997635609
169 481 996074515
167 590 157991631
689 942 998096481
675 73 879764373
754 337 997584135
940 943 997190866
784 992 996089478
766 352 998192681
888 779 220332660
534 680 995588653
483 538 996422875
354 502 633145061
830 619 995965216
468 513 547124612
651 262 997237784
134 900 998838047
789 761 997222174
978 956 998120605
512 950 362138904
517 403 142081456
587 540 999621452
377 453 996220420
860 488 624344110
704 811 996123093
942 868 997704989
167 399 997287494
716 785 308305873
438 540 999499115
516 325 996038112
608 833 576395151
833 931 998932891
386 660 998386800
512 12 997743203
763 160 998590774
887 409 998841797
713 779 997958338
762 270 998975985
726 872 997967687
312 808 996981043
994 863 997841191
137 942 996481181
157 635 996197131
356 822 997580648
578 508 996976655
729 32 999193466
382 991 999934737
882 893 999493263
706 806 998819375
1000 998 997825668
778 676 998450608
440 730 997037320
836 396 998914956
727 873 995840190
522 1000 997849184
915 114 821442535
324 503 999632034
724 864 996183882
815 947 997143998
926 484 398999028
273 773 998670305
374 323 757692443
605 770 998860524
108 931 997850952
987 938 997363277
270 583 998522303
398 222 997712114
234 178 995860694
510 557 669199712
379 840 999594054
143 405 996792834
75 300 105458014
3 319 996787288
978 316 398092489
496 71 999689346
340 54 998654695
687 548 997518280
316 688 999344161
944 167 998864264
744 977 997240840
796 529 997072383
332 2 662567661
175 825 997986948
943 848 998423977
330 546 996612955
949 792 998695182
820 807 998731954
923 807 999195914
676 486 998280211
787 287 999090658
810 928 998915673
921 739 997435487
994 995 996031030
769 836 999948347
116 24 127271978
488 880 998109616
204 505 261941285
848 147 563862873
780 350 806059466
819 725 997548554
509 571 996117729
718 123 997979800
735 993 999030835
849 916 997754508
299 911 995565146
1000 970 996776650
890 842 999932622
869 158 997761099
231 471 997338425
836 745 998595667
473 749 486105587
439 465 999122377
958 222 995677209
955 166 998772904
187 79 551796493
150 969 261941285
12 525 999902653
965 840 997960695
592 606 997464148
395 343 996670275
403 514 996517926
896 877 997306454
776 882 999611027
991 781 997423899
708 992 998610049
199 153 997261961
24 469 999509493
790 208 12227017
236 973 999122234
3 535 695170648
719 43 996975845
127 339 997181955
741 574 996970135
906 181 995812863
598 595 766127295
412 631 996430291
712 794 997574305
858 634 996505083
9 66 996418628
530 677 998885029
919 944 998889310
682 923 998621787
508 978 998786145
475 223 996948959
838 921 998233274
903 824 997528331
647 592 486105587
917 925 996603053
308 603 998502723
791 384 998434215
420 344 333397185
61 802 996376755
981 762 999135173
396 876 998904292
359 810 996886594
746 708 997805056
934 678 996126280
460 536 997137203
64 470 871364126
803 273 509539964
494 920 998806314
86 798 995828576
716 952 998465712
103 608 995911260
96 81 997087228
806 145 593721139
579 647 997079196
286 198 996822555
710 755 997370367
416 191 996841667
637 329 997617573
650 611 999735128
5 630 944688791
741 507 998060007
464 53 996730087
602 607 997659523
452 401 592044609
807 249 996831364
746 907 997863723
954 671 997928708
463 960 998711031
650 986 996778113
299 856 996715426
819 706 997214131
908 521 999861161
416 562 998097566
517 981 998196167
998 946 998699589
900 780 997494538
936 910 996055768
863 315 997208312
696 744 999881798
920 174 998416984
215 664 995994084
182 226 999589898
742 734 402092443
163 850 995831209
605 626 998635493
480 748 997304842
716 957 999521106
392 551 928999692
126 994 669199712
962 969 997237792
531 550 998276806
46 234 998434558
386 170 39820165
278 34 996991781
767 770 997038004
918 753 998611214
187 410 997077964
414 561 998756827
999 23 998093365
977 686 999989359
893 922 999402562
52 387 996735328
698 543 431009274
595 756 997673504
814 513 999494865
928 988 997955821
699 458 996945751
85 250 999187248
237 787 999671467
143 23 998104484
369 259 905870962
165 529 217073743
506 408 997862068
438 311 496431996
168 609 996352246
124 531 997248665
143 197 456603665
575 783 995845554
101 293 997511437
938 965 996139340
409 77 997264240
18 502 998818680
973 961 996217127
998 996 996820752
708 684 998215467
673 850 999005087
418 471 727012339
743 696 997448047
621 181 999300125
944 509 996552644
331 614 61774416
501 466 999534775
623 948 996352358
895 889 998115201
9 19 995685431
805 930 996190608
916 909 998423345
41 744 997025392
659 709 996305028
765 254 999339886
39 856 996379767
591 930 999950110
752 853 343256082
339 6 999223987
820 889 995517622
710 950 995796151
824 297 418555878
957 269 991092112
215 224 995875083
68 283 999550836
532 846 995990680
888 919 997255264
767 729 997044523
914 248 996717855
507 772 999950022
947 454 997864433
915 949 999439052
776 936 999808416
455 637 999481110
336 410 998641456
328 358 997244183
491 640 999313640
856 913 998054971
591 221 631979428
901 930 996286691
58 659 127271978
205 895 996245232
779 34 877904547
858 996 999164466
317 794 999140191
408 859 996158271
807 670 998471690
427 863 984501181
839 541 996623083
441 521 997769987
886 455 426873747
507 642 721548971
816 538 997136710
522 875 997280260
801 838 999606334
898 941 998472527
378 291 996098397
941 592 995746511
62 590 996194657
707 535 995937969
304 865 995794744
135 967 998645516
958 926 996730989
705 706 996392746
291 514 454898314
490 377 997499347
54 699 393869705
576 336 996341165
439 189 996939018
18 128 996463362
98 933 234370658
657 788 999653222
369 765 5629086
639 273 842416016
157 226 999631043
745 949 996337017
697 724 995686697
897 980 998894804
959 848 998706388
189 521 996302386
815 201 999231479
276 555 996118349
131 797 998260215
160 848 998331624
335 735 645792625
275 800 408242117
878 801 705385476
599 391 997257680
760 288 624676000
723 187 995723705
55 539 812583426
990 743 999302562
871 86 999294051
389 189 991092112
7 189 997014987
907 438 997550329
936 599 996963667
867 375 996169705
340 1000 996349295
321 396 998494407
296 372 999577061
879 132 517351012
526 592 997875153
786 570 998391739
671 433 995702231
698 959 113043376
147 804 152471045
138 955 996774759
971 860 998412733
873 892 998847726
481 980 136618480
920 853 996958836
649 589 996668025
609 531 996549645
402 561 997329556
579 879 995533312
54 30 995560877
409 872 549000162
942 643 997354927
805 692 996641317
91 752 998518452
700 843 997060335
445 778 999111555
922 930 998613767
988 956 998678742
516 282 995820999
803 92 995714368
108 283 998851213
47 704 519073515
367 984 997886661
985 1000 998992445
603 445 998023388
728 641 997132314
970 838 996715863
996 292 460597528
752 857 998630226
910 752 999719932
214 531 999549218
778 371 999069202
154 934 997436607
857 839 995866666
916 36 996162909
364 421 999069096
916 970 998478913
597 673 669199712
325 848 813683587
206 959 998149549
835 815 999795392
664 472 998053374
336 942 999174802
812 721 999954984
560 772 995730148
153 865 999231884
956 231 999480635
844 9 636415069
826 953 997096726
116 302 996334504
861 719 996976645
808 494 211218002
975 981 997825005
821 315 996481453
824 864 999997272
710 269 991092112
902 932 998724053
514 170 999808683
546 173 806059466
742 841 998024306
562 512 998832089
983 324 997301301
803 960 998621978
400 779 999525787
796 429 57221408
587 969 997173803
696 702 999279406
462 165 995668754
391 655 996157663
372 7 999358065
220 177 997602232
649 97 998427370
154 309 418693258
395 230 998482805
792 853 998194133
882 71 996915106
816 709 999690135
925 822 995844157
924 711 995964274
661 430 113054973
646 736 431009274
438 372 998069183
864 592 999823229
998 932 996630094
847 800 996533331
967 875 996936982
722 957 997174186
497 605 996946944
32 552 998910778
581 533 999215224
805 774 998993069
756 940 321799005
245 811 368239638
688 737 999861108
811 953 996104412
347 128 235753431
588 522 996572235
802 337 998308398
391 832 997356765
970 807 997837404
885 954 316080055
885 983 999880675
42 780 996377747
971 988 996525898
469 346 680057249
805 947 997767989
246 666 998890240
196 589 996919650
882 696 996309063
799 874 999485414
255 338 997222270
993 615 998342876
316 883 44638294
925 870 997440187
766 234 997318401
439 709 999129821
206 925 564221992
940 969 999266740
634 782 999307380
679 829 998994356
344 328 996180520
746 395 388993182
984 995 996844082
393 636 998677536
347 509 840226051
346 720 998139602
201 839 999600802
85 443 742988147
897 889 129178446
853 463 352195024
982 961 999258391
763 914 996006425
795 819 104666127
913 900 998432204
11 86 999077517
457 288 999828415
415 923 996450810
767 632 996718861
431 176 65747288
902 948 999191155
303 290 998642504
882 984 997939574
523 532 998038804
542 444 996280826
105 279 718161480
166 180 999369657
880 917 999020279
759 817 271697275
721 488 999245106
890 666 996108032
637 422 997816598
299 447 999372743
819 523 999424123
115 572 998731645
660 983 997753893
676 804 998005165
502 624 997745341
726 614 997909266
985 994 999820912
679 941 996512311
669 977 997630177
756 509 998273271
680 33 997898520
348 392 333397185
931 600 997047344
241 547 766127295
641 997 418024544
799 987 996760954
352 52 333397185
147 732 997065304
963 980 999646946
804 912 999262941
909 810 996241406
231 357 760772718
600 619 996296614
931 613 996620733
221 701 995868589
112 153 998250881
671 976 996854834
688 677 997665348
930 934 231952206
575 360 531862341
106 400 999453524
834 914 737557414
627 517 995665811
266 345 996507179
900 910 999114000
867 679 987075387
843 996 998196363
798 931 996462479
756 777 997105978
467 407 292865204
779 171 997335286
304 209 636415069
645 471 997670783
497 478 999433038
583 630 996060167
988 990 999811521
838 454 998841608
494 517 999371873
997 83 998924437
24 520 997021655
964 965 999677881
235 557 995714199
526 27 999153145
994 237 995611751
613 343 998431699
773 527 998139438
929 947 999936919
261 943 633145061
425 131 995845600
877 955 996678756
988 980 999254718
435 629 996437906
957 808 12227017
260 392 995841506
985 832 997269302
966 982 999116990
548 760 999574199
933 922 997455894
872 275 999248264
557 611 996047825
615 371 999413803
97 218 999136867
696 879 999162095
142 908 840226051
910 984 997411595
493 700 998332683
786 872 995895400
877 703 997726868
730 522 62427934
854 147 287558946
963 923 996504148
96 849 127271978
3 66 235753431
891 839 995518923
294 940 995817910
433 259 999810539
289 835 999914068
566 291 998710568
323 693 998336598
429 80 954525930
489 274 996597848
612 470 13212041
3 267 998881853
990 970 998545423
191 50 88951320
931 667 996887209
789 916 998367983
483 261 398145738
234 335 176783169
638 516 998623773
38 819 998596620
716 129 996033908
831 865 997445269
820 909 999688539
725 828 997810681
16 841 996672874
871 876 996952690
391 799 964080376
403 888 998442588
151 637 996233230
642 207 554226991
472 996 995527690
545 518 999367777
788 985 997980982
865 640 996871554
590 94 16568656
883 109 999014873
121 233 996787595
693 291 998185021
905 121 788525470
828 75 998225918
527 732 997599810
259 160 292909567
909 303 999002408
811 576 998112679
509 648 167366628
640 480 997669919
892 235 995729836
839 783 999002467
49 959 997068380
795 336 998858783
796 647 997040457
574 816 996415285
269 851 999382922
550 851 998111711
656 893 999230196
775 857 998653052
904 796 995961877
488 486 997345114
351 585 998265501
911 686 997097979
935 910 999222344
816 918 995700824
79 306 999878073
605 38 999475754
541 25 139576802
789 962 996477811
196 631 905164409
990 838 996821403
445 578 997957294
84 91 798528113
791 268 999043527
885 887 996855071
984 956 999147182
235 910 998630892
931 971 997922127
896 470 368409599
812 560 518786046
643 224 997687752
375 123 998786025
71 994 233766900
468 933 997114683
428 665 680057249
847 900 997299412
879 645 996811383
328 727 998624745
653 668 996860870
615 805 999629054
479 823 998988838
951 957 997988761
327 916 996572753
459 685 998049682
583 476 998412403
372 830 997691534
158 532 995666389
641 760 998404521
515 801 999866341
585 763 997853535
762 940 998012979
803 182 996222356
861 800 999959592
148 167 997988203
834 803 997466477
138 880 5629086
88 265 817570504
142 607 939986888
599 393 644635073
672 658 479607858
939 97 766127295
902 667 998910529
528 293 995546008
742 807 998261146
906 62 292865204
903 715 998623338
760 507 97577891
162 9 998819136
79 600 996410071
628 909 999399102
316 448 383309273
587 41 999503807
803 728 995799168
423 583 997403496
593 538 117286312
976 872 996637372
994 996 998379836
862 917 998525290
773 312 677274918
48 443 997986489
635 529 998596863
974 159 147739253
986 973 996397186
223 731 995687324
563 522 999880545
829 95 997514856
981 914 996187787
28 139 995647350
751 595 995993331
659 976 996582934
761 550 995838600
959 904 995683082
546 437 997901764
645 459 999149132
741 653 996869885
217 311 409131596
416 16 997309382
354 457 999453255
650 978 997771274
323 58 997526967
367 568 996033902
401 909 996925786
663 620 995799662
947 591 997152036
238 694 995997935
641 758 996236856
737 180 5365562
16 971 997306494
888 164 998117515
779 995 997381105
895 484 999104740
136 238 997838480
198 552 996595257
958 866 997660614
537 457 995878726
963 984 999891141
286 549 995637542
918 464 999117287
879 888 997767228
315 470 594485290
433 512 263197574
775 32 999679895
500 24 997611519
837 929 999657201
68 777 999633611
315 418 996757154
638 534 997627687
717 583 998125137
886 621 998364538
68 26 199741336
594 680 998365359
952 1000 995532590
769 759 996480502
977 984 996006111
950 931 998808766
856 643 999405924
889 977 996414374
806 834 999718684
485 602 997275503
901 542 996329773
116 292 996734936
938 973 554226991
695 388 998956619
555 233 998107423
99 545 997836469
934 308 997361995
792 550 234370658
11 534 997099035
869 606 113043376
392 910 999962339
896 951 999188783
713 336 189004964
348 763 997638816
158 131 996295331
461 689 997146237
1000 975 996399903
327 690 793877822
405 711 996817422
874 105 998998564
335 785 996316990
987 980 997406395
993 968 999645157
880 503 927098261
831 93 675768290
741 581 999014071
603 186 729236283
320 310 996378673
743 873 15366580
235 582 998421519
994 971 998732339
972 651 998712833
475 520 927098261
574 640 998906956
981 243 211270692
888 902 996842740
626 405 999025244
288 574 998338928
813 700 995624272
359 300 999894597
766 141 999378795
948 924 996756724
228 736 998146307
196 410 402092443
238 8 996778112
859 190 998477165
893 577 998669774
412 197 997591291
408 983 997162368
449 859 999418780
153 628 544011101
818 798 997648142
542 555 812583426
253 656 997161584
1000 997 999356242
954 320 998787088
754 415 999071449
972 998 998517197
162 551 998612779
568 589 999263145
832 827 500377458
671 462 996218111
660 545 997319554
953 412 90460664
207 719 995644438
435 412 997060539
404 771 999720196
782 405 997934653
710 763 995548871
237 154 997962244
250 746 921668407
49 770 998064728
427 523 998309627
985 978 997870162
503 549 572297249
508 405 997546464
806 902 996872242
486 62 997328136
967 691 996026232
844 757 998785611
280 412 997621720
5 484 998370326
940 212 999533063
713 553 998038558
638 444 995835226
377 571 402005327
350 553 997489233
659 295 996414673
835 774 998421477
739 465 997442428
216 918 429067525
450 617 998677107
762 746 998433239
428 159 996039405
199 205 996736511
708 659 997105728
684 776 997513944
511 603 995794828
697 325 242385695
909 391 997089895
975 998 998454899
63 344 608301954
791 495 996046917
539 882 292909567
572 484 998453855
184 172 996689658
512 638 771651580
503 531 998429883
949 982 995638342
1000 984 995818815
693 598 998550619
539 123 996813988
971 972 997171283
966 430 996274818
304 264 241704837
910 930 998384540
262 77 996140891
199 646 594485290
669 748 304074277
493 922 998621293
842 883 995699935
795 581 998442768
998 745 999336418
959 892 998813532
89 779 999118657
954 918 996894615
416 461 998381948
586 107 907241951
909 951 998610902
304 49 663381037
774 61 995748323
691 126 996766887
383 859 999777685
935 765 996679384
745 559 905164409
425 231 997645381
59 578 997606162
643 470 998599558
829 975 995845661
812 305 517351012
148 654 999771666
481 178 56785938
49 34 997378346
619 983 998474482
791 558 997747207
548 281 715257980
173 817 997564872
489 568 996933710
578 231 998006865
556 421 852595366
358 868 998090914
997 524 793877822
397 1000 872443998
294 39 999690029
889 636 996894166
214 229 694419013
594 779 997988716
271 352 996822420
379 13 995667230
497 513 174735321
915 973 996494973
177 945 999322492
679 753 996841809
491 580 15366580
55 974 995545545
188 580 998838252
580 334 999295749
185 965 975113664
899 413 997076450
193 681 997554739
314 952 666469611
605 919 898932309
695 600 997346907
828 796 996723969
681 649 995566479
441 844 367215475
956 826 995944360
970 811 999775271
385 312 996458565
519 284 997944120
275 962 999450204
627 568 999581232
863 711 999968144
970 959 996655813
616 546 998394822
687 102 669199712
163 504 997541945
967 133 999176851
931 851 999000844
765 293 998633217
800 977 996599015
349 10 997090900
913 383 996540658
514 601 399687881
586 843 999313168
673 587 918260240
959 782 998895047
24 32 999093659
477 778 998688692
585 808 995895188
484 114 997434327
649 147 999060070
860 766 995939021
677 813 997148863
909 825 997303739
331 277 999304582
403 996 997579412
800 958 182243904
753 278 61774416
981 877 995575950
907 890 999984235
683 477 998486035
742 310 998530417
334 588 998545265
319 368 398999028
634 986 996354809
771 15 998168403
824 905 998124799
924 954 997660416
895 516 997526950
359 476 997838623
961 692 16568656
946 951 996677529
68 609 852595366
821 913 996181206
724 658 996360627
891 907 995842554
701 16 928999692
846 996 997967766
904 929 997014687
54 954 999536229
797 756 998921315
239 657 384906485
314 161 998986287
795 933 999801496
807 776 997633069
25 746 995652733
361 517 996690480
851 971 997133964
986 999 996607899
946 375 997476884
490 659 996408003
34 916 147739253
734 918 997534661
856 950 998773283
878 401 998013607
795 433 997031283
927 999 999841244
782 846 996197957
985 999 995565049
803 595 996023300
440 710 996802498
253 417 694684399
450 293 412874748
973 357 998186513
871 57 997811150
875 779 998283162
632 670 404852532
666 984 504591535
475 452 140127278
753 841 996405418
966 733 997497041
805 488 998348019
382 436 5629086
830 739 997771390
782 934 999785333
558 378 997874229
41 241 997113619
99 431 995643805
467 66 996633704
308 380 167366628
738 754 997500678
699 975 996392401
943 736 996165124
42 729 996419989
686 637 997324504
990 74 996666997
487 802 996875761
378 825 998307285
868 864 997280467
774 878 997213236
580 687 999338908
610 704 997983363
947 833 998841614
637 738 997180313
806 524 999132335
447 839 847230729
637 111 454312615
453 670 997182700
819 874 368239638
168 1 999687391
364 205 997316452
447 717 995703253
675 602 997709993
924 599 998203373
615 21 998981716
631 693 998223419
967 820 995746991
927 350 613598373
989 979 999325582
953 957 996247208
507 79 878253615
427 952 997751144
993 949 999479737
276 279 872443998
516 285 604038507
949 974 997270173
997 985 999643670
569 737 398092489
765 575 999519275
199 594 996426221
129 462 997936930
669 594 996389890
597 601 995544269
823 700 998850621
299 532 997062499
640 695 996722169
898 861 998459748
893 937 231952206
171 914 996239565
164 332 998153831
353 649 999014605
564 397 162801122
61 69 517566868
963 778 997517774
603 620 148129956
986 938 997763670
128 468 997676194
92 135 998137954
902 966 998728814
526 395 999856250
348 585 998514720
965 966 996159781
230 643 996386517
545 12 927098262
183 889 996705166
502 58 999023921
677 773 999854516
318 817 997277651
981 994 996786160
467 92 995516314
734 139 577141399
987 701 996733979
683 765 996345788
103 61 998340139
965 573 618992720
477 402 851166858
727 343 788352136
14 792 997918005
86 8 996569101
561 666 998507962
249 135 997034169
523 963 12227017
980 981 996724906
541 615 997036323
65 617 835178937
990 966 999881778
944 415 996849659
137 925 997502468
39 750 554226991
942 972 997383301
13 323 997995717
489 48 961965675
511 748 996673821
527 30 716113419
533 731 995937996
984 771 997142245
480 977 999352625
594 346 999304329
723 803 999901403
381 990 999100040
755 526 997904682
81 909 996332648
756 664 999754334
344 627 666469611
671 981 633165757
835 664 997120908
900 549 996255529
842 411 997386052
395 803 998858703
627 807 996180992
399 517 623715215
367 266 998491136
575 913 999966607
688 397 996559444
216 823 997935479
742 645 996940333
795 329 999650788
526 596 996554791
698 842 998638493
782 143 995932517
934 840 996419349
644 235 999256504
280 900 996635864
976 969 998992598
835 924 997688486
875 405 881817505
813 862 998488436
56 305 999846748
861 899 998651263
680 437 398145738
804 748 996497315
595 296 999002819
752 834 996697578
66 255 997087482
240 815 996536473
834 990 997934483
832 659 996470128
952 789 995727820
970 765 996887957
473 744 997121617
748 468 999226281
357 835 998925752
887 340 996227658
477 362 997219439
203 84 105458014
626 501 999821368
908 617 997897645
219 815 996424040
675 529 999410915
412 68 999251552
525 495 679749398
565 324 995724499
587 22 83145224
937 914 996807839
592 883 88951320
896 239 842416016
107 688 997634116
295 231 998637417
813 158 996495197
390 962 997936993
72 198 998312955
503 72 467860974
135 60 997931687
202 452 997777873
838 869 996133647
340 729 996607270
785 930 998739425
583 165 999092874
858 772 995561487
965 442 998968340
320 522 997280481
822 16 939398961
963 918 999791520
566 825 140127278
384 643 997329993
870 951 996609292
197 736 997152408
647 717 999943475
348 251 604038507
86 24 757039718
410 826 999239303
695 389 997108501
415 813 996420130
23 372 997429020
994 201 995711590
291 347 997899095
593 344 997251138
147 501 217073743
664 881 997337117
175 760 997010207
640 191 967840826
380 54 999389827
994 998 999066775
454 806 999469619
979 666 999722181
925 643 109300646
586 719 999971781
622 79 998839913
876 961 997466097
949 495 771651580
862 980 996866617
705 326 279647725
954 293 944688791
989 961 996481783
71 836 995542807
927 75 995650030
745 307 905549501
892 517 791731063
221 311 997714043
721 196 998212183
653 832 865699016
862 797 999188139
625 729 997843591
788 990 996341951
25 550 624676000
808 740 998370321
863 143 995808795
731 377 695170648
536 581 998797004
966 928 997771235
636 607 998221449
934 665 996488556
88 937 999399940
102 476 538033602
709 840 592044609
799 313 997874267
232 115 519073515
976 988 999902849
553 271 996072419
717 887 997920914
233 459 999707158
804 561 998864852
201 233 998229758
905 76 999432834
570 344 997161964
660 163 996635285
905 995 997495775
968 980 997144639
368 103 999660872
952 780 998106933
72 758 996045010
857 981 998057663
951 637 997734345
715 829 999308256
164 3 998113498
451 881 871364126
836 560 997173183
989 881 998839429
925 971 998192958
198 373 999390964
1000 687 995716938
810 802 998823238
381 106 999338598
996 954 999700055
761 956 999424685
926 1000 996466507
116 978 996802046
617 986 998297904
700 189 996824224
425 806 995896394
689 157 995817391
485 516 999319299
980 306 996666373
11 974 996872251
98 507 999299849
957 889 998387866
285 869 997379378
264 151 518786046
915 960 998352465
130 138 996014917
960 947 999356194
802 809 999067491
127 65 157991631
71 755 995630254
295 110 456088608
517 701 995735912
861 12 998956453
33 995 996503778
356 122 729236283
748 835 997776159
993 143 999428727
59 818 997201884
959 968 999411866
601 261 997825980
947 90 134534010
880 458 592044609
1000 321 996963243
200 651 997907837
948 955 997260860
560 523 999197881
894 919 998400316
904 340 995900785
315 937 998781328
737 344 997234656
529 769 997834366
893 636 999937460
587 764 998114984
737 709 995777876
213 649 998752009
925 853 997385235
768 861 995822690
988 973 996354341
82 72 996531294
781 818 996209115
710 512 996751824
265 887 998810554
677 892 996725423
709 21 996784457
